batch_id,selected_request_id,origin,destination,max_wait,time_window_start,time_window_start_hhmm,time_window_end,time_window_end_hhmm,Transportation_min,Joby_min,Transportation_Joby_time_saving,pending_count,final_cost(원),assigned_vehicle,pickup_time,pickup_time_hhmm,delivery_time,delivery_time_hhmm,final_status
B1,,6,2,5,35,06:15,40,06:20,80,13,67,2,145161,,,,,,Overdue
B2,,10,3,7,40,06:20,47,06:27,101,17,84,2,145255,,,,,,Overdue
B3,,1,10,5,40,06:20,45,06:25,55,16,39,2,152169,,,,,,Overdue
B4,,4,9,5,44,06:24,49,06:29,102,18,84,2,145367,,,,,,Overdue
B5,,9,4,5,46,06:26,51,06:31,99,18,81,2,145552,,,,,,Overdue
B6,,6,7,5,44,06:24,49,06:29,90,14,76,2,142477,,,,,,Overdue
B7,,9,4,5,52,06:32,57,06:37,99,17,82,1,141350,,,,,,Overdue
B8,,5,9,5,55,06:35,60,06:40,103,19,84,2,145144,,,,,,Overdue
B9,R9,6,2,5,49,06:29,54,06:34,80,13,67,0,270800,5.0,36.0,06:16,50.0,06:30,Complete
B10,,4,10,4,51,06:31,55,06:35,75,14,61,1,142978,,,,,,Overdue
B11,,1,10,5,54,06:34,59,06:39,55,16,39,1,143784,,,,,,Overdue
B12,,10,3,7,57,06:37,64,06:44,101,17,84,2,145255,,,,,,Overdue
B13,,6,7,5,58,06:38,63,06:43,90,15,75,2,142590,,,,,,Overdue
B14,,10,4,5,58,06:38,63,06:43,66,14,52,2,150301,,,,,,Overdue
B15,R15,4,9,5,66,06:46,71,06:51,102,18,84,1,282717,3.0,48.0,06:28,66.0,06:46,Complete
B16,R16,10,3,7,65,06:45,72,06:52,101,17,84,1,282505,9.0,48.0,06:28,66.0,06:46,Complete
B17,,2,6,4,64,06:44,68,06:48,85,13,72,1,140369,,,,,,Overdue
B18,,4,10,4,66,06:46,70,06:50,75,14,61,1,142978,,,,,,Overdue
B19,,1,8,6,68,06:48,74,06:54,93,14,79,1,140602,,,,,,Overdue
B20,R20,1,10,5,76,06:56,81,07:01,55,16,39,1,143784,0.0,60.0,06:40,81.0,07:01,Complete
B21,R21,10,3,7,77,06:57,84,07:04,101,17,84,1,141252,19.0,60.0,06:40,82.0,07:02,Complete
B22,,4,10,4,75,06:55,79,06:59,75,14,61,1,142978,,,,,,Overdue
B23,R23,10,3,7,78,06:58,85,07:05,101,17,84,1,141252,39.0,61.0,06:41,83.0,07:03,Complete
B24,,4,10,4,76,06:56,80,07:00,75,14,61,2,148507,,,,,,Overdue
B25,,7,10,5,81,07:01,86,07:06,81,18,63,2,138365,,,,,,Overdue
B26,R26,10,3,7,81,07:01,88,07:08,101,17,84,1,282505,19.0,64.0,06:44,85.0,07:05,Complete
B27,R27,1,10,5,80,07:00,85,07:05,55,15,40,1,143575,0.0,65.0,06:45,84.0,07:04,Complete
B28,,5,9,5,84,07:04,89,07:09,103,19,84,2,145144,,,,,,Overdue
B29,R29,10,3,7,82,07:02,89,07:09,101,17,84,1,141252,39.0,65.0,06:45,86.0,07:06,Complete
B30,,2,10,5,84,07:04,89,07:09,104,18,86,2,142781,,,,,,Overdue
B31,R31,4,9,5,84,07:04,89,07:09,102,18,84,1,141358,43.0,66.0,06:46,89.0,07:09,Complete
B32,,6,2,5,79,06:59,84,07:04,80,13,67,2,145161,,,,,,Overdue
B33,,3,10,6,86,07:06,92,07:12,93,17,76,2,144967,,,,,,Overdue
B34,,4,10,4,84,07:04,88,07:08,75,14,61,2,148507,,,,,,Overdue
B35,R35,10,3,7,87,07:07,94,07:14,101,17,84,1,141252,49.0,70.0,06:50,94.0,07:14,Complete
B36,R36,4,9,5,88,07:08,93,07:13,102,17,85,0,137350,43.0,71.0,06:51,92.0,07:12,Complete
B37,R37,10,3,7,93,07:13,100,07:20,101,17,84,0,137250,49.0,76.0,06:56,97.0,07:17,Complete
B38,,10,4,5,92,07:12,97,07:17,66,14,52,1,143825,,,,,,Overdue
B39,,10,9,6,102,07:22,108,07:28,106,21,85,2,123088,,,,,,Overdue
B40,,1,9,8,101,07:21,109,07:29,104,18,86,2,145069,,,,,,Overdue
B41,R41,5,1,5,92,07:12,97,07:17,31,9,22,1,151122,4.0,83.0,07:03,94.0,07:14,Complete
B42,R42,9,6,5,105,07:25,110,07:30,125,22,103,1,135743,3.0,83.0,07:03,110.0,07:30,Complete
B43,R43,6,1,5,93,07:13,98,07:18,27,9,18,1,308155,25.0,84.0,07:04,97.0,07:17,Complete
B44,R44,6,1,5,95,07:15,100,07:20,27,9,18,1,154077,25.0,87.0,07:07,100.0,07:20,Complete
B45,,6,3,5,98,07:18,103,07:23,85,12,73,2,144472,,,,,,Overdue
B46,R46,9,6,5,109,07:29,114,07:34,125,22,103,1,271487,3.0,87.0,07:07,113.0,07:33,Complete
B47,R47,6,7,6,102,07:22,108,07:28,90,14,76,1,276527,15.0,88.0,07:08,108.0,07:28,Complete
B48,,7,10,5,106,07:26,111,07:31,81,18,63,2,138365,,,,,,Overdue
B49,,10,9,6,109,07:29,115,07:35,106,21,85,2,123088,,,,,,Overdue
B50,R50,2,4,4,99,07:19,103,07:23,55,8,47,0,138150,1.0,91.0,07:11,100.0,07:20,Complete
B51,R51,6,1,5,100,07:20,105,07:25,27,9,18,0,135800,35.0,91.0,07:11,101.0,07:21,Complete
B52,R52,6,7,6,108,07:28,114,07:34,90,15,75,0,134050,15.0,93.0,07:13,111.0,07:31,Complete
B53,R53,8,2,5,105,07:25,110,07:30,37,12,25,0,271100,7.0,93.0,07:13,106.0,07:26,Complete
B54,,6,7,6,112,07:32,118,07:38,90,15,75,1,138320,,,,,,Overdue
B55,R55,3,8,4,112,07:32,116,07:36,52,12,40,1,142225,9.0,100.0,07:20,113.0,07:33,Complete
B56,,6,7,6,116,07:36,122,07:42,90,15,75,2,142590,,,,,,Overdue
B57,R57,5,7,5,114,07:34,119,07:39,56,12,44,1,143945,14.0,102.0,07:22,119.0,07:39,Complete
B58,,6,1,5,111,07:31,116,07:36,27,9,18,1,154077,,,,,,Overdue
B59,R59,8,2,5,114,07:34,119,07:39,37,12,25,1,148660,17.0,102.0,07:22,115.0,07:35,Complete
B60,R60,8,2,5,115,07:35,120,07:40,37,12,25,1,148660,27.0,103.0,07:23,116.0,07:36,Complete
B61,R61,2,4,4,112,07:32,116,07:36,55,8,47,1,145400,5.0,104.0,07:24,113.0,07:33,Complete
B62,R62,3,8,4,116,07:36,120,07:40,52,12,40,1,142225,12.0,104.0,07:24,117.0,07:37,Complete
B63,,6,1,5,113,07:33,118,07:38,27,9,18,1,154077,,,,,,Overdue
B64,R64,7,4,4,113,07:33,117,07:37,76,9,67,1,141677,16.0,104.0,07:24,114.0,07:34,Complete
B65,,10,9,6,125,07:45,131,07:51,106,21,85,2,123088,,,,,,Overdue
B66,,6,2,5,118,07:38,123,07:43,80,13,67,2,145161,,,,,,Overdue
B67,,6,3,5,117,07:37,122,07:42,85,12,73,2,144472,,,,,,Overdue
B68,,9,6,5,127,07:47,132,07:52,125,22,103,2,138787,,,,,,Overdue
B69,R69,5,7,5,118,07:38,123,07:43,56,12,44,1,143945,14.0,106.0,07:26,122.0,07:42,Complete
B70,,6,1,5,117,07:37,122,07:42,27,9,18,2,172355,,,,,,Overdue
B71,R71,6,1,5,118,07:38,123,07:43,27,9,18,1,154077,10.0,109.0,07:29,123.0,07:43,Complete
B72,,6,2,5,122,07:42,127,07:47,80,13,67,2,145161,,,,,,Overdue
B73,,10,3,6,126,07:46,132,07:52,101,17,84,2,145255,,,,,,Overdue
B74,R74,6,1,5,119,07:39,124,07:44,27,9,18,1,154077,45.0,110.0,07:30,124.0,07:44,Complete
B75,R75,7,4,4,119,07:39,123,07:43,76,9,67,1,283355,6.0,110.0,07:30,120.0,07:40,Complete
B76,R76,6,1,5,121,07:41,126,07:46,27,9,18,0,271600,3.0,116.0,07:36,126.0,07:46,Complete
B77,R77,6,3,5,124,07:44,129,07:49,85,12,73,0,135500,25.0,112.0,07:32,128.0,07:48,Complete
B78,R78,2,5,8,124,07:44,132,07:52,69,11,58,0,137950,31.0,113.0,07:33,130.0,07:50,Complete
B79,R79,6,1,5,122,07:42,127,07:47,27,9,18,0,135800,10.0,113.0,07:33,126.0,07:46,Complete
B80,R80,6,1,5,123,07:43,128,07:48,27,9,18,0,271600,45.0,114.0,07:34,127.0,07:47,Complete
B81,R81,7,5,7,126,07:46,133,07:53,56,12,44,1,143945,46.0,120.0,07:40,133.0,07:53,Complete
B82,,8,2,5,126,07:46,131,07:51,37,12,25,1,148660,,,,,,Overdue
B83,,10,9,6,135,07:55,141,08:01,106,21,85,2,123088,,,,,,Overdue
B84,,3,8,4,127,07:47,131,07:51,52,12,40,1,142225,,,,,,Overdue
B85,R85,6,3,5,127,07:47,132,07:52,85,12,73,0,135500,25.0,115.0,07:35,131.0,07:51,Complete
B86,,1,10,5,132,07:52,137,07:57,55,16,39,1,143784,,,,,,Overdue
B87,,8,4,5,130,07:50,135,07:55,95,14,81,1,140392,,,,,,Overdue
B88,,3,9,4,134,07:54,138,07:58,108,17,91,1,139520,,,,,,Overdue
B89,,6,1,5,126,07:46,131,07:51,27,9,18,1,154077,,,,,,Overdue
B90,R90,7,4,4,126,07:46,130,07:50,76,9,67,0,136700,15.0,117.0,07:37,127.0,07:47,Complete
B91,,10,9,6,138,07:58,144,08:04,106,21,85,2,123088,,,,,,Overdue
B92,R92,2,4,4,127,07:47,131,07:51,55,8,47,0,138150,7.0,119.0,07:39,128.0,07:48,Complete
B93,R93,3,5,8,129,07:49,137,07:57,58,10,48,0,138050,31.0,119.0,07:39,133.0,07:53,Complete
B94,,6,3,5,131,07:51,136,07:56,85,12,73,1,139986,,,,,,Overdue
B95,R95,8,2,5,131,07:51,136,07:56,37,12,25,1,148660,37.0,120.0,07:40,133.0,07:53,Complete
B96,R96,9,6,5,142,08:02,147,08:07,125,22,103,1,271487,8.0,120.0,07:40,143.0,08:03,Complete
B97,R97,2,6,4,137,07:57,141,08:01,85,13,72,1,140369,21.0,124.0,07:44,138.0,07:58,Complete
B98,R98,3,8,4,136,07:56,140,08:00,52,12,40,1,142225,39.0,124.0,07:44,137.0,07:57,Complete
B99,,6,2,5,138,07:58,143,08:03,80,13,67,2,145161,,,,,,Overdue
B100,R100,6,7,6,140,08:00,146,08:06,90,15,75,1,138320,30.0,127.0,07:47,145.0,08:05,Complete
B101,,6,1,5,135,07:55,140,08:00,27,9,18,2,172355,,,,,,Overdue
B102,R102,7,4,4,135,07:55,139,07:59,76,9,67,1,141677,14.0,126.0,07:46,136.0,07:56,Complete
B103,,6,1,5,136,07:56,141,08:01,27,9,18,2,172355,,,,,,Overdue
B104,R104,6,7,6,142,08:02,148,08:08,90,14,76,1,138263,30.0,130.0,07:50,148.0,08:08,Complete
B105,R105,2,5,8,140,08:00,148,08:08,69,10,59,1,143708,17.0,130.0,07:50,141.0,08:01,Complete
B106,,6,1,5,140,08:00,145,08:05,27,9,18,1,154077,,,,,,Overdue
B107,,6,3,5,143,08:03,148,08:08,85,12,73,1,139986,,,,,,Overdue
B108,,6,9,7,153,08:13,160,08:20,128,22,106,2,140584,,,,,,Overdue
B109,,6,1,5,141,08:01,146,08:06,27,9,18,1,154077,,,,,,Overdue
B110,,6,9,7,154,08:14,161,08:21,128,22,106,2,140584,,,,,,Overdue
B111,R111,7,4,4,142,08:02,146,08:06,76,9,67,0,136700,26.0,133.0,07:53,143.0,08:03,Complete
B112,,6,7,6,148,08:08,154,08:14,90,14,76,1,138263,,,,,,Overdue
B113,,6,9,7,156,08:16,163,08:23,128,22,106,2,140584,,,,,,Overdue
B114,R114,5,7,5,148,08:08,153,08:13,56,12,44,1,143945,44.0,140.0,08:00,153.0,08:13,Complete
B115,R115,8,2,5,148,08:08,153,08:13,37,12,25,1,148660,47.0,140.0,08:00,153.0,08:13,Complete
B116,R116,8,2,5,150,08:10,155,08:15,37,12,25,0,135550,9.0,138.0,07:58,154.0,08:14,Complete
B117,,9,6,5,160,08:20,165,08:25,125,22,103,2,138787,,,,,,Overdue
B118,,6,7,6,154,08:14,160,08:20,90,15,75,2,142590,,,,,,Overdue
B119,,6,1,5,149,08:09,154,08:14,27,9,18,1,154077,,,,,,Overdue
B120,,6,3,5,152,08:12,157,08:17,85,12,73,1,139986,,,,,,Overdue
B121,R121,7,4,5,149,08:09,154,08:14,76,9,67,1,141677,36.0,140.0,08:00,150.0,08:10,Complete
B122,R122,8,2,6,153,08:13,159,08:19,37,12,25,1,445980,12.0,141.0,08:01,154.0,08:14,Complete
B123,,8,5,6,156,08:16,162,08:22,78,15,63,2,138712,,,,,,Overdue
B124,R124,3,4,5,151,08:11,156,08:16,44,9,35,1,148000,37.0,143.0,08:03,156.0,08:16,Complete
B125,R125,5,3,6,152,08:12,158,08:18,62,10,52,1,144593,31.0,142.0,08:02,158.0,08:18,Complete
B126,R126,6,1,5,151,08:11,156,08:16,27,9,18,1,308155,8.0,146.0,08:06,156.0,08:16,Complete
B127,,7,6,6,156,08:16,162,08:22,86,14,72,2,142433,,,,,,Overdue
B128,,8,4,6,156,08:16,162,08:22,95,14,81,2,144485,,,,,,Overdue
B129,R129,3,8,4,155,08:15,159,08:19,52,12,40,1,142225,25.0,143.0,08:03,159.0,08:19,Complete
B130,R130,8,1,6,157,08:17,163,08:23,73,14,59,1,284054,39.0,143.0,08:03,161.0,08:21,Complete
B131,R131,2,5,10,154,08:14,164,08:24,69,10,59,1,143708,5.0,146.0,08:06,157.0,08:17,Complete
B132,,3,4,5,153,08:13,158,08:18,44,9,35,1,148000,,,,,,Overdue
B133,R133,8,1,6,158,08:18,164,08:24,73,14,59,1,142027,39.0,146.0,08:06,164.0,08:24,Complete
B134,R134,3,4,5,154,08:14,159,08:19,44,9,35,1,148000,35.0,146.0,08:06,159.0,08:19,Complete
B135,R135,3,5,7,155,08:15,162,08:22,58,10,48,1,145138,20.0,146.0,08:06,157.0,08:17,Complete
B136,R136,5,3,6,155,08:15,161,08:21,62,10,52,1,144593,17.0,145.0,08:05,159.0,08:19,Complete
B137,R137,6,1,5,154,08:14,159,08:19,27,9,18,1,308155,21.0,145.0,08:05,159.0,08:19,Complete
B138,,6,3,5,157,08:17,162,08:22,85,12,73,2,144472,,,,,,Overdue
B139,,7,4,5,154,08:14,159,08:19,76,9,67,1,141677,,,,,,Overdue
B140,,8,1,6,159,08:19,165,08:25,73,14,59,2,147654,,,,,,Overdue
B141,,10,9,8,166,08:26,174,08:34,106,21,85,2,123088,,,,,,Overdue
B142,R142,2,4,5,154,08:14,159,08:19,55,8,47,1,145400,11.0,146.0,08:06,155.0,08:15,Complete
B143,R143,3,1,5,154,08:14,159,08:19,53,8,45,1,146000,42.0,146.0,08:06,159.0,08:19,Complete
B144,R144,3,4,5,155,08:15,160,08:20,44,9,35,1,148000,37.0,146.0,08:06,159.0,08:19,Complete
B145,R145,3,9,5,163,08:23,168,08:28,108,17,91,1,139520,25.0,146.0,08:06,168.0,08:28,Complete
B146,R146,6,3,5,158,08:18,163,08:23,85,12,73,1,279972,4.0,147.0,08:07,160.0,08:20,Complete
B147,,7,4,5,155,08:15,160,08:20,76,9,67,2,146655,,,,,,Overdue
B148,,8,1,6,160,08:20,166,08:26,73,14,59,2,147654,,,,,,Overdue
B149,,8,4,6,160,08:20,166,08:26,95,14,81,2,144485,,,,,,Overdue
B150,,10,9,8,167,08:27,175,08:35,106,21,85,2,123088,,,,,,Overdue
B151,R151,5,3,6,157,08:17,163,08:23,62,10,52,1,289186,31.0,147.0,08:07,161.0,08:21,Complete
B152,R152,8,2,6,159,08:19,165,08:25,37,12,25,1,148660,48.0,147.0,08:07,163.0,08:23,Complete
B153,,9,1,8,165,08:25,173,08:33,102,18,84,2,145144,,,,,,Overdue
B154,R154,9,4,6,164,08:24,170,08:30,99,17,82,1,141350,43.0,147.0,08:07,170.0,08:30,Complete
B155,R155,3,4,5,157,08:17,162,08:22,44,9,35,1,148000,35.0,149.0,08:09,162.0,08:22,Complete
B156,R156,5,3,6,158,08:18,164,08:24,62,10,52,1,433779,17.0,148.0,08:08,162.0,08:22,Complete
B157,R157,6,1,5,158,08:18,163,08:23,27,9,18,1,154077,21.0,149.0,08:09,162.0,08:22,Complete
B158,,8,1,6,163,08:23,169,08:29,73,14,59,2,147654,,,,,,Overdue
B159,R159,8,2,6,161,08:21,167,08:27,37,12,25,1,148660,48.0,150.0,08:10,166.0,08:26,Complete
B160,R160,3,1,5,158,08:18,163,08:23,53,8,45,1,146000,42.0,150.0,08:10,162.0,08:22,Complete
B161,R161,7,4,5,159,08:19,164,08:24,76,9,67,1,141677,30.0,151.0,08:11,164.0,08:24,Complete
B162,,7,6,6,164,08:24,170,08:30,86,14,72,2,142433,,,,,,Overdue
B163,R163,3,4,5,160,08:20,165,08:25,44,9,35,0,138250,19.0,151.0,08:11,165.0,08:25,Complete
B164,,5,2,6,162,08:22,168,08:28,66,11,55,1,144127,,,,,,Overdue
B165,R165,5,3,6,161,08:21,167,08:27,62,10,52,0,138050,24.0,151.0,08:11,166.0,08:26,Complete
B166,,8,2,6,163,08:23,169,08:29,37,12,25,1,148660,,,,,,Overdue
B167,,8,4,6,164,08:24,170,08:30,95,13,82,1,140342,,,,,,Overdue
B168,R168,3,4,5,161,08:21,166,08:26,44,9,35,0,138250,45.0,152.0,08:12,165.0,08:25,Complete
B169,R169,6,1,5,161,08:21,166,08:26,27,9,18,0,135800,1.0,152.0,08:12,165.0,08:25,Complete
B170,,6,4,5,161,08:21,166,08:26,58,9,49,1,140695,,,,,,Overdue
B171,R171,5,3,6,163,08:23,169,08:29,62,10,52,0,276100,34.0,153.0,08:13,164.0,08:24,Complete
B172,R172,7,4,5,162,08:22,167,08:27,76,9,67,0,136700,30.0,154.0,08:14,167.0,08:27,Complete
B173,R173,3,4,5,163,08:23,168,08:28,44,9,35,0,138250,45.0,155.0,08:15,168.0,08:28,Complete
B174,,3,9,5,171,08:31,176,08:36,108,17,91,1,139520,,,,,,Overdue
B175,R175,6,1,5,163,08:23,168,08:28,27,9,18,0,135800,1.0,155.0,08:15,168.0,08:28,Complete
B176,R176,7,4,5,163,08:23,168,08:28,76,9,67,0,136700,16.0,154.0,08:14,167.0,08:27,Complete
B177,R177,2,1,5,164,08:24,169,08:29,53,9,44,0,138250,41.0,155.0,08:15,169.0,08:29,Complete
B178,R178,3,4,5,164,08:24,169,08:29,44,9,35,0,276500,19.0,155.0,08:15,168.0,08:28,Complete
B179,R179,5,3,6,165,08:25,171,08:31,62,10,52,0,414150,24.0,155.0,08:15,169.0,08:29,Complete
B180,,6,4,5,164,08:24,169,08:29,58,9,49,1,140695,,,,,,Overdue
B181,R181,8,4,6,168,08:28,174,08:34,95,13,82,0,136300,43.0,156.0,08:16,173.0,08:33,Complete
B182,,10,9,8,176,08:36,184,08:44,106,21,85,2,123088,,,,,,Overdue
B183,,6,1,5,165,08:25,170,08:30,27,9,18,1,154077,,,,,,Overdue
B184,R184,2,4,5,165,08:25,170,08:30,55,8,47,0,138150,9.0,157.0,08:17,169.0,08:29,Complete
B185,,6,1,5,166,08:26,171,08:31,27,9,18,1,154077,,,,,,Overdue
B186,,6,7,6,172,08:32,178,08:38,90,15,75,1,138320,,,,,,Overdue
B187,R187,7,4,5,166,08:26,171,08:31,76,9,67,0,136700,16.0,157.0,08:17,170.0,08:30,Complete
B188,R188,9,6,7,179,08:39,186,08:46,125,22,103,1,271487,38.0,160.0,08:20,186.0,08:46,Complete
B189,R189,3,4,5,167,08:27,172,08:32,44,9,35,0,138250,3.0,158.0,08:18,171.0,08:31,Complete
B190,,1,9,9,177,08:37,186,08:46,104,18,86,2,145069,,,,,,Overdue
B191,R191,2,1,5,168,08:28,173,08:33,53,9,44,0,138250,41.0,159.0,08:19,172.0,08:32,Complete
B192,R192,2,4,5,167,08:27,172,08:32,55,8,47,1,145400,12.0,160.0,08:20,172.0,08:32,Complete
B193,,3,8,4,171,08:31,175,08:35,52,12,40,1,142225,,,,,,Overdue
B194,R194,5,3,6,169,08:29,175,08:35,62,10,52,0,138050,46.0,159.0,08:19,173.0,08:33,Complete
B195,,6,7,6,174,08:34,180,08:40,90,15,75,2,142590,,,,,,Overdue
B196,,8,3,6,171,08:31,177,08:37,54,12,42,1,143241,,,,,,Overdue
B197,R197,9,6,7,181,08:41,188,08:48,125,22,103,0,132700,28.0,159.0,08:19,188.0,08:48,Complete
B198,R198,3,4,5,169,08:29,174,08:34,44,9,35,1,148000,49.0,160.0,08:20,174.0,08:34,Complete
B199,R199,3,9,5,177,08:37,182,08:42,108,17,91,1,279041,32.0,160.0,08:20,178.0,08:38,Complete
B200,R200,3,1,5,169,08:29,174,08:34,53,8,45,1,292000,2.0,161.0,08:21,170.0,08:30,Complete
B201,R201,7,1,5,170,08:30,175,08:35,68,9,59,1,142461,44.0,161.0,08:21,174.0,08:34,Complete
B202,,2,1,5,171,08:31,176,08:36,53,9,44,1,146005,,,,,,Overdue
B203,R203,2,4,5,170,08:30,175,08:35,55,8,47,1,145400,12.0,163.0,08:23,175.0,08:35,Complete
B204,R204,5,3,6,172,08:32,178,08:38,62,10,52,1,144593,7.0,166.0,08:26,177.0,08:37,Complete
B205,,6,1,5,171,08:31,176,08:36,27,9,18,1,154077,,,,,,Overdue
B206,,7,4,5,171,08:31,176,08:36,76,9,67,1,141677,,,,,,Overdue
B207,,9,1,8,180,08:40,188,08:48,102,18,84,2,145144,,,,,,Overdue
B208,R208,3,4,5,172,08:32,177,08:37,44,9,35,1,296000,4.0,163.0,08:23,176.0,08:36,Complete
B209,,6,1,5,172,08:32,177,08:37,27,9,18,1,154077,,,,,,Overdue
B210,R210,7,1,5,172,08:32,177,08:37,68,9,59,1,142461,44.0,164.0,08:24,177.0,08:37,Complete
B211,,8,2,6,175,08:35,181,08:41,37,12,25,2,161770,,,,,,Overdue
B212,R212,2,4,5,172,08:32,177,08:37,55,8,47,1,145400,27.0,164.0,08:24,177.0,08:37,Complete
B213,R213,3,4,5,173,08:33,178,08:38,44,9,35,1,148000,49.0,164.0,08:24,177.0,08:37,Complete
B214,R214,5,3,6,174,08:34,180,08:40,62,10,52,1,144593,5.0,164.0,08:24,180.0,08:40,Complete
B215,,6,1,5,173,08:33,178,08:38,27,9,18,1,154077,,,,,,Overdue
B216,,9,1,8,182,08:42,190,08:50,102,18,84,2,145144,,,,,,Overdue
B217,R217,3,4,5,174,08:34,179,08:39,44,9,35,1,296000,4.0,166.0,08:26,179.0,08:39,Complete
B218,R218,5,3,6,175,08:35,181,08:41,62,10,52,1,144593,33.0,166.0,08:26,180.0,08:40,Complete
B219,,9,4,6,182,08:42,188,08:48,99,17,82,2,145451,,,,,,Overdue
B220,R220,4,2,5,174,08:34,179,08:39,78,8,70,1,285821,6.0,166.0,08:26,175.0,08:35,Complete
B221,,4,9,6,184,08:44,190,08:50,102,18,84,2,145367,,,,,,Overdue
B222,,7,4,5,175,08:35,180,08:40,76,9,67,2,146655,,,,,,Overdue
B223,,8,4,6,180,08:40,186,08:46,95,14,81,2,144485,,,,,,Overdue
B224,R224,9,7,5,180,08:40,185,08:45,86,14,72,1,141011,18.0,166.0,08:26,185.0,08:45,Complete
B225,,2,1,5,176,08:36,181,08:41,53,9,44,2,153761,,,,,,Overdue
B226,R226,3,1,5,175,08:35,180,08:40,53,8,45,1,146000,34.0,167.0,08:27,179.0,08:39,Complete
B227,,6,1,5,176,08:36,181,08:41,27,9,18,2,172355,,,,,,Overdue
B228,,7,4,5,176,08:36,181,08:41,76,9,67,2,146655,,,,,,Overdue
B229,,8,2,6,179,08:39,185,08:45,37,12,25,2,161770,,,,,,Overdue
B230,,8,5,6,182,08:42,188,08:48,78,15,63,2,138712,,,,,,Overdue
B231,R231,9,7,5,181,08:41,186,08:46,86,14,72,1,141011,25.0,171.0,08:31,186.0,08:46,Complete
B232,R232,2,5,10,178,08:38,188,08:48,69,10,59,1,143708,27.0,168.0,08:28,186.0,08:46,Complete
B233,,3,4,5,177,08:37,182,08:42,44,9,35,2,157750,,,,,,Overdue
B234,R234,5,3,6,178,08:38,184,08:44,62,10,52,1,144593,33.0,169.0,08:29,183.0,08:43,Complete
B235,R235,6,1,5,177,08:37,182,08:42,27,9,18,1,308155,8.0,168.0,08:28,181.0,08:41,Complete
B236,,6,2,6,181,08:41,187,08:47,80,13,67,2,145161,,,,,,Overdue
B237,,7,4,5,177,08:37,182,08:42,76,9,67,2,146655,,,,,,Overdue
B238,R238,2,4,5,177,08:37,182,08:42,55,8,47,1,145400,47.0,169.0,08:29,178.0,08:38,Complete
B239,R239,3,1,5,177,08:37,182,08:42,53,8,45,1,146000,34.0,170.0,08:30,182.0,08:42,Complete
B240,R240,5,3,6,179,08:39,185,08:45,62,10,52,1,289186,5.0,169.0,08:29,183.0,08:43,Complete
B241,,8,4,6,182,08:42,188,08:48,95,13,82,2,144385,,,,,,Overdue
B242,,8,5,6,184,08:44,190,08:50,78,15,63,2,138712,,,,,,Overdue
B243,R243,3,1,5,178,08:38,183,08:43,53,8,45,1,146000,31.0,170.0,08:30,182.0,08:42,Complete
B244,R244,3,4,5,179,08:39,184,08:44,44,9,35,1,296000,17.0,170.0,08:30,183.0,08:43,Complete
B245,,5,3,6,180,08:40,186,08:46,62,10,52,2,151136,,,,,,Overdue
B246,,8,4,6,184,08:44,190,08:50,95,14,81,2,144485,,,,,,Overdue
B247,R247,9,7,5,184,08:44,189,08:49,86,14,72,1,282022,18.0,170.0,08:30,188.0,08:48,Complete
B248,R248,6,1,5,180,08:40,185,08:45,27,9,18,0,271600,8.0,171.0,08:31,184.0,08:44,Complete
B249,,8,3,6,183,08:43,189,08:49,54,12,42,1,143241,,,,,,Overdue
B250,R250,3,1,5,180,08:40,185,08:45,53,8,45,0,138400,31.0,173.0,08:33,185.0,08:45,Complete
B251,R251,3,4,5,181,08:41,186,08:46,44,9,35,0,276500,17.0,173.0,08:33,186.0,08:46,Complete
B252,,6,4,5,181,08:41,186,08:46,58,9,49,1,140695,,,,,,Overdue
B253,R253,7,4,5,181,08:41,186,08:46,76,9,67,0,136700,42.0,172.0,08:32,185.0,08:45,Complete
B254,,8,3,6,184,08:44,190,08:50,54,12,42,1,143241,,,,,,Overdue
B255,,10,9,8,193,08:53,201,09:01,106,21,85,2,123088,,,,,,Overdue
B256,R256,3,4,5,182,08:42,187,08:47,44,9,35,0,276500,22.0,173.0,08:33,183.0,08:43,Complete
B257,,7,1,5,182,08:42,187,08:47,68,9,59,1,142461,,,,,,Overdue
B258,R258,6,1,5,183,08:43,188,08:48,27,9,18,0,271600,1.0,178.0,08:38,188.0,08:48,Complete
B259,,6,7,6,188,08:48,194,08:54,90,14,76,1,138263,,,,,,Overdue
B260,,8,5,6,190,08:50,196,08:56,78,16,62,1,134082,,,,,,Overdue
B261,R261,3,4,5,184,08:44,189,08:49,44,9,35,0,138250,24.0,175.0,08:35,188.0,08:48,Complete
B262,R262,7,4,5,184,08:44,189,08:49,76,9,67,0,136700,42.0,175.0,08:35,188.0,08:48,Complete
B263,,3,5,7,186,08:46,193,08:53,58,10,48,1,145138,,,,,,Overdue
B264,,9,7,5,190,08:50,195,08:55,86,14,72,1,141011,,,,,,Overdue
B265,R265,2,4,5,185,08:45,190,08:50,55,8,47,0,138150,48.0,177.0,08:37,189.0,08:49,Complete
B266,,6,3,5,189,08:49,194,08:54,85,12,73,1,139986,,,,,,Overdue
B267,,6,4,5,186,08:46,191,08:51,58,9,49,1,140695,,,,,,Overdue
B268,R268,3,4,5,187,08:47,192,08:52,44,9,35,0,276500,24.0,178.0,08:38,191.0,08:51,Complete
B269,,6,7,6,192,08:52,198,08:58,90,14,76,1,138263,,,,,,Overdue
B270,,7,4,5,187,08:47,192,08:52,76,9,67,1,141677,,,,,,Overdue
B271,,8,4,6,192,08:52,198,08:58,95,14,81,1,140392,,,,,,Overdue
B272,,2,4,5,187,08:47,192,08:52,55,8,47,1,145400,,,,,,Overdue
B273,R273,5,3,6,189,08:49,195,08:55,62,10,52,0,276100,20.0,179.0,08:39,193.0,08:53,Complete
B274,,6,1,5,188,08:48,193,08:53,27,9,18,1,154077,,,,,,Overdue
B275,,6,7,6,194,08:54,200,09:00,90,15,75,2,142590,,,,,,Overdue
B276,R276,3,4,5,189,08:49,194,08:54,44,9,35,1,148000,46.0,180.0,08:40,190.0,08:50,Complete
B277,,3,9,5,197,08:57,202,09:02,108,17,91,2,143141,,,,,,Overdue
B278,,5,2,6,190,08:50,196,08:56,66,10,56,1,144016,,,,,,Overdue
B279,,8,5,6,196,08:56,202,09:02,78,16,62,2,138864,,,,,,Overdue
B280,,2,1,5,190,08:50,195,08:55,53,9,44,1,146005,,,,,,Overdue
B281,,3,9,5,198,08:58,203,09:03,108,17,91,2,143141,,,,,,Overdue
B282,R282,5,3,6,191,08:51,197,08:57,62,10,52,1,289186,3.0,186.0,08:46,197.0,08:57,Complete
B283,,7,1,5,190,08:50,195,08:55,68,9,59,1,142461,,,,,,Overdue
B284,,6,7,6,196,08:56,202,09:02,90,14,76,2,142477,,,,,,Overdue
B285,,8,4,6,196,08:56,202,09:02,95,14,81,2,144485,,,,,,Overdue
B286,,9,6,7,204,09:04,211,09:11,125,22,103,2,138787,,,,,,Overdue
B287,R287,5,3,6,193,08:53,199,08:59,62,10,52,1,144593,9.0,186.0,08:46,197.0,08:57,Complete
B288,,6,1,5,192,08:52,197,08:57,27,9,18,1,154077,,,,,,Overdue
B289,,6,4,5,192,08:52,197,08:57,58,9,49,1,140695,,,,,,Overdue
B290,,8,2,6,195,08:55,201,09:01,37,12,25,2,161770,,,,,,Overdue
B291,,8,3,6,195,08:55,201,09:01,54,12,42,2,151033,,,,,,Overdue
B292,,2,1,5,193,08:53,198,08:58,53,9,44,1,146005,,,,,,Overdue
B293,,7,1,5,193,08:53,198,08:58,68,9,59,1,142461,,,,,,Overdue
B294,,8,1,6,198,08:58,204,09:04,73,14,59,2,147654,,,,,,Overdue
B295,R295,7,4,5,194,08:54,199,08:59,76,9,67,1,141677,25.0,189.0,08:49,199.0,08:59,Complete
B296,,8,1,6,199,08:59,205,09:05,73,14,59,2,147654,,,,,,Overdue
B297,,10,9,8,206,09:06,214,09:14,106,21,85,2,123088,,,,,,Overdue
B298,,2,1,5,195,08:55,200,09:00,53,9,44,2,153761,,,,,,Overdue
B299,R299,6,1,5,195,08:55,200,09:00,27,9,18,1,154077,16.0,187.0,08:47,200.0,09:00,Complete
B300,R300,3,1,5,195,08:55,200,09:00,53,8,45,1,146000,33.0,187.0,08:47,196.0,08:56,Complete
B301,,3,4,5,196,08:56,201,09:01,44,9,35,2,157750,,,,,,Overdue
B302,R302,6,1,5,196,08:56,201,09:01,27,9,18,1,154077,19.0,187.0,08:47,201.0,09:01,Complete
B303,R303,3,4,5,197,08:57,202,09:02,44,9,35,1,296000,5.0,188.0,08:48,198.0,08:58,Complete
B304,R304,6,1,5,198,08:58,203,09:03,27,9,18,1,154077,16.0,190.0,08:50,203.0,09:03,Complete
B305,,9,1,8,207,09:07,215,09:15,102,18,84,2,145144,,,,,,Overdue
B306,,9,7,5,203,09:03,208,09:08,86,14,72,2,145622,,,,,,Overdue
B307,,2,4,5,198,08:58,203,09:03,55,8,47,2,152650,,,,,,Overdue
B308,,2,1,5,200,09:00,205,09:05,53,9,44,1,146005,,,,,,Overdue
B309,,3,6,4,203,09:03,207,09:07,72,12,60,1,140958,,,,,,Overdue
B310,R310,6,1,5,200,09:00,205,09:05,27,9,18,0,135800,19.0,191.0,08:51,204.0,09:04,Complete
B311,,6,7,6,206,09:06,212,09:12,90,15,75,1,138320,,,,,,Overdue
B312,R312,6,1,5,201,09:01,206,09:06,27,9,18,0,543200,28.0,192.0,08:52,202.0,09:02,Complete
B313,,6,3,5,205,09:05,210,09:10,85,12,73,1,139986,,,,,,Overdue
B314,,8,5,6,208,09:08,214,09:14,78,15,63,1,134006,,,,,,Overdue
B315,R315,5,3,6,204,09:04,210,09:10,62,10,52,0,138050,27.0,194.0,08:54,208.0,09:08,Complete
B316,R316,6,1,5,203,09:03,208,09:08,27,9,18,0,135800,34.0,194.0,08:54,208.0,09:08,Complete
B317,,8,2,6,206,09:06,212,09:12,37,12,25,1,148660,,,,,,Overdue
B318,R318,2,4,5,203,09:03,208,09:08,55,8,47,0,138150,11.0,195.0,08:55,208.0,09:08,Complete
B319,R319,5,3,6,205,09:05,211,09:11,62,10,52,0,276100,27.0,197.0,08:57,211.0,09:11,Complete
B320,,8,1,6,209,09:09,215,09:15,73,14,59,1,142027,,,,,,Overdue
B321,,10,3,7,212,09:12,219,09:19,101,17,84,1,141252,,,,,,Overdue
B322,R322,2,1,5,205,09:05,210,09:10,53,9,44,0,138250,22.0,196.0,08:56,209.0,09:09,Complete
B323,,3,9,5,213,09:13,218,09:18,108,17,91,1,139520,,,,,,Overdue
B324,,6,7,6,210,09:10,216,09:16,90,14,76,1,138263,,,,,,Overdue
B325,,9,6,7,218,09:18,225,09:25,125,22,103,2,138787,,,,,,Overdue
B326,R326,1,2,4,206,09:06,210,09:10,57,9,48,0,138250,1.0,197.0,08:57,210.0,09:10,Complete
B327,,2,1,5,206,09:06,211,09:11,53,9,44,1,146005,,,,,,Overdue
B328,R328,3,1,5,205,09:05,210,09:10,53,8,45,0,276800,7.0,197.0,08:57,209.0,09:09,Complete
B329,R329,3,4,5,206,09:06,211,09:11,44,9,35,0,276500,20.0,197.0,08:57,210.0,09:10,Complete
B330,R330,5,3,6,207,09:07,213,09:13,62,10,52,0,138050,35.0,197.0,08:57,211.0,09:11,Complete
B331,,8,5,6,212,09:12,218,09:18,78,15,63,1,134006,,,,,,Overdue
B332,R332,2,1,5,207,09:07,212,09:12,53,9,44,0,138250,22.0,199.0,08:59,212.0,09:12,Complete
B333,R333,3,1,5,206,09:06,211,09:11,53,8,45,1,146000,3.0,200.0,09:00,209.0,09:09,Complete
B334,,3,4,5,207,09:07,212,09:12,44,9,35,1,148000,,,,,,Overdue
B335,,3,5,7,208,09:08,215,09:15,58,10,48,1,145138,,,,,,Overdue
B336,R336,5,2,6,208,09:08,214,09:14,66,10,56,0,275900,4.0,198.0,08:58,209.0,09:09,Complete
B337,R337,6,1,5,207,09:07,212,09:12,27,9,18,0,135800,34.0,198.0,08:58,211.0,09:11,Complete
B338,R338,9,7,5,212,09:12,217,09:17,86,14,72,1,141011,32.0,200.0,09:00,215.0,09:15,Complete
B339,R339,2,4,5,207,09:07,212,09:12,55,8,47,0,138150,11.0,199.0,08:59,211.0,09:11,Complete
B340,,6,3,5,211,09:11,216,09:16,85,12,73,1,139986,,,,,,Overdue
B341,R341,7,1,5,208,09:08,213,09:13,68,9,59,0,136800,18.0,199.0,08:59,212.0,09:12,Complete
B342,,8,4,6,212,09:12,218,09:18,95,13,82,1,140342,,,,,,Overdue
B343,R343,2,4,5,208,09:08,213,09:13,55,8,47,1,290800,6.0,200.0,09:00,213.0,09:13,Complete
B344,R344,3,1,5,208,09:08,213,09:13,53,8,45,1,146000,9.0,200.0,09:00,213.0,09:13,Complete
B345,,3,4,5,209,09:09,214,09:14,44,9,35,1,148000,,,,,,Overdue
B346,,5,3,6,210,09:10,216,09:16,62,10,52,1,144593,,,,,,Overdue
B347,,6,3,5,212,09:12,217,09:17,85,12,73,1,139986,,,,,,Overdue
B348,,7,1,5,211,09:11,216,09:16,68,9,59,1,142461,,,,,,Overdue
B349,,9,1,8,220,09:20,228,09:28,102,18,84,2,145144,,,,,,Overdue
B350,,2,4,5,211,09:11,216,09:16,55,8,47,1,145400,,,,,,Overdue
B351,R351,2,4,5,212,09:12,217,09:17,55,8,47,1,290800,6.0,204.0,09:04,216.0,09:16,Complete
B352,R352,3,1,5,212,09:12,217,09:17,53,8,45,1,146000,9.0,204.0,09:04,216.0,09:16,Complete
B353,,2,4,5,213,09:13,218,09:18,55,8,47,1,145400,,,,,,Overdue
B354,,3,4,5,214,09:14,219,09:19,44,9,35,1,148000,,,,,,Overdue
B355,,6,1,5,214,09:14,219,09:19,27,9,18,1,154077,,,,,,Overdue
B356,,2,1,5,215,09:15,220,09:20,53,9,44,2,153761,,,,,,Overdue
B357,R357,6,1,5,215,09:15,220,09:20,27,9,18,1,154077,38.0,206.0,09:06,220.0,09:20,Complete
B358,,7,10,5,224,09:24,229,09:29,81,18,63,2,138365,,,,,,Overdue
B359,,10,9,6,227,09:27,233,09:33,106,21,85,2,123088,,,,,,Overdue
B360,,2,4,5,215,09:15,220,09:20,55,8,47,2,152650,,,,,,Overdue
B361,,3,1,5,215,09:15,220,09:20,53,8,45,2,153600,,,,,,Overdue
B362,R362,4,2,5,216,09:16,221,09:21,78,8,70,1,142910,5.0,208.0,09:08,217.0,09:17,Complete
B363,R363,6,1,5,219,09:19,224,09:24,27,9,18,1,308155,38.0,210.0,09:10,223.0,09:23,Complete
B364,,6,7,6,224,09:24,230,09:30,90,14,76,2,142477,,,,,,Overdue
B365,,5,7,6,223,09:23,229,09:29,56,12,44,1,143945,,,,,,Overdue
B366,,3,5,7,222,09:22,229,09:29,58,10,48,1,145138,,,,,,Overdue
B367,R367,2,4,5,221,09:21,226,09:26,55,8,47,0,138150,1.0,213.0,09:13,225.0,09:25,Complete
B368,,5,10,4,225,09:25,229,09:29,45,12,33,1,145769,,,,,,Overdue
B369,R369,1,9,8,232,09:32,240,09:40,104,18,86,0,137250,21.0,219.0,09:19,238.0,09:38,Complete
B370,,10,9,6,235,09:35,241,09:41,106,21,85,2,123088,,,,,,Overdue
B371,R371,2,4,5,223,09:23,228,09:28,55,8,47,0,276300,1.0,216.0,09:16,228.0,09:28,Complete
B372,R372,1,9,8,234,09:34,242,09:42,104,18,86,0,137250,21.0,216.0,09:16,241.0,09:41,Complete
B373,R373,3,4,5,225,09:25,230,09:30,44,9,35,0,138250,35.0,216.0,09:16,226.0,09:26,Complete
B374,,6,3,5,230,09:30,235,09:35,85,12,73,1,139986,,,,,,Overdue
B375,,9,7,6,233,09:33,239,09:39,86,14,72,1,141011,,,,,,Overdue
B376,,6,9,7,242,09:42,249,09:49,128,22,106,2,140584,,,,,,Overdue
B377,R377,2,4,5,229,09:29,234,09:34,55,8,47,1,145400,5.0,221.0,09:21,233.0,09:33,Complete
B378,,6,1,5,230,09:30,235,09:35,27,9,18,1,154077,,,,,,Overdue
B379,R379,2,4,5,230,09:30,235,09:35,55,8,47,1,145400,4.0,222.0,09:22,234.0,09:34,Complete
B380,,3,4,5,231,09:31,236,09:36,44,9,35,1,148000,,,,,,Overdue
B381,R381,2,4,5,231,09:31,236,09:36,55,8,47,1,145400,5.0,224.0,09:24,236.0,09:36,Complete
B382,,10,9,6,244,09:44,250,09:50,106,21,85,2,123088,,,,,,Overdue
B383,R383,2,4,5,232,09:32,237,09:37,55,8,47,1,145400,4.0,225.0,09:25,237.0,09:37,Complete
B384,R384,3,1,5,233,09:33,238,09:38,53,8,45,1,146000,27.0,225.0,09:25,234.0,09:34,Complete
B385,,6,3,5,237,09:37,242,09:42,85,12,73,2,144472,,,,,,Overdue
B386,R386,7,1,5,234,09:34,239,09:39,68,9,59,1,142461,32.0,225.0,09:25,235.0,09:35,Complete
B387,,2,4,5,234,09:34,239,09:39,55,8,47,1,145400,,,,,,Overdue
B388,,4,9,6,244,09:44,250,09:50,102,18,84,2,145367,,,,,,Overdue
B389,,6,1,5,235,09:35,240,09:40,27,9,18,2,172355,,,,,,Overdue
B390,,8,2,6,238,09:38,244,09:44,37,12,25,2,161770,,,,,,Overdue
B391,R391,3,4,5,237,09:37,242,09:42,44,9,35,1,148000,8.0,228.0,09:28,242.0,09:42,Complete
B392,R392,5,2,5,240,09:40,245,09:45,66,11,55,1,144127,6.0,229.0,09:29,240.0,09:40,Complete
B393,,6,2,6,243,09:43,249,09:49,80,13,67,2,145161,,,,,,Overdue
B394,,5,7,6,243,09:43,249,09:49,56,12,44,1,143945,,,,,,Overdue
B395,,7,4,5,240,09:40,245,09:45,76,9,67,1,141677,,,,,,Overdue
B396,,2,4,5,240,09:40,245,09:45,55,8,47,1,145400,,,,,,Overdue
B397,R397,3,1,5,240,09:40,245,09:45,53,8,45,0,138400,2.0,232.0,09:32,244.0,09:44,Complete
B398,R398,3,4,5,241,09:41,246,09:46,44,9,35,0,138250,8.0,232.0,09:32,245.0,09:45,Complete
B399,,6,9,7,254,09:54,261,10:01,128,22,106,2,140584,,,,,,Overdue
B400,R400,3,1,5,242,09:42,247,09:47,53,8,45,0,138400,2.0,235.0,09:35,247.0,09:47,Complete
B401,,6,1,5,243,09:43,248,09:48,27,9,18,1,154077,,,,,,Overdue
B402,,6,9,7,256,09:56,263,10:03,128,22,106,2,140584,,,,,,Overdue
B403,,8,1,6,249,09:49,255,09:55,73,14,59,1,142027,,,,,,Overdue
B404,,2,4,5,244,09:44,249,09:49,55,8,47,1,145400,,,,,,Overdue
B405,,8,4,6,250,09:50,256,09:56,95,14,81,1,140392,,,,,,Overdue
B406,,6,3,5,249,09:49,254,09:54,85,12,73,1,139986,,,,,,Overdue
B407,,10,9,6,259,09:59,265,10:05,106,21,85,2,123088,,,,,,Overdue
B408,R408,2,4,5,247,09:47,252,09:52,55,8,47,0,138150,13.0,239.0,09:39,251.0,09:51,Complete
B409,,7,4,5,249,09:49,254,09:54,76,9,67,1,141677,,,,,,Overdue
B410,,3,4,5,250,09:50,255,09:55,44,9,35,1,148000,,,,,,Overdue
B411,,8,2,6,253,09:53,259,09:59,37,12,25,1,148660,,,,,,Overdue
B412,,2,4,5,250,09:50,255,09:55,55,8,47,1,145400,,,,,,Overdue
B413,,3,4,5,251,09:51,256,09:56,44,9,35,1,148000,,,,,,Overdue
B414,,6,9,7,264,10:04,271,10:11,128,22,106,2,140584,,,,,,Overdue
B415,R415,9,7,6,256,09:56,262,10:02,86,14,72,1,141011,21.0,244.0,09:44,259.0,09:59,Complete
B416,,6,7,6,258,09:58,264,10:04,90,15,75,2,142590,,,,,,Overdue
B417,R417,2,4,5,252,09:52,257,09:57,55,8,47,1,290800,12.0,246.0,09:46,255.0,09:55,Complete
B418,,3,1,5,252,09:52,257,09:57,53,8,45,1,146000,,,,,,Overdue
B419,R419,5,7,6,256,09:56,262,10:02,56,12,44,1,143945,1.0,246.0,09:46,259.0,09:59,Complete
B420,,3,4,5,254,09:54,259,09:59,44,9,35,1,148000,,,,,,Overdue
B421,R421,2,4,5,254,09:54,259,09:59,55,8,47,1,290800,14.0,246.0,09:46,255.0,09:55,Complete
B422,,8,2,6,258,09:58,264,10:04,37,12,25,2,161770,,,,,,Overdue
B423,,3,1,5,255,09:55,260,10:00,53,8,45,2,153600,,,,,,Overdue
B424,,5,4,5,255,09:55,260,10:00,34,8,26,2,164638,,,,,,Overdue
B425,R425,4,2,5,256,09:56,261,10:01,78,8,70,1,142910,8.0,248.0,09:48,257.0,09:57,Complete
B426,,8,1,6,262,10:02,268,10:08,73,14,59,2,147654,,,,,,Overdue
B427,,10,9,6,269,10:09,275,10:15,106,21,85,2,123088,,,,,,Overdue
B428,,6,1,5,259,09:59,264,10:04,27,9,18,2,172355,,,,,,Overdue
B429,,3,4,5,260,10:00,265,10:05,44,9,35,1,148000,,,,,,Overdue
B430,,5,3,6,261,10:01,267,10:07,62,10,52,1,144593,,,,,,Overdue
B431,,6,7,6,266,10:06,272,10:12,90,15,75,1,138320,,,,,,Overdue
B432,,2,1,5,261,10:01,266,10:06,53,9,44,1,146005,,,,,,Overdue
B433,,10,9,6,273,10:13,279,10:19,106,21,85,1,120294,,,,,,Overdue
B434,R434,5,3,6,263,10:03,269,10:09,62,10,52,0,138050,23.0,253.0,09:53,267.0,10:07,Complete
B435,R435,5,3,6,264,10:04,270,10:10,62,10,52,0,138050,23.0,256.0,09:56,270.0,10:10,Complete
B436,R436,2,4,5,263,10:03,268,10:08,55,8,47,0,276300,5.0,255.0,09:55,264.0,10:04,Complete
B437,,6,1,5,265,10:05,270,10:10,27,9,18,1,154077,,,,,,Overdue
B438,R438,2,4,5,265,10:05,270,10:10,55,8,47,0,414450,6.0,257.0,09:57,266.0,10:06,Complete
B439,,9,1,8,275,10:15,283,10:23,102,18,84,2,145144,,,,,,Overdue
B440,R440,3,4,5,268,10:08,273,10:13,44,9,35,0,138250,27.0,259.0,09:59,272.0,10:12,Complete
B441,,9,6,7,281,10:21,288,10:28,125,22,103,2,138787,,,,,,Overdue
B442,,10,9,6,280,10:20,286,10:26,106,21,85,2,123088,,,,,,Overdue
B443,R443,3,1,5,268,10:08,273,10:13,53,8,45,1,292000,8.0,263.0,10:03,272.0,10:12,Complete
B444,R444,4,3,5,269,10:09,274,10:14,56,9,47,1,145510,11.0,260.0,10:00,270.0,10:10,Complete
B445,R445,7,1,5,269,10:09,274,10:14,68,9,59,1,142461,21.0,262.0,10:02,272.0,10:12,Complete
B446,R446,7,4,5,269,10:09,274,10:14,76,9,67,1,283355,1.0,262.0,10:02,272.0,10:12,Complete
B447,,8,5,6,276,10:16,282,10:22,78,16,62,2,138864,,,,,,Overdue
B448,,5,1,6,270,10:10,276,10:16,31,9,22,1,151122,,,,,,Overdue
B449,,6,1,5,270,10:10,275,10:15,27,9,18,1,154077,,,,,,Overdue
B450,,3,4,5,271,10:11,276,10:16,44,9,35,1,148000,,,,,,Overdue
B451,,3,9,5,279,10:19,284,10:24,108,17,91,2,143141,,,,,,Overdue
B452,R452,4,2,5,270,10:10,275,10:15,78,8,70,1,142910,4.0,262.0,10:02,271.0,10:11,Complete
B453,,3,1,5,271,10:11,276,10:16,53,8,45,1,146000,,,,,,Overdue
B454,,3,9,5,280,10:20,285,10:25,108,17,91,2,143141,,,,,,Overdue
B455,R455,4,2,5,271,10:11,276,10:16,78,8,70,1,142910,35.0,263.0,10:03,272.0,10:12,Complete
B456,,6,7,6,278,10:18,284,10:24,90,15,75,2,142590,,,,,,Overdue
B457,R457,10,3,9,282,10:22,291,10:31,101,17,84,1,141252,29.0,269.0,10:09,290.0,10:30,Complete
B458,R458,4,3,5,275,10:15,280,10:20,56,9,47,1,145510,17.0,266.0,10:06,276.0,10:16,Complete
B459,,7,4,5,275,10:15,280,10:20,76,9,67,2,146655,,,,,,Overdue
B460,R460,10,3,9,283,10:23,292,10:32,101,17,84,1,141252,29.0,266.0,10:06,287.0,10:27,Complete
B461,,2,4,4,275,10:15,279,10:19,55,8,47,1,145400,,,,,,Overdue
B462,,3,10,8,284,10:24,292,10:32,93,17,76,2,144967,,,,,,Overdue
B463,R463,5,3,6,277,10:17,283,10:23,62,10,52,1,144593,36.0,267.0,10:07,278.0,10:18,Complete
B464,,6,7,6,282,10:22,288,10:28,90,15,75,2,142590,,,,,,Overdue
B465,,10,3,9,284,10:24,293,10:33,101,17,84,2,145255,,,,,,Overdue
B466,,3,1,5,276,10:16,281,10:21,53,8,45,2,153600,,,,,,Overdue
B467,,3,9,5,285,10:25,290,10:30,108,17,91,2,143141,,,,,,Overdue
B468,R468,5,9,6,287,10:27,293,10:33,103,19,84,1,141147,30.0,268.0,10:08,291.0,10:31,Complete
B469,,6,7,6,282,10:22,288,10:28,90,14,76,2,142477,,,,,,Overdue
B470,,10,3,9,285,10:25,294,10:34,101,17,84,2,145255,,,,,,Overdue
B471,R471,4,2,5,277,10:17,282,10:22,78,8,70,1,142910,6.0,269.0,10:09,278.0,10:18,Complete
B472,R472,4,9,6,286,10:26,292,10:32,102,17,85,1,141311,47.0,269.0,10:09,290.0,10:30,Complete
B473,R473,5,9,6,288,10:28,294,10:34,103,19,84,1,282294,30.0,271.0,10:11,294.0,10:34,Complete
B474,,6,8,6,288,10:28,294,10:34,97,19,78,2,138820,,,,,,Overdue
B475,R475,3,5,6,280,10:20,286,10:26,58,10,48,1,145138,16.0,270.0,10:10,284.0,10:24,Complete
B476,,3,9,5,287,10:27,292,10:32,108,17,91,2,143141,,,,,,Overdue
B477,,5,7,5,282,10:22,287,10:27,56,12,44,2,151490,,,,,,Overdue
B478,,7,1,5,279,10:19,284,10:24,68,9,59,2,148122,,,,,,Overdue
B479,R479,1,9,7,289,10:29,296,10:36,104,18,86,0,137250,22.0,271.0,10:11,296.0,10:36,Complete
B480,R480,2,5,6,282,10:22,288,10:28,69,11,58,0,137950,12.0,271.0,10:11,282.0,10:22,Complete
B481,R481,4,7,5,280,10:20,285,10:25,58,9,49,0,136250,24.0,271.0,10:11,285.0,10:25,Complete
B482,,7,4,5,280,10:20,285,10:25,76,9,67,1,141677,,,,,,Overdue
B483,,9,1,7,289,10:29,296,10:36,102,18,84,1,141147,,,,,,Overdue
B484,,9,4,6,288,10:28,294,10:34,99,17,82,1,141350,,,,,,Overdue
B485,R485,3,5,6,282,10:22,288,10:28,58,10,48,0,138050,16.0,273.0,10:13,287.0,10:27,Complete
B486,R486,4,9,6,290,10:30,296,10:36,102,18,84,0,137350,47.0,272.0,10:12,293.0,10:33,Complete
B487,,10,3,9,289,10:29,298,10:38,101,17,84,1,141252,,,,,,Overdue
B488,,2,4,4,281,10:21,285,10:25,55,8,47,1,145400,,,,,,Overdue
B489,R489,3,5,6,284,10:24,290,10:30,58,10,48,0,138050,19.0,274.0,10:14,288.0,10:28,Complete
B490,,10,3,9,291,10:31,300,10:40,101,17,84,2,145255,,,,,,Overdue
B491,R491,2,1,5,284,10:24,289,10:29,53,9,44,0,138250,35.0,275.0,10:15,285.0,10:25,Complete
B492,R492,3,1,5,283,10:23,288,10:28,53,8,45,0,138400,11.0,275.0,10:15,287.0,10:27,Complete
B493,R493,4,7,5,284,10:24,289,10:29,58,9,49,0,136250,24.0,275.0,10:15,288.0,10:28,Complete
B494,R494,2,5,6,286,10:26,292,10:32,69,10,59,0,275900,5.0,276.0,10:16,292.0,10:32,Complete
B495,R495,3,5,6,286,10:26,292,10:32,58,10,48,0,138050,19.0,277.0,10:17,291.0,10:31,Complete
B496,R496,4,3,5,285,10:25,290,10:30,56,9,47,0,138250,20.0,276.0,10:16,286.0,10:26,Complete
B497,,6,3,5,288,10:28,293,10:33,85,12,73,1,139986,,,,,,Overdue
B498,,7,4,5,285,10:25,290,10:30,76,9,67,1,141677,,,,,,Overdue
B499,,9,3,4,293,10:33,297,10:37,78,17,61,1,132159,,,,,,Overdue
B500,,10,3,9,293,10:33,302,10:42,101,17,84,2,145255,,,,,,Overdue
B501,R501,10,4,5,290,10:30,295,10:35,66,14,52,1,143825,0.0,280.0,10:20,295.0,10:35,Complete
B502,R502,2,5,6,288,10:28,294,10:34,69,11,58,0,137950,37.0,277.0,10:17,291.0,10:31,Complete
B503,R503,3,6,5,289,10:29,294,10:34,72,12,60,0,135500,39.0,277.0,10:17,293.0,10:33,Complete
B504,,9,1,7,295,10:35,302,10:42,102,18,84,2,145144,,,,,,Overdue
B505,,9,10,6,298,10:38,304,10:44,107,21,86,2,128325,,,,,,Overdue
B506,,10,3,9,294,10:34,303,10:43,101,17,84,2,145255,,,,,,Overdue
B507,,2,5,6,288,10:28,294,10:34,69,10,59,1,143708,,,,,,Overdue
B508,R508,3,1,5,286,10:26,291,10:31,53,8,45,0,138400,11.0,278.0,10:18,290.0,10:30,Complete
B509,R509,3,5,6,288,10:28,294,10:34,58,10,48,0,138050,23.0,278.0,10:18,292.0,10:32,Complete
B510,R510,4,2,5,286,10:26,291,10:31,78,8,70,0,138050,14.0,278.0,10:18,290.0,10:30,Complete
B511,R511,4,9,6,296,10:36,302,10:42,102,18,84,0,137350,22.0,278.0,10:18,299.0,10:39,Complete
B512,R512,6,3,5,290,10:30,295,10:35,85,12,73,0,135500,40.0,278.0,10:18,295.0,10:35,Complete
B513,,3,6,5,291,10:31,296,10:36,72,12,60,1,140958,,,,,,Overdue
B514,R514,6,1,5,288,10:28,293,10:33,27,9,18,0,135800,34.0,279.0,10:19,293.0,10:33,Complete
B515,,9,4,6,296,10:36,302,10:42,99,17,82,2,145451,,,,,,Overdue
B516,,3,1,5,288,10:28,293,10:33,53,8,45,1,146000,,,,,,Overdue
B517,,5,7,5,292,10:32,297,10:37,56,12,44,1,143945,,,,,,Overdue
B518,R518,2,5,6,292,10:32,298,10:38,69,11,58,1,143807,4.0,281.0,10:21,295.0,10:35,Complete
B519,,3,4,5,290,10:30,295,10:35,44,9,35,1,148000,,,,,,Overdue
B520,R520,3,9,5,298,10:38,303,10:43,108,17,91,1,279041,36.0,281.0,10:21,299.0,10:39,Complete
B521,R521,4,2,5,289,10:29,294,10:34,78,8,70,1,142910,13.0,281.0,10:21,290.0,10:30,Complete
B522,R522,4,7,5,290,10:30,295,10:35,58,9,49,1,143010,27.0,281.0,10:21,294.0,10:34,Complete
B523,,7,4,5,290,10:30,295,10:35,76,9,67,1,141677,,,,,,Overdue
B524,R524,2,1,5,291,10:31,296,10:36,53,9,44,1,146005,6.0,282.0,10:22,292.0,10:32,Complete
B525,R525,4,2,5,290,10:30,295,10:35,78,8,70,1,142910,15.0,282.0,10:22,291.0,10:31,Complete
B526,,5,1,6,292,10:32,298,10:38,31,10,21,1,151838,,,,,,Overdue
B527,,6,3,5,294,10:34,299,10:39,85,12,73,1,139986,,,,,,Overdue
B528,,9,5,6,301,10:41,307,10:47,98,19,79,2,142608,,,,,,Overdue
B529,R529,1,7,4,292,10:32,296,10:36,67,9,58,1,142558,2.0,283.0,10:23,293.0,10:33,Complete
B530,,5,8,5,298,10:38,303,10:43,82,15,67,2,144529,,,,,,Overdue
B531,,6,1,5,292,10:32,297,10:37,27,9,18,1,154077,,,,,,Overdue
B532,,6,7,6,298,10:38,304,10:44,90,15,75,2,142590,,,,,,Overdue
B533,R533,7,4,5,292,10:32,297,10:37,76,9,67,1,141677,8.0,287.0,10:27,297.0,10:37,Complete
B534,R534,2,5,6,294,10:34,300,10:40,69,10,59,1,287416,4.0,284.0,10:24,298.0,10:38,Complete
B535,R535,4,7,5,293,10:33,298,10:38,58,9,49,1,143010,27.0,284.0,10:24,297.0,10:37,Complete
B536,,5,1,6,294,10:34,300,10:40,31,10,21,2,167576,,,,,,Overdue
B537,R537,5,3,6,294,10:34,300,10:40,62,10,52,1,144593,12.0,285.0,10:25,299.0,10:39,Complete
B538,,7,4,5,293,10:33,298,10:38,76,9,67,1,141677,,,,,,Overdue
B539,,5,2,5,296,10:36,301,10:41,66,11,55,2,150304,,,,,,Overdue
B540,,6,2,6,298,10:38,304,10:44,80,13,67,2,145161,,,,,,Overdue
B541,R541,3,4,5,295,10:35,300,10:40,44,9,35,1,148000,3.0,286.0,10:26,299.0,10:39,Complete
B542,,4,9,6,304,10:44,310,10:50,102,18,84,2,145367,,,,,,Overdue
B543,,5,3,6,296,10:36,302,10:42,62,10,52,2,151136,,,,,,Overdue
B544,,2,5,6,298,10:38,304,10:44,69,11,58,2,149665,,,,,,Overdue
B545,,3,9,5,304,10:44,309,10:49,108,17,91,2,143141,,,,,,Overdue
B546,R546,4,7,5,296,10:36,301,10:41,58,9,49,1,143010,48.0,287.0,10:27,300.0,10:40,Complete
B547,,10,3,9,304,10:44,313,10:53,101,17,84,2,145255,,,,,,Overdue
B548,R548,3,5,6,298,10:38,304,10:44,58,10,48,1,145138,20.0,289.0,10:29,300.0,10:40,Complete
B549,R549,5,3,6,298,10:38,304,10:44,62,10,52,1,289186,12.0,288.0,10:28,302.0,10:42,Complete
B550,,5,7,5,300,10:40,305,10:45,56,12,44,2,151490,,,,,,Overdue
B551,R551,2,1,5,298,10:38,303,10:43,53,9,44,1,146005,14.0,293.0,10:33,303.0,10:43,Complete
B552,R552,3,4,5,298,10:38,303,10:43,44,9,35,1,148000,3.0,289.0,10:29,302.0,10:42,Complete
B553,,3,10,8,306,10:46,314,10:54,93,17,76,2,144967,,,,,,Overdue
B554,R554,4,2,5,297,10:37,302,10:42,78,8,70,1,142910,25.0,289.0,10:29,301.0,10:41,Complete
B555,R555,4,7,5,298,10:38,303,10:43,58,9,49,1,143010,48.0,290.0,10:30,303.0,10:43,Complete
B556,,4,9,6,306,10:46,312,10:52,102,17,85,2,145273,,,,,,Overdue
B557,R557,5,1,6,298,10:38,304,10:44,31,9,22,1,151122,16.0,290.0,10:30,304.0,10:44,Complete
B558,,5,9,6,308,10:48,314,10:54,103,19,84,2,145144,,,,,,Overdue
B559,R559,4,2,5,298,10:38,303,10:43,78,8,70,1,142910,26.0,290.0,10:30,303.0,10:43,Complete
B560,R560,5,1,6,300,10:40,306,10:46,31,10,21,1,151838,5.0,295.0,10:35,306.0,10:46,Complete
B561,,6,1,5,299,10:39,304,10:44,27,9,18,2,172355,,,,,,Overdue
B562,,9,1,7,308,10:48,315,10:55,102,18,84,2,145144,,,,,,Overdue
B563,R563,1,10,6,306,10:46,312,10:52,55,15,40,0,135400,18.0,291.0,10:31,312.0,10:52,Complete
B564,,3,1,5,299,10:39,304,10:44,53,8,45,1,146000,,,,,,Overdue
B565,R565,4,3,5,300,10:40,305,10:45,56,9,47,0,138250,49.0,291.0,10:31,304.0,10:44,Complete
B566,,9,3,4,308,10:48,312,10:52,78,17,61,1,132159,,,,,,Overdue
B567,R567,2,1,5,301,10:41,306,10:46,53,9,44,0,138250,13.0,293.0,10:33,303.0,10:43,Complete
B568,,6,7,6,306,10:46,312,10:52,90,14,76,1,138263,,,,,,Overdue
B569,,10,9,7,313,10:53,320,11:00,106,21,85,2,123088,,,,,,Overdue
B570,,2,5,6,304,10:44,310,10:50,69,11,58,1,143807,,,,,,Overdue
B571,R571,5,3,6,303,10:43,309,10:49,62,10,52,0,138050,19.0,294.0,10:34,305.0,10:45,Complete
B572,,7,4,5,302,10:42,307,10:47,76,9,67,1,141677,,,,,,Overdue
B573,,2,10,7,312,10:52,319,10:59,104,18,86,1,138990,,,,,,Overdue
B574,R574,3,5,6,304,10:44,310,10:50,58,10,48,0,138050,33.0,294.0,10:34,308.0,10:48,Complete
B575,R575,4,2,5,302,10:42,307,10:47,78,8,70,0,138050,26.0,294.0,10:34,306.0,10:46,Complete
B576,,4,9,6,312,10:52,318,10:58,102,18,84,1,141358,,,,,,Overdue
B577,R577,2,5,6,306,10:46,312,10:52,69,11,58,0,137950,25.0,298.0,10:38,312.0,10:52,Complete
B578,R578,3,5,6,305,10:45,311,10:51,58,10,48,0,138050,33.0,297.0,10:37,311.0,10:51,Complete
B579,R579,4,7,5,304,10:44,309,10:49,58,9,49,0,136250,46.0,295.0,10:35,308.0,10:48,Complete
B580,,7,5,7,307,10:47,314,10:54,56,12,44,1,143945,,,,,,Overdue
B581,R581,1,10,6,312,10:52,318,10:58,55,16,39,0,135400,18.0,296.0,10:36,315.0,10:55,Complete
B582,R582,3,1,5,304,10:44,309,10:49,53,8,45,0,138400,29.0,296.0,10:36,305.0,10:45,Complete
B583,,4,9,6,314,10:54,320,11:00,102,18,84,2,145367,,,,,,Overdue
B584,R584,5,1,6,306,10:46,312,10:52,31,10,21,0,136100,37.0,296.0,10:36,307.0,10:47,Complete
B585,,6,1,5,305,10:45,310,10:50,27,9,18,1,154077,,,,,,Overdue
B586,R586,7,4,5,305,10:45,310,10:50,76,9,67,1,141677,24.0,300.0,10:40,310.0,10:50,Complete
B587,,2,5,6,308,10:48,314,10:54,69,11,58,1,143807,,,,,,Overdue
B588,R588,4,2,5,305,10:45,310,10:50,78,8,70,0,138050,1.0,297.0,10:37,310.0,10:50,Complete
B589,,6,3,5,309,10:49,314,10:54,85,12,73,1,139986,,,,,,Overdue
B590,R590,3,4,5,307,10:47,312,10:52,44,9,35,1,148000,17.0,300.0,10:40,310.0,10:50,Complete
B591,,3,5,6,308,10:48,314,10:54,58,10,48,1,145138,,,,,,Overdue
B592,R592,4,3,5,307,10:47,312,10:52,56,9,47,0,138250,0.0,298.0,10:38,308.0,10:48,Complete
B593,R593,4,7,5,307,10:47,312,10:52,58,9,49,0,136250,46.0,298.0,10:38,311.0,10:51,Complete
B594,,4,9,6,316,10:56,322,11:02,102,18,84,2,145367,,,,,,Overdue
B595,R595,1,10,6,314,10:54,320,11:00,55,15,40,1,143575,32.0,300.0,10:40,316.0,10:56,Complete
B596,R596,4,2,5,307,10:47,312,10:52,78,8,70,0,138050,42.0,299.0,10:39,308.0,10:48,Complete
B597,,6,1,5,308,10:48,313,10:53,27,9,18,1,154077,,,,,,Overdue
B598,,8,4,6,312,10:52,318,10:58,95,13,82,1,140342,,,,,,Overdue
B599,,9,1,7,317,10:57,324,11:04,102,18,84,2,145144,,,,,,Overdue
B600,,1,9,7,318,10:58,325,11:05,104,18,86,2,145069,,,,,,Overdue
B601,R601,3,4,5,309,10:49,314,10:54,44,9,35,1,148000,40.0,300.0,10:40,310.0,10:50,Complete
B602,,3,5,6,310,10:50,316,10:56,58,10,48,1,145138,,,,,,Overdue
B603,,3,9,5,317,10:57,322,11:02,108,17,91,2,143141,,,,,,Overdue
B604,,6,1,5,309,10:49,314,10:54,27,9,18,1,154077,,,,,,Overdue
B605,R605,7,1,5,309,10:49,314,10:54,68,9,59,1,142461,27.0,300.0,10:40,310.0,10:50,Complete
B606,,1,9,7,319,10:59,326,11:06,104,18,86,2,145069,,,,,,Overdue
B607,R607,4,2,5,309,10:49,314,10:54,78,8,70,1,285821,8.0,301.0,10:41,314.0,10:54,Complete
B608,R608,4,7,5,310,10:50,315,10:55,58,9,49,1,143010,7.0,304.0,10:44,314.0,10:54,Complete
B609,,9,3,4,318,10:58,322,11:02,78,17,61,2,136868,,,,,,Overdue
B610,R610,6,7,6,316,10:56,322,11:02,90,14,76,1,138263,39.0,302.0,10:42,320.0,11:00,Complete
B611,,6,9,7,324,11:04,331,11:11,128,22,106,2,140584,,,,,,Overdue
B612,R612,7,4,5,311,10:51,316,10:56,76,9,67,1,141677,48.0,306.0,10:46,316.0,10:56,Complete
B613,R613,8,6,6,321,11:01,327,11:07,101,19,82,1,275062,30.0,306.0,10:46,326.0,11:06,Complete
B614,,2,5,6,314,10:54,320,11:00,69,11,58,2,149665,,,,,,Overdue
B615,,4,9,6,320,11:00,326,11:06,102,17,85,2,145273,,,,,,Overdue
B616,R616,5,1,6,312,10:52,318,10:58,31,9,22,1,151122,20.0,303.0,10:43,314.0,10:54,Complete
B617,,5,2,5,314,10:54,319,10:59,66,11,55,1,144127,,,,,,Overdue
B618,R618,3,4,5,313,10:53,318,10:58,44,9,35,1,296000,12.0,305.0,10:45,318.0,10:58,Complete
B619,,6,9,7,326,11:06,333,11:13,128,22,106,2,140584,,,,,,Overdue
B620,,1,9,7,323,11:03,330,11:10,104,18,86,2,145069,,,,,,Overdue
B621,R621,4,2,5,313,10:53,318,10:58,78,8,70,1,142910,8.0,305.0,10:45,317.0,10:57,Complete
B622,R622,4,3,5,314,10:54,319,10:59,56,9,47,1,145510,9.0,305.0,10:45,315.0,10:55,Complete
B623,R623,4,7,5,314,10:54,319,10:59,58,9,49,1,143010,10.0,305.0,10:45,319.0,10:59,Complete
B624,,4,10,5,319,10:59,324,11:04,75,14,61,2,148507,,,,,,Overdue
B625,R625,6,7,6,320,11:00,326,11:06,90,15,75,1,276640,39.0,305.0,10:45,323.0,11:03,Complete
B626,,7,4,5,314,10:54,319,10:59,76,9,67,1,141677,,,,,,Overdue
B627,,1,9,7,324,11:04,331,11:11,104,18,86,2,145069,,,,,,Overdue
B628,R628,3,1,5,314,10:54,319,10:59,53,8,45,1,146000,19.0,308.0,10:48,317.0,10:57,Complete
B629,,3,6,5,318,10:58,323,11:03,72,12,60,2,146416,,,,,,Overdue
B630,R630,4,2,5,314,10:54,319,10:59,78,8,70,1,142910,45.0,306.0,10:46,318.0,10:58,Complete
B631,,6,1,5,315,10:55,320,11:00,27,9,18,2,172355,,,,,,Overdue
B632,,6,3,5,318,10:58,323,11:03,85,12,73,2,144472,,,,,,Overdue
B633,,9,4,6,324,11:04,330,11:10,99,18,81,2,145552,,,,,,Overdue
B634,R634,2,1,5,316,10:56,321,11:01,53,9,44,1,146005,15.0,307.0,10:47,317.0,10:57,Complete
B635,R635,3,4,5,316,10:56,321,11:01,44,9,35,1,148000,12.0,308.0,10:48,321.0,11:01,Complete
B636,R636,4,2,5,315,10:55,320,11:00,78,8,70,1,142910,6.0,307.0,10:47,319.0,10:59,Complete
B637,,5,7,5,319,10:59,324,11:04,56,12,44,2,151490,,,,,,Overdue
B638,,6,1,5,316,10:56,321,11:01,27,9,18,2,172355,,,,,,Overdue
B639,R639,7,4,5,316,10:56,321,11:01,76,9,67,1,141677,41.0,307.0,10:47,321.0,11:01,Complete
B640,R640,4,2,5,316,10:56,321,11:01,78,8,70,1,142910,45.0,309.0,10:49,321.0,11:01,Complete
B641,R641,5,1,6,318,10:58,324,11:04,31,10,21,1,151838,4.0,308.0,10:48,323.0,11:03,Complete
B642,,5,7,5,320,11:00,325,11:05,56,12,44,2,151490,,,,,,Overdue
B643,,6,2,6,321,11:01,327,11:07,80,13,67,2,145161,,,,,,Overdue
B644,,6,7,6,322,11:02,328,11:08,90,14,76,2,142477,,,,,,Overdue
B645,R645,1,10,6,324,11:04,330,11:10,55,15,40,1,143575,29.0,309.0,10:49,328.0,11:08,Complete
B646,R646,3,4,5,318,10:58,323,11:03,44,9,35,1,148000,11.0,309.0,10:49,319.0,10:59,Complete
B647,,3,5,6,319,10:59,325,11:05,58,10,48,2,152227,,,,,,Overdue
B648,R648,5,1,6,318,10:58,324,11:04,31,9,22,1,151122,23.0,309.0,10:49,320.0,11:00,Complete
B649,R649,4,2,5,318,10:58,323,11:03,78,8,70,1,142910,6.0,310.0,10:50,322.0,11:02,Complete
B650,,6,8,6,329,11:09,335,11:15,97,19,78,2,138820,,,,,,Overdue
B651,R651,7,1,5,319,10:59,324,11:04,68,9,59,1,284922,2.0,310.0,10:50,320.0,11:00,Complete
B652,R652,7,4,5,319,10:59,324,11:04,76,9,67,1,141677,46.0,314.0,10:54,324.0,11:04,Complete
B653,,10,4,5,324,11:04,329,11:09,66,14,52,2,150301,,,,,,Overdue
B654,R654,3,4,5,320,11:00,325,11:05,44,9,35,0,276500,0.0,311.0,10:51,325.0,11:05,Complete
B655,,3,9,5,328,11:08,333,11:13,108,17,91,1,139520,,,,,,Overdue
B656,R656,4,2,5,319,10:59,324,11:04,78,8,70,0,138050,24.0,313.0,10:53,322.0,11:02,Complete
B657,,4,9,6,328,11:08,334,11:14,102,17,85,1,141311,,,,,,Overdue
B658,R658,5,3,6,321,11:01,327,11:07,62,10,52,0,138050,25.0,315.0,10:55,326.0,11:06,Complete
B659,R659,7,4,5,320,11:00,325,11:05,76,9,67,0,136700,41.0,311.0,10:51,324.0,11:04,Complete
B660,R660,1,10,6,328,11:08,334,11:14,55,16,39,0,135400,29.0,312.0,10:52,331.0,11:11,Complete
B661,R661,3,1,5,320,11:00,325,11:05,53,8,45,0,138400,49.0,312.0,10:52,321.0,11:01,Complete
B662,R662,5,1,6,322,11:02,328,11:08,31,10,21,0,136100,4.0,312.0,10:52,326.0,11:06,Complete
B663,R663,3,1,5,321,11:01,326,11:06,53,8,45,0,138400,21.0,313.0,10:53,326.0,11:06,Complete
B664,R664,4,7,5,322,11:02,327,11:07,58,9,49,0,136250,14.0,313.0,10:53,323.0,11:03,Complete
B665,,4,9,6,330,11:10,336,11:16,102,17,85,1,141311,,,,,,Overdue
B666,,4,10,5,327,11:07,332,11:12,75,14,61,1,142978,,,,,,Overdue
B667,,5,2,5,324,11:04,329,11:09,66,11,55,1,144127,,,,,,Overdue
B668,R668,5,3,6,323,11:03,329,11:09,62,10,52,0,138050,33.0,314.0,10:54,325.0,11:05,Complete
B669,R669,4,2,5,322,11:02,327,11:07,78,8,70,0,138050,40.0,314.0,10:54,323.0,11:03,Complete
B670,,5,1,6,324,11:04,330,11:10,31,10,21,1,151838,,,,,,Overdue
B671,,5,3,6,324,11:04,330,11:10,62,10,52,1,144593,,,,,,Overdue
B672,R672,7,4,5,323,11:03,328,11:08,76,9,67,0,136700,7.0,317.0,10:57,327.0,11:07,Complete
B673,,8,6,6,333,11:13,339,11:19,101,19,82,1,137531,,,,,,Overdue
B674,,4,9,6,332,11:12,338,11:18,102,17,85,1,141311,,,,,,Overdue
B675,,5,2,5,326,11:06,331,11:11,66,11,55,1,144127,,,,,,Overdue
B676,,2,6,5,329,11:09,334,11:14,85,13,72,1,140369,,,,,,Overdue
B677,R677,7,4,5,325,11:05,330,11:10,76,9,67,0,136700,10.0,316.0,10:56,329.0,11:09,Complete
B678,R678,3,1,5,325,11:05,330,11:10,53,8,45,0,138400,21.0,317.0,10:57,329.0,11:09,Complete
B679,R679,3,5,6,327,11:07,333,11:13,58,10,48,0,138050,37.0,317.0,10:57,331.0,11:11,Complete
B680,R680,4,3,5,326,11:06,331,11:11,56,9,47,0,138250,17.0,317.0,10:57,330.0,11:10,Complete
B681,,6,1,5,326,11:06,331,11:11,27,9,18,1,154077,,,,,,Overdue
B682,R682,2,1,5,327,11:07,332,11:12,53,9,44,0,138250,26.0,318.0,10:58,328.0,11:08,Complete
B683,R683,2,4,4,326,11:06,330,11:10,55,8,47,0,138150,1.0,318.0,10:58,327.0,11:07,Complete
B684,R684,4,2,5,326,11:06,331,11:11,78,8,70,0,552200,3.0,318.0,10:58,327.0,11:07,Complete
B685,,6,7,6,332,11:12,338,11:18,90,14,76,1,138263,,,,,,Overdue
B686,R686,1,7,4,328,11:08,332,11:12,67,9,58,0,136800,5.0,319.0,10:59,329.0,11:09,Complete
B687,R687,2,5,6,330,11:10,336,11:16,69,11,58,0,137950,42.0,319.0,10:59,333.0,11:13,Complete
B688,R688,3,1,5,327,11:07,332,11:12,53,8,45,0,138400,9.0,319.0,10:59,328.0,11:08,Complete
B689,,3,5,6,329,11:09,335,11:15,58,10,48,1,145138,,,,,,Overdue
B690,,4,3,5,328,11:08,333,11:13,56,9,47,1,145510,,,,,,Overdue
B691,R691,4,7,5,328,11:08,333,11:13,58,9,49,0,136250,48.0,319.0,10:59,329.0,11:09,Complete
B692,,5,1,6,328,11:08,334,11:14,31,9,22,1,151122,,,,,,Overdue
B693,R693,7,4,5,328,11:08,333,11:13,76,9,67,0,136700,44.0,319.0,10:59,333.0,11:13,Complete
B694,,8,6,6,338,11:18,344,11:24,101,19,82,2,141412,,,,,,Overdue
B695,R695,4,2,5,328,11:08,333,11:13,78,8,70,1,142910,12.0,324.0,11:04,333.0,11:13,Complete
B696,,4,3,4,329,11:09,333,11:13,56,9,47,1,145510,,,,,,Overdue
B697,R697,4,7,5,329,11:09,334,11:14,58,9,49,1,286020,11.0,322.0,11:02,332.0,11:12,Complete
B698,,5,9,7,339,11:19,346,11:26,103,19,84,2,145144,,,,,,Overdue
B699,,6,2,6,333,11:13,339,11:19,80,13,67,1,140280,,,,,,Overdue
B700,,6,7,6,334,11:14,340,11:20,90,14,76,2,142477,,,,,,Overdue
B701,,7,10,6,338,11:18,344,11:24,81,18,63,2,138365,,,,,,Overdue
B702,,6,7,6,336,11:16,342,11:22,90,15,75,2,142590,,,,,,Overdue
B703,,9,4,6,338,11:18,344,11:24,99,17,82,2,145451,,,,,,Overdue
B704,,10,3,8,338,11:18,346,11:26,101,17,84,2,145255,,,,,,Overdue
B705,R705,4,2,5,330,11:10,335,11:15,78,8,70,1,142910,43.0,322.0,11:02,331.0,11:11,Complete
B706,,4,7,5,331,11:11,336,11:16,58,9,49,1,143010,,,,,,Overdue
B707,,4,8,5,336,11:16,341,11:21,76,14,62,2,143567,,,,,,Overdue
B708,,10,9,6,343,11:23,349,11:29,106,21,85,2,123088,,,,,,Overdue
B709,,5,3,6,333,11:13,339,11:19,62,10,52,1,144593,,,,,,Overdue
B710,R710,7,4,4,332,11:12,336,11:16,76,9,67,1,141677,14.0,326.0,11:06,336.0,11:16,Complete
B711,,4,9,6,342,11:22,348,11:28,102,18,84,2,145367,,,,,,Overdue
B712,,6,7,6,338,11:18,344,11:24,90,14,76,2,142477,,,,,,Overdue
B713,,10,3,8,341,11:21,349,11:29,101,17,84,2,145255,,,,,,Overdue
B714,,6,2,6,338,11:18,344,11:24,80,13,67,2,145161,,,,,,Overdue
B715,,10,3,8,342,11:22,350,11:30,101,17,84,2,145255,,,,,,Overdue
B716,,10,6,6,338,11:18,344,11:24,66,13,53,2,148809,,,,,,Overdue
B717,,10,9,6,346,11:26,352,11:32,106,21,85,2,123088,,,,,,Overdue
B718,R718,6,7,6,340,11:20,346,11:26,90,14,76,1,138263,38.0,327.0,11:07,345.0,11:25,Complete
B719,R719,7,4,4,335,11:15,339,11:19,76,9,67,1,141677,39.0,326.0,11:06,336.0,11:16,Complete
B720,,9,3,5,343,11:23,348,11:28,78,17,61,2,136868,,,,,,Overdue
B721,,10,3,8,343,11:23,351,11:31,101,17,84,2,145255,,,,,,Overdue
B722,R722,6,7,6,342,11:22,348,11:28,90,15,75,1,138320,38.0,330.0,11:10,348.0,11:28,Complete
B723,,1,9,7,346,11:26,353,11:33,104,18,86,2,145069,,,,,,Overdue
B724,,1,10,7,344,11:24,351,11:31,55,16,39,2,152169,,,,,,Overdue
B725,R725,4,7,5,337,11:17,342,11:22,58,9,49,1,143010,41.0,328.0,11:08,338.0,11:18,Complete
B726,,4,10,5,342,11:22,347,11:27,75,14,61,2,148507,,,,,,Overdue
B727,,5,9,7,347,11:27,354,11:34,103,19,84,2,145144,,,,,,Overdue
B728,,6,9,7,350,11:30,357,11:37,128,22,106,2,140584,,,,,,Overdue
B729,,7,4,4,337,11:17,341,11:21,76,9,67,2,146655,,,,,,Overdue
B730,R730,2,5,6,340,11:20,346,11:26,69,11,58,1,143807,24.0,329.0,11:09,343.0,11:23,Complete
B731,R731,5,3,6,339,11:19,345,11:25,62,10,52,1,144593,37.0,334.0,11:14,345.0,11:25,Complete
B732,,7,10,6,347,11:27,353,11:33,81,18,63,2,138365,,,,,,Overdue
B733,,8,1,5,343,11:23,348,11:28,73,14,59,2,147654,,,,,,Overdue
B734,,8,3,5,341,11:21,346,11:26,54,12,42,2,151033,,,,,,Overdue
B735,R735,2,5,6,340,11:20,346,11:26,69,10,59,1,143708,24.0,332.0,11:12,346.0,11:26,Complete
B736,,6,1,5,339,11:19,344,11:24,27,9,18,2,172355,,,,,,Overdue
B737,R737,4,2,5,339,11:19,344,11:24,78,8,70,0,138050,0.0,331.0,11:11,340.0,11:20,Complete
B738,R738,5,3,6,341,11:21,347,11:27,62,10,52,0,138050,42.0,336.0,11:16,347.0,11:27,Complete
B739,,7,6,5,346,11:26,351,11:31,86,15,71,1,138078,,,,,,Overdue
B740,R740,3,5,6,342,11:22,348,11:28,58,10,48,0,138050,25.0,332.0,11:12,343.0,11:23,Complete
B741,,3,9,5,349,11:29,354,11:34,108,17,91,1,139520,,,,,,Overdue
B742,R742,4,2,5,340,11:20,345,11:25,78,8,70,0,138050,1.0,332.0,11:12,341.0,11:21,Complete
B743,R743,9,4,6,350,11:30,356,11:36,99,18,81,0,137250,22.0,332.0,11:12,353.0,11:33,Complete
B744,R744,2,5,6,344,11:24,350,11:30,69,11,58,0,137950,40.0,333.0,11:13,347.0,11:27,Complete
B745,,3,10,8,350,11:30,358,11:38,93,17,76,1,140608,,,,,,Overdue
B746,,6,3,5,345,11:25,350,11:30,85,12,73,1,139986,,,,,,Overdue
B747,,6,7,6,348,11:28,354,11:34,90,15,75,1,138320,,,,,,Overdue
B748,R748,9,4,6,350,11:30,356,11:36,99,17,82,0,274500,22.0,335.0,11:15,356.0,11:36,Complete
B749,,10,9,6,354,11:34,360,11:40,106,21,85,2,123088,,,,,,Overdue
B750,R750,2,4,5,342,11:22,347,11:27,55,8,47,0,138150,3.0,334.0,11:14,343.0,11:23,Complete
B751,R751,2,5,6,344,11:24,350,11:30,69,10,59,0,137950,40.0,336.0,11:16,350.0,11:30,Complete
B752,,7,9,6,348,11:28,354,11:34,89,14,75,1,140826,,,,,,Overdue
B753,,9,3,5,351,11:31,356,11:36,78,17,61,1,132159,,,,,,Overdue
B754,,6,7,6,350,11:30,356,11:36,90,15,75,1,138320,,,,,,Overdue
B755,,9,4,6,352,11:32,358,11:38,99,17,82,1,141350,,,,,,Overdue
B756,R756,1,8,5,350,11:30,355,11:35,93,14,79,1,140602,19.0,340.0,11:20,355.0,11:35,Complete
B757,R757,4,7,5,345,11:25,350,11:30,58,9,49,0,136250,44.0,336.0,11:16,350.0,11:30,Complete
B758,,10,3,8,353,11:33,361,11:41,101,17,84,2,145255,,,,,,Overdue
B759,,6,1,5,346,11:26,351,11:31,27,9,18,1,154077,,,,,,Overdue
B760,,8,3,5,349,11:29,354,11:34,54,12,42,1,143241,,,,,,Overdue
B761,R761,10,6,6,350,11:30,356,11:36,66,13,53,1,142554,18.0,340.0,11:20,354.0,11:34,Complete
B762,,4,8,5,352,11:32,357,11:37,76,14,62,1,138458,,,,,,Overdue
B763,R763,4,9,6,356,11:36,362,11:42,102,18,84,0,137350,14.0,339.0,11:19,360.0,11:40,Complete
B764,,8,4,5,352,11:32,357,11:37,95,14,81,1,140392,,,,,,Overdue
B765,,10,3,8,355,11:35,363,11:43,101,17,84,2,145255,,,,,,Overdue
B766,R766,2,1,5,348,11:28,353,11:33,53,9,44,0,138250,8.0,339.0,11:19,349.0,11:29,Complete
B767,R767,2,5,6,350,11:30,356,11:36,69,10,59,1,143708,6.0,340.0,11:20,351.0,11:31,Complete
B768,R768,4,7,5,349,11:29,354,11:34,58,9,49,1,143010,4.0,344.0,11:24,354.0,11:34,Complete
B769,,7,5,6,352,11:32,358,11:38,56,12,44,1,143945,,,,,,Overdue
B770,R770,3,5,6,351,11:31,357,11:37,58,10,48,1,290277,17.0,341.0,11:21,356.0,11:36,Complete
B771,,3,9,5,358,11:38,363,11:43,108,17,91,2,143141,,,,,,Overdue
B772,,4,7,5,351,11:31,356,11:36,58,9,49,1,143010,,,,,,Overdue
B773,,4,9,6,360,11:40,366,11:46,102,18,84,2,145367,,,,,,Overdue
B774,,9,4,6,360,11:40,366,11:46,99,18,81,2,145552,,,,,,Overdue
B775,R775,10,4,5,356,11:36,361,11:41,66,14,52,1,143825,32.0,342.0,11:22,360.0,11:40,Complete
B776,,1,9,7,361,11:41,368,11:48,104,18,86,2,145069,,,,,,Overdue
B777,,3,9,5,360,11:40,365,11:45,108,17,91,2,143141,,,,,,Overdue
B778,R778,4,2,5,351,11:31,356,11:36,78,8,70,1,142910,39.0,343.0,11:23,352.0,11:32,Complete
B779,,1,10,7,360,11:40,367,11:47,55,16,39,2,152169,,,,,,Overdue
B780,,4,7,5,353,11:33,358,11:38,58,9,49,1,143010,,,,,,Overdue
B781,,5,2,6,354,11:34,360,11:40,66,10,56,2,150083,,,,,,Overdue
B782,R782,3,5,6,355,11:35,361,11:41,58,10,48,1,145138,17.0,345.0,11:25,359.0,11:39,Complete
B783,,3,9,5,362,11:42,367,11:47,108,17,91,2,143141,,,,,,Overdue
B784,R784,6,7,6,360,11:40,366,11:46,90,15,75,1,276640,30.0,345.0,11:25,363.0,11:43,Complete
B785,,6,9,7,367,11:47,374,11:54,128,22,106,2,140584,,,,,,Overdue
B786,R786,2,5,6,356,11:36,362,11:42,69,10,59,1,143708,12.0,346.0,11:26,357.0,11:37,Complete
B787,R787,3,5,6,356,11:36,362,11:42,58,10,48,1,145138,37.0,348.0,11:28,359.0,11:39,Complete
B788,,3,9,5,363,11:43,368,11:48,108,17,91,2,143141,,,,,,Overdue
B789,R789,5,3,6,356,11:36,362,11:42,62,10,52,1,144593,24.0,349.0,11:29,360.0,11:40,Complete
B790,R790,6,7,6,360,11:40,366,11:46,90,14,76,1,138263,30.0,348.0,11:28,366.0,11:46,Complete
B791,R791,7,4,4,355,11:35,359,11:39,76,9,67,1,141677,41.0,346.0,11:26,359.0,11:39,Complete
B792,,8,4,5,360,11:40,365,11:45,95,14,81,2,144485,,,,,,Overdue
B793,R793,3,6,5,359,11:39,364,11:44,72,12,60,1,140958,27.0,347.0,11:27,360.0,11:40,Complete
B794,,5,7,5,359,11:39,364,11:44,56,12,44,2,151490,,,,,,Overdue
B795,R795,7,4,4,356,11:36,360,11:40,76,9,67,1,283355,5.0,347.0,11:27,360.0,11:40,Complete
B796,,9,3,5,364,11:44,369,11:49,78,17,61,2,136868,,,,,,Overdue
B797,R797,7,5,6,360,11:40,366,11:46,56,12,44,1,143945,38.0,351.0,11:31,364.0,11:44,Complete
B798,R798,5,7,5,361,11:41,366,11:46,56,12,44,1,143945,35.0,349.0,11:29,365.0,11:45,Complete
B799,R799,7,4,4,358,11:38,362,11:42,76,9,67,1,141677,41.0,349.0,11:29,362.0,11:42,Complete
B800,R800,2,4,5,358,11:38,363,11:43,55,8,47,1,145400,0.0,350.0,11:30,359.0,11:39,Complete
B801,R801,4,2,5,358,11:38,363,11:43,78,8,70,1,142910,46.0,350.0,11:30,362.0,11:42,Complete
B802,R802,5,3,6,360,11:40,366,11:46,62,10,52,1,144593,25.0,350.0,11:30,364.0,11:44,Complete
B803,,6,3,5,362,11:42,367,11:47,85,12,73,2,144472,,,,,,Overdue
B804,,10,3,8,367,11:47,375,11:55,101,17,84,2,145255,,,,,,Overdue
B805,R805,4,7,5,360,11:40,365,11:45,58,9,49,0,136250,15.0,351.0,11:31,365.0,11:45,Complete
B806,,5,9,7,370,11:50,377,11:57,103,19,84,1,141147,,,,,,Overdue
B807,R807,7,4,4,360,11:40,364,11:44,76,9,67,0,136700,48.0,351.0,11:31,364.0,11:44,Complete
B808,R808,2,5,6,362,11:42,368,11:48,69,10,59,0,137950,43.0,352.0,11:32,366.0,11:46,Complete
B809,R809,3,1,5,360,11:40,365,11:45,53,8,45,0,138400,33.0,352.0,11:32,361.0,11:41,Complete
B810,R810,4,2,5,360,11:40,365,11:45,78,8,70,0,138050,46.0,353.0,11:33,365.0,11:45,Complete
B811,R811,4,7,5,361,11:41,366,11:46,58,9,49,0,136250,10.0,352.0,11:32,366.0,11:46,Complete
B812,R812,5,7,5,364,11:44,369,11:49,56,12,44,0,136400,35.0,352.0,11:32,368.0,11:48,Complete
B813,,6,1,5,361,11:41,366,11:46,27,9,18,1,154077,,,,,,Overdue
B814,,9,10,7,373,11:53,380,12:00,107,21,86,2,128325,,,,,,Overdue
B815,,10,3,8,369,11:49,377,11:57,101,17,84,1,141252,,,,,,Overdue
B816,R816,3,5,6,363,11:43,369,11:49,58,10,48,0,138050,42.0,353.0,11:33,364.0,11:44,Complete
B817,,4,2,5,361,11:41,366,11:46,78,8,70,1,142910,,,,,,Overdue
B818,R818,5,3,6,363,11:43,369,11:49,62,10,52,0,138050,25.0,353.0,11:33,367.0,11:47,Complete
B819,,10,6,6,366,11:46,372,11:52,66,13,53,1,142554,,,,,,Overdue
B820,,6,9,7,376,11:56,383,12:03,128,22,106,2,140584,,,,,,Overdue
B821,R821,7,4,4,363,11:43,367,11:47,76,9,67,0,136700,48.0,354.0,11:34,367.0,11:47,Complete
B822,,9,4,6,372,11:52,378,11:58,99,18,81,1,141401,,,,,,Overdue
B823,R823,2,5,6,366,11:46,372,11:52,69,11,58,0,137950,43.0,355.0,11:35,369.0,11:49,Complete
B824,R824,4,2,5,363,11:43,368,11:48,78,8,70,0,138050,3.0,355.0,11:35,368.0,11:48,Complete
B825,R825,4,7,5,364,11:44,369,11:49,58,9,49,0,136250,15.0,355.0,11:35,368.0,11:48,Complete
B826,,9,4,6,372,11:52,378,11:58,99,17,82,1,141350,,,,,,Overdue
B827,R827,4,2,5,364,11:44,369,11:49,78,8,70,0,138050,5.0,357.0,11:37,369.0,11:49,Complete
B828,R828,4,7,5,365,11:45,370,11:50,58,9,49,0,272500,10.0,356.0,11:36,369.0,11:49,Complete
B829,R829,6,7,6,370,11:50,376,11:56,90,14,76,0,134050,2.0,356.0,11:36,374.0,11:54,Complete
B830,,6,8,5,375,11:55,380,12:00,97,19,78,2,138820,,,,,,Overdue
B831,R831,7,4,4,365,11:45,369,11:49,76,9,67,0,273400,11.0,356.0,11:36,366.0,11:46,Complete
B832,,3,9,5,374,11:54,379,11:59,108,17,91,1,139520,,,,,,Overdue
B833,R833,4,7,5,366,11:46,371,11:51,58,9,49,0,136250,32.0,357.0,11:37,370.0,11:50,Complete
B834,R834,5,3,6,367,11:47,373,11:53,62,10,52,0,138050,40.0,357.0,11:37,368.0,11:48,Complete
B835,R835,6,7,6,372,11:52,378,11:58,90,15,75,0,268100,2.0,359.0,11:39,377.0,11:57,Complete
B836,R836,4,2,5,367,11:47,372,11:52,78,8,70,0,414150,3.0,359.0,11:39,371.0,11:51,Complete
B837,R837,6,7,6,374,11:54,380,12:00,90,15,75,0,134050,18.0,359.0,11:39,377.0,11:57,Complete
B838,,10,3,8,376,11:56,384,12:04,101,17,84,2,145255,,,,,,Overdue
B839,,4,9,6,378,11:58,384,12:04,102,18,84,2,145367,,,,,,Overdue
B840,,7,6,5,374,11:54,379,11:59,86,14,72,1,138016,,,,,,Overdue
B841,R841,10,4,5,374,11:54,379,11:59,66,14,52,1,143825,29.0,360.0,11:40,378.0,11:58,Complete
B842,,3,9,5,379,11:59,384,12:04,108,17,91,2,143141,,,,,,Overdue
B843,R843,4,2,5,370,11:50,375,11:55,78,8,70,1,142910,22.0,362.0,11:42,371.0,11:51,Complete
B844,,6,7,6,376,11:56,382,12:02,90,14,76,2,142477,,,,,,Overdue
B845,R845,7,4,4,371,11:51,375,11:55,76,9,67,1,141677,44.0,362.0,11:42,372.0,11:52,Complete
B846,R846,5,9,7,382,12:02,389,12:09,103,19,84,1,141147,37.0,369.0,11:49,389.0,12:09,Complete
B847,,6,7,6,378,11:58,384,12:04,90,15,75,2,142590,,,,,,Overdue
B848,R848,10,3,8,380,12:00,388,12:08,101,17,84,1,141252,29.0,363.0,11:43,388.0,12:08,Complete
B849,R849,8,4,5,378,11:58,383,12:03,95,14,81,1,140392,19.0,364.0,11:44,383.0,12:03,Complete
B850,R850,4,2,5,373,11:53,378,11:58,78,8,70,1,142910,0.0,365.0,11:45,377.0,11:57,Complete
B851,,10,9,6,386,12:06,392,12:12,106,21,85,2,123088,,,,,,Overdue
B852,R852,5,9,7,385,12:05,392,12:12,103,19,84,1,141147,37.0,366.0,11:46,392.0,12:12,Complete
B853,R853,6,7,6,380,12:00,386,12:06,90,14,76,1,138263,23.0,367.0,11:47,385.0,12:05,Complete
B854,,9,4,6,384,12:04,390,12:10,99,18,81,2,145552,,,,,,Overdue
B855,,10,9,6,387,12:07,393,12:13,106,21,85,2,123088,,,,,,Overdue
B856,,5,8,5,382,12:02,387,12:07,82,15,67,2,144529,,,,,,Overdue
B857,R857,6,7,6,382,12:02,388,12:08,90,15,75,1,138320,23.0,370.0,11:50,388.0,12:08,Complete
B858,,7,9,6,381,12:01,387,12:07,89,14,75,2,145253,,,,,,Overdue
B859,R859,4,2,5,376,11:56,381,12:01,78,8,70,1,285821,0.0,368.0,11:48,380.0,12:00,Complete
B860,,9,5,5,387,12:07,392,12:12,98,19,79,2,142608,,,,,,Overdue
B861,R861,2,5,6,380,12:00,386,12:06,69,11,58,1,143807,5.0,372.0,11:52,383.0,12:03,Complete
B862,R862,4,9,6,386,12:06,392,12:12,102,17,85,1,282623,7.0,369.0,11:49,390.0,12:10,Complete
B863,R863,8,4,5,382,12:02,387,12:07,95,13,82,1,140342,19.0,369.0,11:49,386.0,12:06,Complete
B864,,8,6,5,388,12:08,393,12:13,101,19,82,2,141412,,,,,,Overdue
B865,R865,2,1,5,379,11:59,384,12:04,53,9,44,1,146005,3.0,374.0,11:54,384.0,12:04,Complete
B866,R866,4,2,5,378,11:58,383,12:03,78,8,70,1,142910,11.0,370.0,11:50,379.0,11:59,Complete
B867,R867,7,1,5,379,11:59,384,12:04,68,9,59,1,142461,10.0,372.0,11:52,382.0,12:02,Complete
B868,,3,10,8,388,12:08,396,12:16,93,17,76,1,140608,,,,,,Overdue
B869,,4,7,5,380,12:00,385,12:05,58,9,49,1,143010,,,,,,Overdue
B870,,6,7,6,386,12:06,392,12:12,90,15,75,1,138320,,,,,,Overdue
B871,R871,7,1,5,380,12:00,385,12:05,68,9,59,0,136800,15.0,371.0,11:51,381.0,12:01,Complete
B872,R872,4,9,6,390,12:10,396,12:16,102,18,84,0,137350,7.0,372.0,11:52,393.0,12:13,Complete
B873,R873,7,4,4,381,12:01,385,12:05,76,9,67,0,410100,4.0,372.0,11:52,382.0,12:02,Complete
B874,R874,9,4,6,390,12:10,396,12:16,99,18,81,0,137250,14.0,372.0,11:52,395.0,12:15,Complete
B875,R875,6,1,5,382,12:02,387,12:07,27,9,18,0,135800,27.0,373.0,11:53,383.0,12:03,Complete
B876,,6,7,6,388,12:08,394,12:14,90,14,76,1,138263,,,,,,Overdue
B877,R877,7,4,4,383,12:03,387,12:07,76,9,67,0,136700,30.0,374.0,11:54,387.0,12:07,Complete
B878,,9,4,6,392,12:12,398,12:18,99,18,81,1,141401,,,,,,Overdue
B879,,10,3,8,391,12:11,399,12:19,101,17,84,1,141252,,,,,,Overdue
B880,R880,2,4,5,383,12:03,388,12:08,55,8,47,0,276300,1.0,375.0,11:55,388.0,12:08,Complete
B881,,4,9,6,392,12:12,398,12:18,102,17,85,1,141311,,,,,,Overdue
B882,,9,3,5,392,12:12,397,12:17,78,17,61,1,132159,,,,,,Overdue
B883,R883,4,3,4,385,12:05,389,12:09,56,9,47,0,138250,44.0,376.0,11:56,389.0,12:09,Complete
B884,R884,4,7,5,385,12:05,390,12:10,58,9,49,0,136250,9.0,376.0,11:56,389.0,12:09,Complete
B885,,9,1,8,394,12:14,402,12:22,102,18,84,2,145144,,,,,,Overdue
B886,R886,7,6,5,392,12:12,397,12:17,86,15,71,0,133600,30.0,377.0,11:57,397.0,12:17,Complete
B887,R887,9,4,6,394,12:14,400,12:20,99,17,82,0,411750,14.0,377.0,11:57,398.0,12:18,Complete
B888,,1,8,5,392,12:12,397,12:17,93,14,79,1,140602,,,,,,Overdue
B889,R889,3,6,5,390,12:10,395,12:15,72,12,60,1,140958,25.0,380.0,12:00,393.0,12:13,Complete
B890,,6,7,6,392,12:12,398,12:18,90,14,76,1,138263,,,,,,Overdue
B891,R891,7,1,5,387,12:07,392,12:12,68,9,59,1,142461,18.0,380.0,12:00,390.0,12:10,Complete
B892,R892,7,4,4,387,12:07,391,12:11,76,9,67,0,136700,32.0,378.0,11:58,388.0,12:08,Complete
B893,R893,2,4,5,387,12:07,392,12:12,55,8,47,0,138150,1.0,379.0,11:59,391.0,12:11,Complete
B894,,2,6,5,392,12:12,397,12:17,85,13,72,1,140369,,,,,,Overdue
B895,R895,3,1,5,387,12:07,392,12:12,53,8,45,0,138400,24.0,379.0,11:59,388.0,12:08,Complete
B896,R896,4,2,5,387,12:07,392,12:12,78,8,70,0,138050,41.0,379.0,11:59,388.0,12:08,Complete
B897,R897,4,3,4,388,12:08,392,12:12,56,9,47,0,138250,44.0,379.0,11:59,392.0,12:12,Complete
B898,R898,4,7,5,388,12:08,393,12:13,58,9,49,0,136250,9.0,379.0,11:59,392.0,12:12,Complete
B899,,6,1,5,388,12:08,393,12:13,27,9,18,1,154077,,,,,,Overdue
B900,,6,7,6,394,12:14,400,12:20,90,15,75,2,142590,,,,,,Overdue
B901,,4,8,5,394,12:14,399,12:19,76,14,62,1,138458,,,,,,Overdue
B902,,6,7,5,394,12:14,399,12:19,90,14,76,1,138263,,,,,,Overdue
B903,,10,3,7,397,12:17,404,12:24,101,17,84,2,145255,,,,,,Overdue
B904,,1,10,5,396,12:16,401,12:21,55,15,40,2,151750,,,,,,Overdue
B905,,1,10,5,398,12:18,403,12:23,55,15,40,2,151750,,,,,,Overdue
B906,R906,7,4,4,392,12:12,396,12:16,76,9,67,1,141677,35.0,383.0,12:03,396.0,12:16,Complete
B907,R907,3,9,5,403,12:23,408,12:28,108,17,91,1,139520,40.0,386.0,12:06,407.0,12:27,Complete
B908,R908,7,4,4,395,12:15,399,12:19,76,9,67,1,141677,35.0,386.0,12:06,399.0,12:19,Complete
B909,,10,4,5,400,12:20,405,12:25,66,14,52,2,150301,,,,,,Overdue
B910,R910,4,2,4,395,12:15,399,12:19,78,8,70,1,142910,4.0,387.0,12:07,396.0,12:16,Complete
B911,R911,3,9,5,405,12:25,410,12:30,108,17,91,1,139520,40.0,389.0,12:09,410.0,12:30,Complete
B912,R912,7,1,5,397,12:17,402,12:22,68,9,59,1,142461,23.0,391.0,12:11,401.0,12:21,Complete
B913,,10,4,5,402,12:22,407,12:27,66,14,52,2,150301,,,,,,Overdue
B914,R914,4,2,4,397,12:17,401,12:21,78,8,70,1,142910,19.0,389.0,12:09,398.0,12:18,Complete
B915,,10,3,7,406,12:26,413,12:33,101,17,84,2,145255,,,,,,Overdue
B916,,3,9,5,407,12:27,412,12:32,108,17,91,2,143141,,,,,,Overdue
B917,R917,5,10,4,402,12:22,406,12:26,45,12,33,1,145769,6.0,390.0,12:10,403.0,12:23,Complete
B918,,9,3,5,409,12:29,414,12:34,78,17,61,1,132159,,,,,,Overdue
B919,,10,3,7,409,12:29,416,12:36,101,17,84,1,141252,,,,,,Overdue
B920,,3,6,4,405,12:25,409,12:29,72,12,60,1,140958,,,,,,Overdue
B921,R921,4,3,4,402,12:22,406,12:26,56,9,47,0,138250,1.0,394.0,12:14,404.0,12:24,Complete
B922,,4,10,5,407,12:27,412,12:32,75,14,61,1,142978,,,,,,Overdue
B923,,7,4,4,402,12:22,406,12:26,76,9,67,1,141677,,,,,,Overdue
B924,,9,4,5,410,12:30,415,12:35,99,17,82,1,141350,,,,,,Overdue
B925,R925,1,10,5,410,12:30,415,12:35,55,16,39,0,135400,15.0,394.0,12:14,415.0,12:35,Complete
B926,,4,9,5,412,12:32,417,12:37,102,18,84,1,141358,,,,,,Overdue
B927,,5,10,4,406,12:26,410,12:30,45,12,33,1,145769,,,,,,Overdue
B928,,7,1,5,403,12:23,408,12:28,68,9,59,1,142461,,,,,,Overdue
B929,,10,3,7,413,12:33,420,12:40,101,17,84,2,145255,,,,,,Overdue
B930,,10,3,7,414,12:34,421,12:41,101,17,84,2,145255,,,,,,Overdue
B931,,9,1,7,416,12:36,423,12:43,102,18,84,2,145144,,,,,,Overdue
B932,R932,1,10,5,414,12:34,419,12:39,55,15,40,0,135400,15.0,399.0,12:19,418.0,12:38,Complete
B933,R933,3,6,4,411,12:31,415,12:35,72,12,60,1,140958,29.0,400.0,12:20,413.0,12:33,Complete
B934,,4,8,5,412,12:32,417,12:37,76,13,63,1,138377,,,,,,Overdue
B935,,7,1,5,408,12:28,413,12:33,68,9,59,1,142461,,,,,,Overdue
B936,,7,6,5,414,12:34,419,12:39,86,15,71,1,138078,,,,,,Overdue
B937,R937,3,9,5,417,12:37,422,12:42,108,17,91,1,139520,44.0,400.0,12:20,422.0,12:42,Complete
B938,R938,4,10,5,414,12:34,419,12:39,75,14,61,1,142978,35.0,402.0,12:22,417.0,12:37,Complete
B939,,7,4,4,409,12:29,413,12:33,76,9,67,1,141677,,,,,,Overdue
B940,,1,9,6,419,12:39,425,12:45,104,18,86,2,145069,,,,,,Overdue
B941,R941,7,4,4,410,12:30,414,12:34,76,9,67,1,283355,2.0,401.0,12:21,411.0,12:31,Complete
B942,R942,4,7,4,412,12:32,416,12:36,58,9,49,1,143010,14.0,403.0,12:23,413.0,12:33,Complete
B943,R943,3,9,5,421,12:41,426,12:46,108,17,91,1,139520,44.0,404.0,12:24,425.0,12:45,Complete
B944,,10,3,7,421,12:41,428,12:48,101,17,84,2,145255,,,,,,Overdue
B945,R945,5,3,5,416,12:36,421,12:41,62,10,52,1,144593,5.0,406.0,12:26,417.0,12:37,Complete
B946,R946,6,1,5,415,12:35,420,12:40,27,9,18,1,154077,25.0,406.0,12:26,416.0,12:36,Complete
B947,R947,7,4,4,415,12:35,419,12:39,76,9,67,1,141677,9.0,406.0,12:26,419.0,12:39,Complete
B948,R948,1,9,6,425,12:45,431,12:51,104,18,86,1,141159,18.0,407.0,12:27,429.0,12:49,Complete
B949,,9,4,5,426,12:46,431,12:51,99,18,81,2,145552,,,,,,Overdue
B950,,1,10,5,424,12:44,429,12:49,55,15,40,2,151750,,,,,,Overdue
B951,R951,7,4,4,418,12:38,422,12:42,76,9,67,1,283355,9.0,409.0,12:29,422.0,12:42,Complete
B952,,1,8,5,424,12:44,429,12:49,93,14,79,2,144805,,,,,,Overdue
B953,R953,1,9,6,428,12:48,434,12:54,104,18,86,1,141159,18.0,410.0,12:30,432.0,12:52,Complete
B954,,7,4,4,419,12:39,423,12:43,76,9,67,2,146655,,,,,,Overdue
B955,R955,2,5,6,422,12:42,428,12:48,69,11,58,0,137950,0.0,411.0,12:31,426.0,12:46,Complete
B956,,3,9,5,428,12:48,433,12:53,108,17,91,1,139520,,,,,,Overdue
B957,,6,2,5,424,12:44,429,12:49,80,13,67,1,140280,,,,,,Overdue
B958,R958,1,9,6,430,12:50,436,12:56,104,18,86,0,137250,20.0,412.0,12:32,434.0,12:54,Complete
B959,,4,9,5,430,12:50,435,12:55,102,17,85,1,141311,,,,,,Overdue
B960,R960,1,9,6,432,12:52,438,12:58,104,18,86,0,137250,20.0,415.0,12:35,437.0,12:57,Complete
B961,,10,3,7,431,12:51,438,12:58,101,17,84,1,141252,,,,,,Overdue
B962,R962,2,5,6,426,12:46,432,12:52,69,11,58,0,137950,0.0,415.0,12:35,429.0,12:49,Complete
B963,,2,9,5,431,12:51,436,12:56,60,16,44,1,135815,,,,,,Overdue
B964,R964,2,5,6,426,12:46,432,12:52,69,10,59,0,137950,4.0,416.0,12:36,427.0,12:47,Complete
B965,R965,5,2,5,426,12:46,431,12:51,66,10,56,0,137950,12.0,416.0,12:36,427.0,12:47,Complete
B966,,10,3,7,433,12:53,440,13:00,101,17,84,2,145255,,,,,,Overdue
B967,R967,6,7,5,432,12:52,437,12:57,90,14,76,0,134050,29.0,418.0,12:38,437.0,12:57,Complete
B968,,3,9,5,436,12:56,441,13:01,108,17,91,2,143141,,,,,,Overdue
B969,,1,10,5,436,12:56,441,13:01,55,16,39,2,152169,,,,,,Overdue
B970,,10,3,7,437,12:57,444,13:04,101,17,84,2,145255,,,,,,Overdue
B971,,10,4,5,434,12:54,439,12:59,66,14,52,1,143825,,,,,,Overdue
B972,,1,10,5,436,12:56,441,13:01,55,15,40,2,151750,,,,,,Overdue
B973,R973,3,6,4,433,12:53,437,12:57,72,12,60,1,140958,1.0,421.0,12:41,434.0,12:54,Complete
B974,,3,9,5,439,12:59,444,13:04,108,17,91,2,143141,,,,,,Overdue
B975,,6,7,5,436,12:56,441,13:01,90,14,76,2,142477,,,,,,Overdue
B976,,7,4,4,431,12:51,435,12:55,76,9,67,1,141677,,,,,,Overdue
B977,R977,2,5,6,434,12:54,440,13:00,69,10,59,1,143708,11.0,424.0,12:44,439.0,12:59,Complete
B978,,2,10,8,442,13:02,450,13:10,104,18,86,2,142781,,,,,,Overdue
B979,,7,4,4,433,12:53,437,12:57,76,9,67,1,141677,,,,,,Overdue
B980,,9,4,5,442,13:02,447,13:07,99,17,82,2,145451,,,,,,Overdue
B981,,10,3,7,442,13:02,449,13:09,101,17,84,2,145255,,,,,,Overdue
B982,,2,6,5,439,12:59,444,13:04,85,13,72,2,144938,,,,,,Overdue
B983,,6,10,5,438,12:58,443,13:03,69,12,57,2,147931,,,,,,Overdue
B984,,10,3,7,444,13:04,451,13:11,101,17,84,2,145255,,,,,,Overdue
B985,R985,2,5,6,438,12:58,444,13:04,69,10,59,1,143708,11.0,428.0,12:48,442.0,13:02,Complete
B986,,3,9,5,445,13:05,450,13:10,108,17,91,2,143141,,,,,,Overdue
B987,,7,4,4,437,12:57,441,13:01,76,9,67,2,146655,,,,,,Overdue
B988,,7,4,4,438,12:58,442,13:02,76,9,67,2,146655,,,,,,Overdue
B989,,9,6,5,451,13:11,456,13:16,125,22,103,2,138787,,,,,,Overdue
B990,R990,2,5,6,440,13:00,446,13:06,69,10,59,1,143708,12.0,430.0,12:50,446.0,13:06,Complete
B991,,7,10,7,448,13:08,455,13:15,81,18,63,2,138365,,,,,,Overdue
B992,,1,10,5,448,13:08,453,13:13,55,16,39,1,143784,,,,,,Overdue
B993,,4,10,5,446,13:06,451,13:11,75,14,61,1,142978,,,,,,Overdue
B994,R994,7,4,4,441,13:01,445,13:05,76,9,67,0,136700,14.0,432.0,12:52,445.0,13:05,Complete
B995,,6,7,5,448,13:08,453,13:13,90,14,76,1,138263,,,,,,Overdue
B996,,7,4,4,443,13:03,447,13:07,76,9,67,1,141677,,,,,,Overdue
B997,R997,2,5,6,446,13:06,452,13:12,69,11,58,0,137950,12.0,435.0,12:55,449.0,13:09,Complete
B998,,2,6,5,448,13:08,453,13:13,85,13,72,1,140369,,,,,,Overdue
B999,R999,4,9,5,452,13:12,457,13:17,102,17,85,0,137350,48.0,435.0,12:55,456.0,13:16,Complete
B1000,R1000,7,4,4,444,13:04,448,13:08,76,9,67,0,273400,14.0,435.0,12:55,448.0,13:08,Complete
B1001,R1001,9,4,5,452,13:12,457,13:17,99,17,82,0,137250,18.0,435.0,12:55,456.0,13:16,Complete
B1002,R1002,2,5,6,446,13:06,452,13:12,69,10,59,1,143708,22.0,440.0,13:00,451.0,13:11,Complete
B1003,,4,8,5,450,13:10,455,13:15,76,14,62,1,138458,,,,,,Overdue
B1004,R1004,4,9,5,454,13:14,459,13:19,102,18,84,0,137350,48.0,438.0,12:58,459.0,13:19,Complete
B1005,R1005,2,5,6,448,13:08,454,13:14,69,11,58,0,137950,19.0,437.0,12:57,454.0,13:14,Complete
B1006,,9,1,7,455,13:15,462,13:22,102,18,84,2,145144,,,,,,Overdue
B1007,R1007,9,4,5,454,13:14,459,13:19,99,17,82,0,137250,18.0,438.0,12:58,459.0,13:19,Complete
B1008,R1008,1,3,5,446,13:06,451,13:11,62,8,54,0,138300,3.0,438.0,12:58,447.0,13:07,Complete
B1009,,8,3,5,450,13:10,455,13:15,54,12,42,1,143241,,,,,,Overdue
B1010,,1,9,6,457,13:17,463,13:23,104,18,86,2,145069,,,,,,Overdue
B1011,,6,7,5,454,13:14,459,13:19,90,14,76,1,138263,,,,,,Overdue
B1012,R1012,7,4,4,450,13:10,454,13:14,76,9,67,1,141677,29.0,441.0,13:01,454.0,13:14,Complete
B1013,,8,4,5,454,13:14,459,13:19,95,13,82,1,140342,,,,,,Overdue
B1014,,8,6,5,462,13:22,467,13:27,101,19,82,2,141412,,,,,,Overdue
B1015,R1015,7,4,4,453,13:13,457,13:17,76,9,67,1,141677,29.0,444.0,13:04,457.0,13:17,Complete
B1016,,1,9,7,463,13:23,470,13:30,104,18,86,2,145069,,,,,,Overdue
B1017,,2,6,5,458,13:18,463,13:23,85,13,72,2,144938,,,,,,Overdue
B1018,R1018,6,7,5,460,13:20,465,13:25,90,15,75,1,138320,30.0,445.0,13:05,463.0,13:23,Complete
B1019,,10,3,8,462,13:22,470,13:30,101,17,84,2,145255,,,,,,Overdue
B1020,,7,4,4,455,13:15,459,13:19,76,9,67,1,141677,,,,,,Overdue
B1021,R1021,4,7,4,456,13:16,460,13:20,58,9,49,1,143010,32.0,447.0,13:07,457.0,13:17,Complete
B1022,,7,1,5,456,13:16,461,13:21,68,9,59,2,148122,,,,,,Overdue
B1023,,9,2,5,464,13:24,469,13:29,106,16,90,2,143555,,,,,,Overdue
B1024,,7,5,5,463,13:23,468,13:28,56,12,44,1,143945,,,,,,Overdue
B1025,,10,9,5,472,13:32,477,13:37,106,21,85,1,120294,,,,,,Overdue
B1026,R1026,1,10,5,468,13:28,473,13:33,55,16,39,0,135400,10.0,452.0,13:12,473.0,13:33,Complete
B1027,,6,7,5,466,13:26,471,13:31,90,14,76,1,138263,,,,,,Overdue
B1028,R1028,8,3,5,465,13:25,470,13:30,54,12,42,0,135450,47.0,453.0,13:13,470.0,13:30,Complete
B1029,,9,2,5,469,13:29,474,13:34,106,16,90,1,139877,,,,,,Overdue
B1030,R1030,9,1,7,472,13:32,479,13:39,102,18,84,0,137150,44.0,454.0,13:14,479.0,13:39,Complete
B1031,R1031,4,2,4,463,13:23,467,13:27,78,8,70,0,138050,9.0,455.0,13:15,467.0,13:27,Complete
B1032,R1032,4,7,4,464,13:24,468,13:28,58,9,49,0,136250,8.0,455.0,13:15,465.0,13:25,Complete
B1033,R1033,10,3,8,472,13:32,480,13:40,101,17,84,0,137250,6.0,455.0,13:15,479.0,13:39,Complete
B1034,R1034,10,4,5,469,13:29,474,13:34,66,14,52,0,137350,15.0,455.0,13:15,473.0,13:33,Complete
B1035,R1035,1,10,5,472,13:32,477,13:37,55,15,40,0,135400,10.0,457.0,13:17,476.0,13:36,Complete
B1036,R1036,4,9,5,474,13:34,479,13:39,102,17,85,0,274700,2.0,457.0,13:17,478.0,13:38,Complete
B1037,R1037,8,3,5,469,13:29,474,13:34,54,12,42,0,135450,47.0,457.0,13:17,473.0,13:33,Complete
B1038,R1038,10,3,8,474,13:34,482,13:42,101,17,84,0,274500,6.0,458.0,13:18,482.0,13:42,Complete
B1039,R1039,4,2,4,466,13:26,470,13:30,78,8,70,0,138050,9.0,458.0,13:18,470.0,13:30,Complete
B1040,,4,9,5,476,13:36,481,13:41,102,18,84,2,145367,,,,,,Overdue
B1041,R1041,7,4,4,467,13:27,471,13:31,76,9,67,1,141677,32.0,460.0,13:20,470.0,13:30,Complete
B1042,,9,4,6,476,13:36,482,13:42,99,18,81,2,145552,,,,,,Overdue
B1043,R1043,10,4,5,472,13:32,477,13:37,66,14,52,0,137350,15.0,458.0,13:18,476.0,13:36,Complete
B1044,,10,9,5,479,13:39,484,13:44,106,21,85,2,123088,,,,,,Overdue
B1045,,7,4,4,469,13:29,473,13:33,76,9,67,1,141677,,,,,,Overdue
B1046,,8,3,5,472,13:32,477,13:37,54,12,42,1,143241,,,,,,Overdue
B1047,,8,4,5,474,13:34,479,13:39,95,14,81,1,140392,,,,,,Overdue
B1048,R1048,4,2,4,469,13:29,473,13:33,78,8,70,1,142910,14.0,461.0,13:21,470.0,13:30,Complete
B1049,R1049,6,7,5,476,13:36,481,13:41,90,15,75,1,276640,1.0,461.0,13:21,479.0,13:39,Complete
B1050,,10,3,8,478,13:38,486,13:46,101,17,84,2,145255,,,,,,Overdue
B1051,R1051,6,7,5,478,13:38,483,13:43,90,15,75,1,138320,1.0,464.0,13:24,482.0,13:42,Complete
B1052,,7,5,5,475,13:35,480,13:40,56,12,44,2,151490,,,,,,Overdue
B1053,R1053,4,7,4,473,13:33,477,13:37,58,9,49,1,143010,29.0,464.0,13:24,474.0,13:34,Complete
B1054,,10,3,8,482,13:42,490,13:50,101,17,84,2,145255,,,,,,Overdue
B1055,R1055,4,9,5,484,13:44,489,13:49,102,18,84,1,141358,23.0,466.0,13:26,489.0,13:49,Complete
B1056,R1056,7,1,5,477,13:37,482,13:42,68,9,59,1,142461,8.0,468.0,13:28,478.0,13:38,Complete
B1057,,6,7,5,484,13:44,489,13:49,90,15,75,2,142590,,,,,,Overdue
B1058,R1058,7,4,4,479,13:39,483,13:43,76,9,67,1,141677,30.0,470.0,13:30,480.0,13:40,Complete
B1059,,9,4,6,488,13:48,494,13:54,99,18,81,2,145552,,,,,,Overdue
B1060,R1060,4,7,4,480,13:40,484,13:44,58,9,49,0,136250,32.0,473.0,13:33,483.0,13:43,Complete
B1061,R1061,4,9,5,488,13:48,493,13:53,102,17,85,0,137350,23.0,471.0,13:31,492.0,13:52,Complete
B1062,R1062,9,2,5,487,13:47,492,13:52,106,16,90,0,136200,7.0,471.0,13:31,491.0,13:51,Complete
B1063,R1063,4,2,4,480,13:40,484,13:44,78,8,70,0,138050,18.0,472.0,13:32,484.0,13:44,Complete
B1064,,10,2,6,490,13:50,496,13:56,105,18,87,1,138947,,,,,,Overdue
B1065,,10,3,8,489,13:49,497,13:57,101,17,84,1,141252,,,,,,Overdue
B1066,R1066,9,2,5,489,13:49,494,13:54,106,16,90,0,136200,7.0,474.0,13:34,494.0,13:54,Complete
B1067,,7,6,5,488,13:48,493,13:53,86,14,72,1,138016,,,,,,Overdue
B1068,,1,9,7,493,13:53,500,14:00,104,18,86,2,145069,,,,,,Overdue
B1069,,3,10,6,492,13:52,498,13:58,93,17,76,1,140608,,,,,,Overdue
B1070,R1070,4,2,4,483,13:43,487,13:47,78,8,70,0,138050,18.0,475.0,13:35,487.0,13:47,Complete
B1071,,4,7,4,484,13:44,488,13:48,58,9,49,1,143010,,,,,,Overdue
B1072,R1072,7,4,4,484,13:44,488,13:48,76,9,67,0,136700,29.0,477.0,13:37,487.0,13:47,Complete
B1073,,9,4,6,494,13:54,500,14:00,99,17,82,2,145451,,,,,,Overdue
B1074,,7,4,4,489,13:49,493,13:53,76,9,67,1,141677,,,,,,Overdue
B1075,,7,5,5,492,13:52,497,13:57,56,12,44,1,143945,,,,,,Overdue
B1076,,6,7,5,496,13:56,501,14:01,90,15,75,2,142590,,,,,,Overdue
B1077,R1077,10,4,5,496,13:56,501,14:01,66,14,52,1,143825,10.0,482.0,13:42,500.0,14:00,Complete
B1078,,1,10,5,498,13:58,503,14:03,55,15,40,2,151750,,,,,,Overdue
B1079,,5,9,5,502,14:02,507,14:07,103,19,84,2,145144,,,,,,Overdue
B1080,,6,7,5,498,13:58,503,14:03,90,15,75,2,142590,,,,,,Overdue
B1081,,7,4,4,492,13:52,496,13:56,76,9,67,1,141677,,,,,,Overdue
B1082,,7,4,4,494,13:54,498,13:58,76,9,67,1,141677,,,,,,Overdue
B1083,R1083,10,3,8,502,14:02,510,14:10,101,17,84,1,141252,10.0,485.0,13:45,510.0,14:10,Complete
B1084,,9,6,5,508,14:08,513,14:13,125,22,103,2,138787,,,,,,Overdue
B1085,,10,3,8,504,14:04,512,14:12,101,17,84,2,145255,,,,,,Overdue
B1086,,3,10,6,505,14:05,511,14:11,93,17,76,2,144967,,,,,,Overdue
B1087,,4,9,5,506,14:06,511,14:11,102,18,84,2,145367,,,,,,Overdue
B1088,,7,4,4,497,13:57,501,14:01,76,9,67,2,146655,,,,,,Overdue
B1089,,7,5,5,500,14:00,505,14:05,56,12,44,2,151490,,,,,,Overdue
B1090,R1090,4,7,4,498,13:58,502,14:02,58,9,49,1,143010,8.0,489.0,13:49,499.0,13:59,Complete
B1091,,7,5,5,501,14:01,506,14:06,56,12,44,2,151490,,,,,,Overdue
B1092,R1092,10,4,5,504,14:04,509,14:09,66,14,52,1,143825,35.0,490.0,13:50,509.0,14:09,Complete
B1093,R1093,4,2,4,499,13:59,503,14:03,78,8,70,0,138050,29.0,491.0,13:51,503.0,14:03,Complete
B1094,R1094,4,7,4,500,14:00,504,14:04,58,9,49,0,136250,24.0,491.0,13:51,501.0,14:01,Complete
B1095,,4,9,5,508,14:08,513,14:13,102,17,85,1,141311,,,,,,Overdue
B1096,,6,7,5,506,14:06,511,14:11,90,15,75,1,138320,,,,,,Overdue
B1097,R1097,7,4,4,500,14:00,504,14:04,76,9,67,0,136700,1.0,491.0,13:51,504.0,14:04,Complete
B1098,,7,4,4,501,14:01,505,14:05,76,9,67,1,141677,,,,,,Overdue
B1099,R1099,9,2,5,508,14:08,513,14:13,106,16,90,0,136200,2.0,492.0,13:52,512.0,14:12,Complete
B1100,,6,7,5,508,14:08,513,14:13,90,15,75,1,138320,,,,,,Overdue
B1101,,7,10,5,511,14:11,516,14:16,81,18,63,1,133682,,,,,,Overdue
B1102,,1,10,5,510,14:10,515,14:15,55,16,39,1,143784,,,,,,Overdue
B1103,R1103,4,2,4,502,14:02,506,14:06,78,8,70,0,138050,29.0,494.0,13:54,506.0,14:06,Complete
B1104,R1104,7,4,4,503,14:03,507,14:07,76,9,67,0,273400,1.0,494.0,13:54,507.0,14:07,Complete
B1105,R1105,10,3,8,511,14:11,519,14:19,101,17,84,0,137250,35.0,494.0,13:54,519.0,14:19,Complete
B1106,R1106,9,2,5,511,14:11,516,14:16,106,16,90,0,136200,2.0,495.0,13:55,515.0,14:15,Complete
B1107,,1,9,7,514,14:14,521,14:21,104,18,86,2,145069,,,,,,Overdue
B1108,,4,9,5,514,14:14,519,14:19,102,18,84,1,141358,,,,,,Overdue
B1109,,6,8,4,515,14:15,519,14:19,97,19,78,1,134910,,,,,,Overdue
B1110,,2,6,5,510,14:10,515,14:15,85,13,72,1,140369,,,,,,Overdue
B1111,,4,9,5,514,14:14,519,14:19,102,17,85,1,141311,,,,,,Overdue
B1112,,6,1,4,506,14:06,510,14:10,27,9,18,1,154077,,,,,,Overdue
B1113,,6,9,6,519,14:19,525,14:25,128,22,106,2,140584,,,,,,Overdue
B1114,,10,4,5,511,14:11,516,14:16,66,14,52,1,143825,,,,,,Overdue
B1115,R1115,7,4,4,507,14:07,511,14:11,76,9,67,0,136700,9.0,498.0,13:58,511.0,14:11,Complete
B1116,,3,10,6,516,14:16,522,14:22,93,17,76,2,144967,,,,,,Overdue
B1117,R1117,7,4,4,508,14:08,512,14:12,76,9,67,0,273400,32.0,499.0,13:59,509.0,14:09,Complete
B1118,,8,3,5,511,14:11,516,14:16,54,12,42,1,143241,,,,,,Overdue
B1119,R1119,2,4,5,508,14:08,513,14:13,55,8,47,1,145400,14.0,500.0,14:00,509.0,14:09,Complete
B1120,R1120,7,4,5,509,14:09,514,14:14,76,9,67,1,141677,24.0,504.0,14:04,514.0,14:14,Complete
B1121,,1,10,6,516,14:16,522,14:22,55,15,40,2,151750,,,,,,Overdue
B1122,R1122,2,1,5,510,14:10,515,14:15,53,9,44,1,146005,18.0,501.0,14:01,511.0,14:11,Complete
B1123,,3,9,5,518,14:18,523,14:23,108,17,91,2,143141,,,,,,Overdue
B1124,R1124,4,2,4,509,14:09,513,14:13,78,8,70,1,285821,15.0,501.0,14:01,513.0,14:13,Complete
B1125,R1125,4,7,4,510,14:10,514,14:14,58,9,49,1,143010,30.0,501.0,14:01,511.0,14:11,Complete
B1126,R1126,1,7,5,511,14:11,516,14:16,67,9,58,1,142558,13.0,502.0,14:02,512.0,14:12,Complete
B1127,,4,7,4,511,14:11,515,14:15,58,9,49,1,143010,,,,,,Overdue
B1128,R1128,1,7,5,512,14:12,517,14:17,67,9,58,1,142558,16.0,503.0,14:03,513.0,14:13,Complete
B1129,R1129,3,4,5,512,14:12,517,14:17,44,9,35,1,148000,6.0,503.0,14:03,516.0,14:16,Complete
B1130,,6,7,5,518,14:18,523,14:23,90,15,75,2,142590,,,,,,Overdue
B1131,,9,1,8,521,14:21,529,14:29,102,18,84,2,145144,,,,,,Overdue
B1132,,3,9,5,521,14:21,526,14:26,108,17,91,2,143141,,,,,,Overdue
B1133,R1133,4,2,4,512,14:12,516,14:16,78,8,70,1,142910,15.0,504.0,14:04,516.0,14:16,Complete
B1134,,7,1,5,513,14:13,518,14:18,68,9,59,1,142461,,,,,,Overdue
B1135,R1135,4,2,4,513,14:13,517,14:17,78,8,70,1,142910,49.0,505.0,14:05,514.0,14:14,Complete
B1136,,4,10,5,519,14:19,524,14:24,75,14,61,2,148507,,,,,,Overdue
B1137,,7,1,5,514,14:14,519,14:19,68,9,59,1,142461,,,,,,Overdue
B1138,R1138,3,4,5,515,14:15,520,14:20,44,9,35,1,148000,6.0,506.0,14:06,519.0,14:19,Complete
B1139,R1139,4,2,4,514,14:14,518,14:18,78,8,70,1,142910,44.0,506.0,14:06,515.0,14:15,Complete
B1140,,10,9,5,527,14:27,532,14:32,106,21,85,2,123088,,,,,,Overdue
B1141,R1141,2,5,5,518,14:18,523,14:23,69,11,58,1,287615,7.0,507.0,14:07,518.0,14:18,Complete
B1142,,2,6,5,520,14:20,525,14:25,85,13,72,2,144938,,,,,,Overdue
B1143,R1143,3,9,5,524,14:24,529,14:29,108,17,91,1,139520,5.0,507.0,14:07,529.0,14:29,Complete
B1144,,6,3,4,519,14:19,523,14:23,85,12,73,2,144472,,,,,,Overdue
B1145,,10,2,8,525,14:25,533,14:33,105,18,87,2,142694,,,,,,Overdue
B1146,R1146,3,4,5,517,14:17,522,14:22,44,9,35,1,148000,47.0,508.0,14:08,518.0,14:18,Complete
B1147,,6,3,4,520,14:20,524,14:24,85,12,73,2,144472,,,,,,Overdue
B1148,R1148,1,7,5,518,14:18,523,14:23,67,9,58,1,142558,21.0,509.0,14:09,519.0,14:19,Complete
B1149,R1149,5,2,5,520,14:20,525,14:25,66,11,55,1,144127,11.0,509.0,14:09,520.0,14:20,Complete
B1150,R1150,7,4,5,518,14:18,523,14:23,76,9,67,1,283355,8.0,509.0,14:09,519.0,14:19,Complete
B1151,,3,6,5,522,14:22,527,14:27,72,12,60,2,146416,,,,,,Overdue
B1152,R1152,4,2,4,518,14:18,522,14:22,78,8,70,1,142910,32.0,512.0,14:12,521.0,14:21,Complete
B1153,,10,3,7,527,14:27,534,14:34,101,17,84,2,145255,,,,,,Overdue
B1154,R1154,3,5,6,521,14:21,527,14:27,58,10,48,0,138050,45.0,511.0,14:11,525.0,14:25,Complete
B1155,R1155,3,9,5,528,14:28,533,14:33,108,17,91,0,271800,5.0,511.0,14:11,532.0,14:32,Complete
B1156,,4,7,4,520,14:20,524,14:24,58,9,49,1,143010,,,,,,Overdue
B1157,,4,9,5,528,14:28,533,14:33,102,17,85,1,141311,,,,,,Overdue
B1158,R1158,2,1,5,521,14:21,526,14:26,53,9,44,0,138250,39.0,512.0,14:12,522.0,14:22,Complete
B1159,R1159,3,5,6,522,14:22,528,14:28,58,10,48,0,138050,45.0,514.0,14:14,528.0,14:28,Complete
B1160,R1160,4,7,4,523,14:23,527,14:27,58,9,49,0,136250,1.0,514.0,14:14,527.0,14:27,Complete
B1161,,6,7,5,528,14:28,533,14:33,90,14,76,1,138263,,,,,,Overdue
B1162,R1162,7,1,5,523,14:23,528,14:28,68,9,59,0,136800,13.0,515.0,14:15,525.0,14:25,Complete
B1163,R1163,1,7,5,524,14:24,529,14:29,67,9,58,0,136800,26.0,515.0,14:15,525.0,14:25,Complete
B1164,R1164,1,7,5,525,14:25,530,14:30,67,9,58,0,136800,27.0,516.0,14:16,526.0,14:26,Complete
B1165,,9,4,6,534,14:34,540,14:40,99,18,81,2,145552,,,,,,Overdue
B1166,,10,3,7,533,14:33,540,14:40,101,17,84,2,145255,,,,,,Overdue
B1167,R1167,4,7,4,526,14:26,530,14:30,58,9,49,0,272500,1.0,517.0,14:17,530.0,14:30,Complete
B1168,,8,3,5,529,14:29,534,14:34,54,12,42,1,143241,,,,,,Overdue
B1169,,1,10,6,534,14:34,540,14:40,55,15,40,2,151750,,,,,,Overdue
B1170,R1170,4,2,4,527,14:27,531,14:31,78,8,70,0,138050,9.0,519.0,14:19,528.0,14:28,Complete
B1171,,4,10,5,533,14:33,538,14:38,75,14,61,1,142978,,,,,,Overdue
B1172,R1172,7,4,5,528,14:28,533,14:33,76,9,67,0,136700,16.0,519.0,14:19,532.0,14:32,Complete
B1173,R1173,4,2,4,528,14:28,532,14:32,78,8,70,1,142910,24.0,520.0,14:20,529.0,14:29,Complete
B1174,,4,8,5,534,14:34,539,14:39,76,14,62,1,138458,,,,,,Overdue
B1175,R1175,5,2,5,530,14:30,535,14:35,66,10,56,1,144016,7.0,521.0,14:21,535.0,14:35,Complete
B1176,R1176,2,5,5,532,14:32,537,14:37,69,11,58,1,143807,32.0,524.0,14:24,535.0,14:35,Complete
B1177,,3,9,5,538,14:38,543,14:43,108,17,91,2,143141,,,,,,Overdue
B1178,R1178,7,4,5,530,14:30,535,14:35,76,9,67,1,141677,21.0,522.0,14:22,532.0,14:32,Complete
B1179,,10,3,7,538,14:38,545,14:45,101,17,84,2,145255,,,,,,Overdue
B1180,R1180,1,2,5,531,14:31,536,14:36,57,9,48,1,145359,25.0,522.0,14:22,532.0,14:32,Complete
B1181,R1181,3,4,5,531,14:31,536,14:36,44,9,35,1,148000,35.0,522.0,14:22,535.0,14:35,Complete
B1182,R1182,4,7,4,531,14:31,535,14:35,58,9,49,1,143010,14.0,522.0,14:22,532.0,14:32,Complete
B1183,,5,9,5,541,14:41,546,14:46,103,19,84,2,145144,,,,,,Overdue
B1184,,6,2,5,535,14:35,540,14:40,80,13,67,2,145161,,,,,,Overdue
B1185,,6,7,5,536,14:36,541,14:41,90,14,76,2,142477,,,,,,Overdue
B1186,,3,5,6,533,14:33,539,14:39,58,10,48,1,145138,,,,,,Overdue
B1187,,4,7,4,532,14:32,536,14:36,58,9,49,1,143010,,,,,,Overdue
B1188,,6,7,5,538,14:38,543,14:43,90,15,75,2,142590,,,,,,Overdue
B1189,R1189,9,1,8,541,14:41,549,14:49,102,18,84,1,141147,40.0,529.0,14:29,548.0,14:48,Complete
B1190,R1190,1,7,5,533,14:33,538,14:38,67,9,58,1,142558,28.0,524.0,14:24,537.0,14:37,Complete
B1191,R1191,3,4,5,533,14:33,538,14:38,44,9,35,1,148000,35.0,525.0,14:25,538.0,14:38,Complete
B1192,,3,6,5,536,14:36,541,14:41,72,12,60,2,146416,,,,,,Overdue
B1193,,4,9,5,542,14:42,547,14:47,102,18,84,2,145367,,,,,,Overdue
B1194,R1194,5,2,5,534,14:34,539,14:39,66,10,56,1,144016,7.0,524.0,14:24,538.0,14:38,Complete
B1195,R1195,6,7,5,538,14:38,543,14:43,90,14,76,1,276527,4.0,527.0,14:27,542.0,14:42,Complete
B1196,,6,9,5,546,14:46,551,14:51,128,22,106,2,140584,,,,,,Overdue
B1197,,10,3,7,541,14:41,548,14:48,101,17,84,2,145255,,,,,,Overdue
B1198,R1198,1,6,4,534,14:34,538,14:38,26,9,17,1,155152,18.0,525.0,14:25,535.0,14:35,Complete
B1199,R1199,1,7,5,534,14:34,539,14:39,67,9,58,1,142558,31.0,525.0,14:25,535.0,14:35,Complete
B1200,R1200,4,2,4,533,14:33,537,14:37,78,8,70,1,142910,47.0,525.0,14:25,537.0,14:37,Complete
B1201,,4,7,4,534,14:34,538,14:38,58,9,49,1,143010,,,,,,Overdue
B1202,R1202,9,4,6,542,14:42,548,14:48,99,17,82,1,141350,23.0,525.0,14:25,546.0,14:46,Complete
B1203,R1203,3,4,5,535,14:35,540,14:40,44,9,35,1,148000,46.0,526.0,14:26,536.0,14:36,Complete
B1204,R1204,6,7,5,540,14:40,545,14:45,90,14,76,1,414791,0.0,527.0,14:27,542.0,14:42,Complete
B1205,R1205,9,1,8,544,14:44,552,14:52,102,18,84,1,141147,40.0,526.0,14:26,551.0,14:51,Complete
B1206,R1206,1,7,5,536,14:36,541,14:41,67,9,58,1,142558,28.0,527.0,14:27,540.0,14:40,Complete
B1207,,1,9,7,545,14:45,552,14:52,104,18,86,2,145069,,,,,,Overdue
B1208,,8,6,5,546,14:46,551,14:51,101,19,82,2,141412,,,,,,Overdue
B1209,R1209,4,2,4,536,14:36,540,14:40,78,8,70,1,142910,47.0,528.0,14:28,540.0,14:40,Complete
B1210,R1210,9,4,6,546,14:46,552,14:52,99,18,81,1,141401,23.0,528.0,14:28,549.0,14:49,Complete
B1211,,1,9,7,547,14:47,554,14:54,104,18,86,2,145069,,,,,,Overdue
B1212,,1,10,6,544,14:44,550,14:50,55,15,40,2,151750,,,,,,Overdue
B1213,R1213,2,4,5,537,14:37,542,14:42,55,8,47,1,145400,9.0,531.0,14:31,540.0,14:40,Complete
B1214,R1214,3,5,6,539,14:39,545,14:45,58,10,48,1,145138,3.0,529.0,14:29,545.0,14:45,Complete
B1215,,4,7,4,538,14:38,542,14:42,58,9,49,2,149770,,,,,,Overdue
B1216,R1216,1,7,5,539,14:39,544,14:44,67,9,58,1,142558,33.0,530.0,14:30,540.0,14:40,Complete
B1217,R1217,2,4,5,538,14:38,543,14:43,55,8,47,1,145400,11.0,530.0,14:30,539.0,14:39,Complete
B1218,R1218,3,10,6,547,14:47,553,14:53,93,17,76,1,281217,10.0,530.0,14:30,548.0,14:48,Complete
B1219,R1219,4,2,4,538,14:38,542,14:42,78,8,70,1,142910,38.0,530.0,14:30,539.0,14:39,Complete
B1220,R1220,1,6,4,540,14:40,544,14:44,26,9,17,0,135800,39.0,531.0,14:31,541.0,14:41,Complete
B1221,R1221,2,1,5,540,14:40,545,14:45,53,9,44,0,138250,29.0,531.0,14:31,541.0,14:41,Complete
B1222,,2,9,5,547,14:47,552,14:52,60,16,44,1,135815,,,,,,Overdue
B1223,,4,7,4,540,14:40,544,14:44,58,9,49,1,143010,,,,,,Overdue
B1224,,6,3,4,543,14:43,547,14:47,85,12,73,1,139986,,,,,,Overdue
B1225,R1225,9,4,6,548,14:48,554,14:54,99,17,82,0,137250,37.0,531.0,14:31,554.0,14:54,Complete
B1226,R1226,4,7,4,541,14:41,545,14:45,58,9,49,0,136250,6.0,532.0,14:32,545.0,14:45,Complete
B1227,R1227,9,4,6,550,14:50,556,14:56,99,18,81,0,137250,36.0,532.0,14:32,553.0,14:53,Complete
B1228,,1,6,4,542,14:42,546,14:46,26,9,17,1,155152,,,,,,Overdue
B1229,R1229,1,7,5,542,14:42,547,14:47,67,9,58,0,136800,13.0,533.0,14:33,546.0,14:46,Complete
B1230,R1230,3,5,6,544,14:44,550,14:50,58,10,48,0,276100,3.0,534.0,14:34,548.0,14:48,Complete
B1231,,4,10,5,548,14:48,553,14:53,75,14,61,1,142978,,,,,,Overdue
B1232,R1232,2,5,5,546,14:46,551,14:51,69,11,58,0,137950,41.0,535.0,14:35,546.0,14:46,Complete
B1233,,3,6,5,547,14:47,552,14:52,72,12,60,1,140958,,,,,,Overdue
B1234,R1234,4,7,4,544,14:44,548,14:48,58,9,49,0,408750,6.0,535.0,14:35,548.0,14:48,Complete
B1235,R1235,7,4,5,544,14:44,549,14:49,76,9,67,0,136700,26.0,535.0,14:35,545.0,14:45,Complete
B1236,R1236,9,4,6,552,14:52,558,14:58,99,17,82,0,137250,36.0,535.0,14:35,556.0,14:56,Complete
B1237,,10,4,5,549,14:49,554,14:54,66,14,52,1,143825,,,,,,Overdue
B1238,R1238,1,7,5,545,14:45,550,14:50,67,9,58,0,273600,13.0,536.0,14:36,549.0,14:49,Complete
B1239,R1239,4,7,4,545,14:45,549,14:49,58,9,49,0,272500,8.0,536.0,14:36,549.0,14:49,Complete
B1240,,4,9,5,554,14:54,559,14:59,102,18,84,1,141358,,,,,,Overdue
B1241,R1241,7,4,5,545,14:45,550,14:50,76,9,67,0,273400,14.0,536.0,14:36,546.0,14:46,Complete
B1242,,8,6,5,555,14:55,560,15:00,101,19,82,2,141412,,,,,,Overdue
B1243,R1243,9,4,6,554,14:54,560,15:00,99,18,81,0,137250,37.0,536.0,14:36,557.0,14:57,Complete
B1244,R1244,4,2,4,545,14:45,549,14:49,78,8,70,0,138050,16.0,537.0,14:37,546.0,14:46,Complete
B1245,R1245,9,1,8,555,14:55,563,15:03,102,18,84,0,137150,48.0,537.0,14:37,561.0,15:01,Complete
B1246,R1246,3,5,6,548,14:48,554,14:54,58,10,48,0,138050,24.0,538.0,14:38,552.0,14:52,Complete
B1247,,4,10,5,552,14:52,557,14:57,75,14,61,1,142978,,,,,,Overdue
B1248,R1248,4,7,4,548,14:48,552,14:52,58,9,49,0,136250,8.0,539.0,14:39,552.0,14:52,Complete
B1249,R1249,1,7,5,549,14:49,554,14:54,67,9,58,1,142558,34.0,540.0,14:40,553.0,14:53,Complete
B1250,R1250,2,4,5,548,14:48,553,14:53,55,8,47,1,145400,15.0,540.0,14:40,549.0,14:49,Complete
B1251,,3,5,6,550,14:50,556,14:56,58,10,48,1,145138,,,,,,Overdue
B1252,,3,10,6,558,14:58,564,15:04,93,17,76,2,144967,,,,,,Overdue
B1253,R1253,4,3,4,550,14:50,554,14:54,56,9,47,1,145510,35.0,541.0,14:41,551.0,14:51,Complete
B1254,R1254,4,7,4,550,14:50,554,14:54,58,9,49,1,143010,46.0,541.0,14:41,554.0,14:54,Complete
B1255,,6,7,5,556,14:56,561,15:01,90,15,75,2,142590,,,,,,Overdue
B1256,R1256,1,7,5,551,14:51,556,14:56,67,9,58,1,142558,34.0,543.0,14:43,556.0,14:56,Complete
B1257,,8,6,5,561,15:01,566,15:06,101,19,82,2,141412,,,,,,Overdue
B1258,,9,1,8,560,15:00,568,15:08,102,18,84,2,145144,,,,,,Overdue
B1259,R1259,4,2,4,552,14:52,556,14:56,78,8,70,1,142910,21.0,544.0,14:44,553.0,14:53,Complete
B1260,R1260,4,7,4,553,14:53,557,14:57,58,9,49,1,143010,46.0,544.0,14:44,557.0,14:57,Complete
B1261,R1261,3,4,5,554,14:54,559,14:59,44,9,35,1,148000,25.0,545.0,14:45,558.0,14:58,Complete
B1262,,8,3,5,557,14:57,562,15:02,54,12,42,2,151033,,,,,,Overdue
B1263,,9,1,8,563,15:03,571,15:11,102,18,84,2,145144,,,,,,Overdue
B1264,,1,10,6,562,15:02,568,15:08,55,16,39,2,152169,,,,,,Overdue
B1265,R1265,7,5,6,558,14:58,564,15:04,56,12,44,1,143945,27.0,546.0,14:46,559.0,14:59,Complete
B1266,,9,1,8,564,15:04,572,15:12,102,18,84,2,145144,,,,,,Overdue
B1267,,10,3,7,563,15:03,570,15:10,101,17,84,2,145255,,,,,,Overdue
B1268,R1268,2,4,5,555,14:55,560,15:00,55,8,47,1,290800,2.0,547.0,14:47,556.0,14:56,Complete
B1269,R1269,3,4,5,556,14:56,561,15:01,44,9,35,1,148000,25.0,548.0,14:48,561.0,15:01,Complete
B1270,R1270,2,5,5,558,14:58,563,15:03,69,10,59,1,143708,38.0,548.0,14:48,563.0,15:03,Complete
B1271,,4,7,4,557,14:57,561,15:01,58,9,49,2,149770,,,,,,Overdue
B1272,R1272,3,5,6,559,14:59,565,15:05,58,10,48,1,145138,31.0,549.0,14:49,563.0,15:03,Complete
B1273,,6,7,5,564,15:04,569,15:09,90,15,75,2,142590,,,,,,Overdue
B1274,,9,1,8,567,15:07,575,15:15,102,18,84,2,145144,,,,,,Overdue
B1275,,1,10,6,566,15:06,572,15:12,55,16,39,2,152169,,,,,,Overdue
B1276,R1276,3,5,6,560,15:00,566,15:06,58,10,48,1,145138,31.0,552.0,14:52,566.0,15:06,Complete
B1277,R1277,4,7,4,559,14:59,563,15:03,58,9,49,1,286020,9.0,550.0,14:50,560.0,15:00,Complete
B1278,,5,9,5,569,15:09,574,15:14,103,19,84,2,145144,,,,,,Overdue
B1279,R1279,6,3,4,562,15:02,566,15:06,85,12,73,1,139986,39.0,550.0,14:50,563.0,15:03,Complete
B1280,,6,7,5,564,15:04,569,15:09,90,14,76,2,142477,,,,,,Overdue
B1281,R1281,7,4,5,559,14:59,564,15:04,76,9,67,1,141677,1.0,550.0,14:50,563.0,15:03,Complete
B1282,R1282,4,2,4,559,14:59,563,15:03,78,8,70,0,138050,12.0,551.0,14:51,560.0,15:00,Complete
B1283,R1283,2,5,5,562,15:02,567,15:07,69,10,59,0,137950,38.0,552.0,14:52,566.0,15:06,Complete
B1284,,2,6,5,565,15:05,570,15:10,85,13,72,1,140369,,,,,,Overdue
B1285,,3,6,5,564,15:04,569,15:09,72,12,60,1,140958,,,,,,Overdue
B1286,R1286,4,3,4,561,15:01,565,15:05,56,9,47,0,138250,14.0,552.0,14:52,562.0,15:02,Complete
B1287,R1287,6,7,5,566,15:06,571,15:11,90,14,76,0,268100,18.0,552.0,14:52,570.0,15:10,Complete
B1288,R1288,7,4,5,561,15:01,566,15:06,76,9,67,0,136700,1.0,553.0,14:53,566.0,15:06,Complete
B1289,,9,1,8,570,15:10,578,15:18,102,18,84,1,141147,,,,,,Overdue
B1290,R1290,2,5,5,564,15:04,569,15:09,69,11,58,0,137950,44.0,553.0,14:53,564.0,15:04,Complete
B1291,,1,10,6,570,15:10,576,15:16,55,16,39,1,143784,,,,,,Overdue
B1292,R1292,6,7,5,568,15:08,573,15:13,90,14,76,0,268100,18.0,555.0,14:55,573.0,15:13,Complete
B1293,,8,4,5,568,15:08,573,15:13,95,14,81,1,140392,,,,,,Overdue
B1294,R1294,1,2,5,564,15:04,569,15:09,57,9,48,0,138250,40.0,555.0,14:55,568.0,15:08,Complete
B1295,,1,7,5,564,15:04,569,15:09,67,9,58,1,142558,,,,,,Overdue
B1296,,1,10,6,570,15:10,576,15:16,55,15,40,1,143575,,,,,,Overdue
B1297,R1297,7,4,5,564,15:04,569,15:09,76,9,67,0,136700,6.0,555.0,14:55,565.0,15:05,Complete
B1298,R1298,1,7,5,565,15:05,570,15:10,67,9,58,0,136800,30.0,556.0,14:56,569.0,15:09,Complete
B1299,R1299,1,2,5,566,15:06,571,15:11,57,9,48,0,138250,40.0,558.0,14:58,571.0,15:11,Complete
B1300,R1300,4,2,4,565,15:05,569,15:09,78,8,70,0,138050,23.0,557.0,14:57,569.0,15:09,Complete
B1301,,1,2,5,567,15:07,572,15:12,57,9,48,1,145359,,,,,,Overdue
B1302,,1,7,5,567,15:07,572,15:12,67,9,58,1,142558,,,,,,Overdue
B1303,R1303,3,5,6,568,15:08,574,15:14,58,10,48,1,145138,47.0,563.0,15:03,574.0,15:14,Complete
B1304,R1304,4,2,4,566,15:06,570,15:10,78,8,70,0,138050,26.0,558.0,14:58,570.0,15:10,Complete
B1305,R1305,4,7,4,567,15:07,571,15:11,58,9,49,0,272500,11.0,558.0,14:58,571.0,15:11,Complete
B1306,,4,8,5,572,15:12,577,15:17,76,14,62,1,138458,,,,,,Overdue
B1307,,4,9,5,576,15:16,581,15:21,102,18,84,2,145367,,,,,,Overdue
B1308,R1308,7,4,5,567,15:07,572,15:12,76,9,67,0,136700,0.0,558.0,14:58,571.0,15:11,Complete
B1309,R1309,1,7,5,568,15:08,573,15:13,67,9,58,0,136800,30.0,559.0,14:59,572.0,15:12,Complete
B1310,,10,3,7,576,15:16,583,15:23,101,17,84,2,145255,,,,,,Overdue
B1311,R1311,2,5,5,570,15:10,575,15:15,69,10,59,1,143708,21.0,560.0,15:00,575.0,15:15,Complete
B1312,R1312,4,2,4,568,15:08,572,15:12,78,8,70,1,142910,2.0,560.0,15:00,572.0,15:12,Complete
B1313,R1313,7,4,4,569,15:09,573,15:13,76,9,67,1,141677,9.0,563.0,15:03,573.0,15:13,Complete
B1314,R1314,1,2,5,570,15:10,575,15:15,57,9,48,1,145359,48.0,564.0,15:04,574.0,15:14,Complete
B1315,R1315,4,2,4,569,15:09,573,15:13,78,8,70,1,142910,15.0,561.0,15:01,570.0,15:10,Complete
B1316,R1316,4,7,4,570,15:10,574,15:14,58,9,49,1,143010,36.0,561.0,15:01,571.0,15:11,Complete
B1317,,6,7,5,576,15:16,581,15:21,90,15,75,2,142590,,,,,,Overdue
B1318,R1318,7,4,4,570,15:10,574,15:14,76,9,67,1,283355,4.0,561.0,15:01,571.0,15:11,Complete
B1319,,9,4,6,578,15:18,584,15:24,99,17,82,2,145451,,,,,,Overdue
B1320,,10,3,8,578,15:18,586,15:26,101,17,84,2,145255,,,,,,Overdue
B1321,R1321,1,3,5,570,15:10,575,15:15,62,8,54,1,144624,29.0,562.0,15:02,571.0,15:11,Complete
B1322,,3,5,6,572,15:12,578,15:18,58,10,48,1,145138,,,,,,Overdue
B1323,R1323,4,2,4,570,15:10,574,15:14,78,8,70,1,142910,25.0,564.0,15:04,573.0,15:13,Complete
B1324,R1324,4,7,4,571,15:11,575,15:15,58,9,49,1,143010,37.0,562.0,15:02,572.0,15:12,Complete
B1325,,6,7,5,576,15:16,581,15:21,90,14,76,2,142477,,,,,,Overdue
B1326,,1,10,5,578,15:18,583,15:23,55,15,40,2,151750,,,,,,Overdue
B1327,R1327,4,2,4,571,15:11,575,15:15,78,8,70,1,142910,2.0,563.0,15:03,575.0,15:15,Complete
B1328,,10,3,8,580,15:20,588,15:28,101,17,84,2,145255,,,,,,Overdue
B1329,R1329,2,1,5,573,15:13,578,15:18,53,9,44,1,146005,16.0,564.0,15:04,574.0,15:14,Complete
B1330,R1330,2,5,5,574,15:14,579,15:19,69,10,59,1,143708,21.0,564.0,15:04,578.0,15:18,Complete
B1331,R1331,3,5,6,574,15:14,580,15:20,58,10,48,1,290277,14.0,565.0,15:05,580.0,15:20,Complete
B1332,,3,10,8,581,15:21,589,15:29,93,17,76,2,144967,,,,,,Overdue
B1333,,7,6,5,578,15:18,583,15:23,86,14,72,2,142433,,,,,,Overdue
B1334,,2,6,5,578,15:18,583,15:23,85,13,72,2,144938,,,,,,Overdue
B1335,R1335,3,4,5,574,15:14,579,15:19,44,9,35,1,148000,35.0,565.0,15:05,575.0,15:15,Complete
B1336,R1336,4,2,4,573,15:13,577,15:17,78,8,70,1,142910,6.0,568.0,15:08,577.0,15:17,Complete
B1337,,4,9,5,582,15:22,587,15:27,102,17,85,2,145273,,,,,,Overdue
B1338,R1338,7,4,4,574,15:14,578,15:18,76,9,67,1,141677,28.0,565.0,15:05,575.0,15:15,Complete
B1339,R1339,7,5,6,578,15:18,584,15:24,56,12,44,1,143945,46.0,566.0,15:06,582.0,15:22,Complete
B1340,,9,3,5,583,15:23,588,15:28,78,17,61,2,136868,,,,,,Overdue
B1341,R1341,2,5,5,578,15:18,583,15:23,69,11,58,1,143807,23.0,572.0,15:12,583.0,15:23,Complete
B1342,,4,7,4,576,15:16,580,15:20,58,9,49,2,149770,,,,,,Overdue
B1343,R1343,2,4,4,576,15:16,580,15:20,55,8,47,1,145400,7.0,568.0,15:08,577.0,15:17,Complete
B1344,R1344,7,5,6,580,15:20,586,15:26,56,12,44,1,143945,46.0,569.0,15:09,585.0,15:25,Complete
B1345,R1345,3,5,6,579,15:19,585,15:25,58,10,48,1,145138,14.0,569.0,15:09,583.0,15:23,Complete
B1346,R1346,4,2,4,577,15:17,581,15:21,78,8,70,1,142910,1.0,569.0,15:09,581.0,15:21,Complete
B1347,R1347,7,1,5,578,15:18,583,15:23,68,9,59,1,142461,13.0,569.0,15:09,579.0,15:19,Complete
B1348,R1348,10,4,5,583,15:23,588,15:28,66,14,52,1,143825,10.0,569.0,15:09,587.0,15:27,Complete
B1349,,3,5,6,580,15:20,586,15:26,58,10,48,2,152227,,,,,,Overdue
B1350,,6,7,5,584,15:24,589,15:29,90,14,76,2,142477,,,,,,Overdue
B1351,,10,3,8,587,15:27,595,15:35,101,17,84,2,145255,,,,,,Overdue
B1352,R1352,4,2,4,580,15:20,584,15:24,78,8,70,0,138050,1.0,572.0,15:12,584.0,15:24,Complete
B1353,R1353,7,4,4,581,15:21,585,15:25,76,9,67,0,136700,30.0,575.0,15:15,585.0,15:25,Complete
B1354,R1354,3,4,5,582,15:22,587,15:27,44,9,35,0,138250,39.0,573.0,15:13,583.0,15:23,Complete
B1355,R1355,4,2,4,582,15:22,586,15:26,78,8,70,0,414150,0.0,574.0,15:14,586.0,15:26,Complete
B1356,,6,10,6,586,15:26,592,15:32,69,12,57,1,142115,,,,,,Overdue
B1357,R1357,7,4,4,583,15:23,587,15:27,76,9,67,0,136700,18.0,576.0,15:16,586.0,15:26,Complete
B1358,,9,1,8,592,15:32,600,15:40,102,18,84,2,145144,,,,,,Overdue
B1359,,2,6,5,588,15:28,593,15:33,85,13,72,1,140369,,,,,,Overdue
B1360,,3,10,8,592,15:32,600,15:40,93,17,76,2,144967,,,,,,Overdue
B1361,R1361,4,2,4,583,15:23,587,15:27,78,8,70,0,138050,4.0,575.0,15:15,587.0,15:27,Complete
B1362,R1362,7,4,4,584,15:24,588,15:28,76,9,67,0,136700,33.0,575.0,15:15,588.0,15:28,Complete
B1363,R1363,1,3,5,584,15:24,589,15:29,62,8,54,0,138300,16.0,577.0,15:17,586.0,15:26,Complete
B1364,,6,7,5,590,15:30,595,15:35,90,14,76,1,138263,,,,,,Overdue
B1365,R1365,7,4,4,585,15:25,589,15:29,76,9,67,0,136700,34.0,576.0,15:16,586.0,15:26,Complete
B1366,,8,6,5,595,15:35,600,15:40,101,19,82,2,141412,,,,,,Overdue
B1367,,9,4,6,594,15:34,600,15:40,99,18,81,2,145552,,,,,,Overdue
B1368,,10,3,8,593,15:33,601,15:41,101,17,84,2,145255,,,,,,Overdue
B1369,,2,6,5,590,15:30,595,15:35,85,13,72,1,140369,,,,,,Overdue
B1370,R1370,4,2,4,585,15:25,589,15:29,78,8,70,0,138050,0.0,577.0,15:17,589.0,15:29,Complete
B1371,,1,10,5,594,15:34,599,15:39,55,16,39,1,143784,,,,,,Overdue
B1372,R1372,3,5,6,588,15:28,594,15:34,58,10,48,1,145138,48.0,583.0,15:23,594.0,15:34,Complete
B1373,,3,10,8,595,15:35,603,15:43,93,17,76,2,144967,,,,,,Overdue
B1374,R1374,4,2,4,586,15:26,590,15:30,78,8,70,0,138050,4.0,578.0,15:18,590.0,15:30,Complete
B1375,R1375,7,4,4,587,15:27,591,15:31,76,9,67,0,136700,33.0,578.0,15:18,591.0,15:31,Complete
B1376,,10,3,8,595,15:35,603,15:43,101,17,84,2,145255,,,,,,Overdue
B1377,,1,10,5,594,15:34,599,15:39,55,15,40,1,143575,,,,,,Overdue
B1378,R1378,2,5,5,590,15:30,595,15:35,69,11,58,0,137950,26.0,579.0,15:19,590.0,15:30,Complete
B1379,,5,9,5,598,15:38,603,15:43,103,19,84,2,145144,,,,,,Overdue
B1380,,6,7,5,594,15:34,599,15:39,90,15,75,1,138320,,,,,,Overdue
B1381,,10,3,8,596,15:36,604,15:44,101,17,84,2,145255,,,,,,Overdue
B1382,R1382,4,2,4,588,15:28,592,15:32,78,8,70,1,142910,9.0,580.0,15:20,592.0,15:32,Complete
B1383,,6,7,5,594,15:34,599,15:39,90,14,76,1,138263,,,,,,Overdue
B1384,,3,5,6,591,15:31,597,15:37,58,10,48,1,145138,,,,,,Overdue
B1385,R1385,4,2,4,589,15:29,593,15:33,78,8,70,1,142910,28.0,581.0,15:21,593.0,15:33,Complete
B1386,,10,3,8,598,15:38,606,15:46,101,17,84,2,145255,,,,,,Overdue
B1387,,6,3,5,594,15:34,599,15:39,85,12,73,1,139986,,,,,,Overdue
B1388,,8,6,5,601,15:41,606,15:46,101,19,82,2,141412,,,,,,Overdue
B1389,,3,5,6,593,15:33,599,15:39,58,10,48,1,145138,,,,,,Overdue
B1390,R1390,4,2,4,591,15:31,595,15:35,78,8,70,1,142910,9.0,583.0,15:23,595.0,15:35,Complete
B1391,,4,7,4,592,15:32,596,15:36,58,9,49,1,143010,,,,,,Overdue
B1392,,1,2,5,593,15:33,598,15:38,57,9,48,1,145359,,,,,,Overdue
B1393,R1393,4,2,4,592,15:32,596,15:36,78,8,70,1,142910,28.0,584.0,15:24,596.0,15:36,Complete
B1394,,4,7,4,593,15:33,597,15:37,58,9,49,1,143010,,,,,,Overdue
B1395,,9,4,6,602,15:42,608,15:48,99,18,81,2,145552,,,,,,Overdue
B1396,R1396,4,2,4,593,15:33,597,15:37,78,8,70,1,142910,30.0,588.0,15:28,597.0,15:37,Complete
B1397,R1397,4,3,5,594,15:34,599,15:39,56,9,47,1,145510,7.0,585.0,15:25,595.0,15:35,Complete
B1398,,5,9,5,604,15:44,609,15:49,103,19,84,2,145144,,,,,,Overdue
B1399,,10,2,8,603,15:43,611,15:51,105,18,87,2,142694,,,,,,Overdue
B1400,R1400,2,4,4,594,15:34,598,15:38,55,8,47,1,145400,1.0,587.0,15:27,596.0,15:36,Complete
B1401,,4,7,4,595,15:35,599,15:39,58,9,49,1,143010,,,,,,Overdue
B1402,R1402,7,4,4,595,15:35,599,15:39,76,9,67,1,283355,8.0,586.0,15:26,596.0,15:36,Complete
B1403,R1403,2,5,5,598,15:38,603,15:43,69,11,58,1,143807,12.0,587.0,15:27,598.0,15:38,Complete
B1404,R1404,4,2,4,595,15:35,599,15:39,78,8,70,1,142910,10.0,590.0,15:30,599.0,15:39,Complete
B1405,,4,10,5,601,15:41,606,15:46,75,14,61,2,148507,,,,,,Overdue
B1406,R1406,7,1,5,596,15:36,601,15:41,68,9,59,1,142461,37.0,587.0,15:27,600.0,15:40,Complete
B1407,R1407,3,5,6,598,15:38,604,15:44,58,10,48,1,145138,25.0,588.0,15:28,602.0,15:42,Complete
B1408,R1408,4,2,4,596,15:36,600,15:40,78,8,70,1,142910,18.0,589.0,15:29,598.0,15:38,Complete
B1409,,4,9,5,606,15:46,611,15:51,102,18,84,2,145367,,,,,,Overdue
B1410,,4,10,5,602,15:42,607,15:47,75,14,61,2,148507,,,,,,Overdue
B1411,,1,2,5,598,15:38,603,15:43,57,9,48,2,152468,,,,,,Overdue
B1412,R1412,3,4,5,598,15:38,603,15:43,44,9,35,1,148000,40.0,589.0,15:29,599.0,15:39,Complete
B1413,R1413,3,5,6,599,15:39,605,15:45,58,10,48,1,145138,25.0,591.0,15:31,605.0,15:45,Complete
B1414,,3,9,4,606,15:46,610,15:50,108,17,91,2,143141,,,,,,Overdue
B1415,R1415,4,2,4,597,15:37,601,15:41,78,8,70,1,142910,34.0,589.0,15:29,598.0,15:38,Complete
B1416,,10,9,7,610,15:50,617,15:57,106,21,85,2,123088,,,,,,Overdue
B1417,,1,2,5,599,15:39,604,15:44,57,9,48,2,152468,,,,,,Overdue
B1418,,1,10,5,606,15:46,611,15:51,55,16,39,2,152169,,,,,,Overdue
B1419,R1419,3,5,6,600,15:40,606,15:46,58,10,48,1,145138,42.0,590.0,15:30,604.0,15:44,Complete
B1420,,9,2,5,606,15:46,611,15:51,106,16,90,2,143555,,,,,,Overdue
B1421,,10,3,8,607,15:47,615,15:55,101,17,84,2,145255,,,,,,Overdue
B1422,R1422,3,5,6,601,15:41,607,15:47,58,10,48,0,138050,42.0,593.0,15:33,607.0,15:47,Complete
B1423,,6,7,5,606,15:46,611,15:51,90,15,75,1,138320,,,,,,Overdue
B1424,,10,3,8,608,15:48,616,15:56,101,17,84,1,141252,,,,,,Overdue
B1425,R1425,5,2,5,602,15:42,607,15:47,66,10,56,0,137950,17.0,592.0,15:32,603.0,15:43,Complete
B1426,R1426,7,4,4,601,15:41,605,15:45,76,9,67,0,273400,11.0,592.0,15:32,602.0,15:42,Complete
B1427,,9,1,8,610,15:50,618,15:58,102,18,84,1,141147,,,,,,Overdue
B1428,R1428,2,1,5,602,15:42,607,15:47,53,9,44,0,138250,2.0,593.0,15:33,603.0,15:43,Complete
B1429,R1429,3,5,6,603,15:43,609,15:49,58,10,48,0,138050,43.0,593.0,15:33,608.0,15:48,Complete
B1430,R1430,4,2,4,601,15:41,605,15:45,78,8,70,0,138050,33.0,594.0,15:34,603.0,15:43,Complete
B1431,,6,7,5,608,15:48,613,15:53,90,15,75,1,138320,,,,,,Overdue
B1432,,10,4,5,607,15:47,612,15:52,66,14,52,1,143825,,,,,,Overdue
B1433,R1433,2,5,5,604,15:44,609,15:49,69,10,59,0,137950,15.0,594.0,15:34,608.0,15:48,Complete
B1434,R1434,3,1,5,602,15:42,607,15:47,53,8,45,0,138400,29.0,594.0,15:34,603.0,15:43,Complete
B1435,R1435,3,4,5,603,15:43,608,15:48,44,9,35,0,138250,49.0,594.0,15:34,604.0,15:44,Complete
B1436,,3,10,8,611,15:51,619,15:59,93,17,76,1,140608,,,,,,Overdue
B1437,,10,4,5,608,15:48,613,15:53,66,14,52,1,143825,,,,,,Overdue
B1438,,1,3,5,603,15:43,608,15:48,62,8,54,1,144624,,,,,,Overdue
B1439,R1439,3,6,5,607,15:47,612,15:52,72,12,60,0,135500,6.0,595.0,15:35,611.0,15:51,Complete
B1440,R1440,4,2,4,603,15:43,607,15:47,78,8,70,0,138050,35.0,595.0,15:35,607.0,15:47,Complete
B1441,,6,8,5,614,15:54,619,15:59,97,19,78,1,134910,,,,,,Overdue
B1442,,9,3,5,612,15:52,617,15:57,78,17,61,1,132159,,,,,,Overdue
B1443,,9,4,6,612,15:52,618,15:58,99,17,82,1,141350,,,,,,Overdue
B1444,R1444,1,3,5,604,15:44,609,15:49,62,8,54,0,138300,37.0,597.0,15:37,609.0,15:49,Complete
B1445,R1445,2,5,5,606,15:46,611,15:51,69,10,59,0,137950,15.0,597.0,15:37,611.0,15:51,Complete
B1446,,1,9,7,615,15:55,622,16:02,104,18,86,2,145069,,,,,,Overdue
B1447,R1447,3,5,6,607,15:47,613,15:53,58,10,48,0,138050,43.0,597.0,15:37,611.0,15:51,Complete
B1448,R1448,4,2,4,605,15:45,609,15:49,78,8,70,0,138050,39.0,597.0,15:37,606.0,15:46,Complete
B1449,R1449,4,3,5,606,15:46,611,15:51,56,9,47,1,145510,1.0,600.0,15:40,610.0,15:50,Complete
B1450,R1450,4,7,4,606,15:46,610,15:50,58,9,49,0,136250,24.0,597.0,15:37,610.0,15:50,Complete
B1451,R1451,5,3,6,607,15:47,613,15:53,62,10,52,0,138050,14.0,597.0,15:37,611.0,15:51,Complete
B1452,,7,4,4,606,15:46,610,15:50,76,9,67,1,141677,,,,,,Overdue
B1453,R1453,3,10,8,615,15:55,623,16:03,93,17,76,0,136250,7.0,598.0,15:38,623.0,16:03,Complete
B1454,R1454,4,2,4,606,15:46,610,15:50,78,8,70,0,138050,35.0,598.0,15:38,610.0,15:50,Complete
B1455,,6,7,5,612,15:52,617,15:57,90,14,76,1,138263,,,,,,Overdue
B1456,,6,8,5,617,15:57,622,16:02,97,19,78,2,138820,,,,,,Overdue
B1457,,7,4,4,607,15:47,611,15:51,76,9,67,1,141677,,,,,,Overdue
B1458,,10,3,8,615,15:55,623,16:03,101,17,84,2,145255,,,,,,Overdue
B1459,,4,9,5,616,15:56,621,16:01,102,17,85,2,145273,,,,,,Overdue
B1460,,6,7,5,614,15:54,619,15:59,90,15,75,1,138320,,,,,,Overdue
B1461,R1461,2,1,5,609,15:49,614,15:54,53,9,44,1,146005,18.0,601.0,15:41,611.0,15:51,Complete
B1462,,4,7,4,609,15:49,613,15:53,58,9,49,1,143010,,,,,,Overdue
B1463,,4,9,5,618,15:58,623,16:03,102,18,84,2,145367,,,,,,Overdue
B1464,,7,4,4,609,15:49,613,15:53,76,9,67,1,141677,,,,,,Overdue
B1465,,9,4,6,618,15:58,624,16:04,99,18,81,2,145552,,,,,,Overdue
B1466,,10,4,5,614,15:54,619,15:59,66,14,52,1,143825,,,,,,Overdue
B1467,,4,7,4,610,15:50,614,15:54,58,9,49,1,143010,,,,,,Overdue
B1468,,7,4,4,610,15:50,614,15:54,76,9,67,1,141677,,,,,,Overdue
B1469,,9,4,6,618,15:58,624,16:04,99,17,82,2,145451,,,,,,Overdue
B1470,,9,7,5,615,15:55,620,16:00,86,14,72,2,145622,,,,,,Overdue
B1471,,1,9,7,620,16:00,627,16:07,104,18,86,2,145069,,,,,,Overdue
B1472,R1472,2,5,5,612,15:52,617,15:57,69,10,59,1,143708,0.0,602.0,15:42,617.0,15:57,Complete
B1473,R1473,3,5,6,612,15:52,618,15:58,58,10,48,1,145138,9.0,603.0,15:43,617.0,15:57,Complete
B1474,,3,6,5,614,15:54,619,15:59,72,12,60,1,140958,,,,,,Overdue
B1475,R1475,4,2,4,610,15:50,614,15:54,78,8,70,1,142910,40.0,602.0,15:42,611.0,15:51,Complete
B1476,,4,7,4,611,15:51,615,15:55,58,9,49,1,143010,,,,,,Overdue
B1477,,9,3,5,619,15:59,624,16:04,78,17,61,2,136868,,,,,,Overdue
B1478,,9,4,6,620,16:00,626,16:06,99,18,81,2,145552,,,,,,Overdue
B1479,R1479,1,2,5,612,15:52,617,15:57,57,9,48,1,290718,2.0,606.0,15:46,616.0,15:56,Complete
B1480,,9,3,5,620,16:00,625,16:05,78,17,61,2,136868,,,,,,Overdue
B1481,,9,4,6,620,16:00,626,16:06,99,17,82,2,145451,,,,,,Overdue
B1482,,4,3,5,613,15:53,618,15:58,56,9,47,1,145510,,,,,,Overdue
B1483,,6,10,6,616,15:56,622,16:02,69,12,57,2,147931,,,,,,Overdue
B1484,,7,4,4,613,15:53,617,15:57,76,9,67,1,141677,,,,,,Overdue
B1485,R1485,3,1,5,613,15:53,618,15:58,53,8,45,1,146000,28.0,605.0,15:45,614.0,15:54,Complete
B1486,,9,4,6,622,16:02,628,16:08,99,17,82,2,145451,,,,,,Overdue
B1487,R1487,1,2,5,615,15:55,620,16:00,57,9,48,1,145359,27.0,608.0,15:48,618.0,15:58,Complete
B1488,R1488,2,1,5,615,15:55,620,16:00,53,9,44,1,146005,30.0,606.0,15:46,619.0,15:59,Complete
B1489,R1489,2,5,5,616,15:56,621,16:01,69,10,59,1,287416,0.0,606.0,15:46,620.0,16:00,Complete
B1490,R1490,3,5,6,616,15:56,622,16:02,58,10,48,1,145138,9.0,606.0,15:46,620.0,16:00,Complete
B1491,R1491,4,2,4,614,15:54,618,15:58,78,8,70,1,142910,49.0,607.0,15:47,616.0,15:56,Complete
B1492,R1492,7,4,4,615,15:55,619,15:59,76,9,67,1,141677,36.0,606.0,15:46,619.0,15:59,Complete
B1493,,10,3,8,623,16:03,631,16:11,101,17,84,2,145255,,,,,,Overdue
B1494,R1494,1,10,5,622,16:02,627,16:07,55,15,40,1,287150,29.0,607.0,15:47,623.0,16:03,Complete
B1495,R1495,3,4,5,616,15:56,621,16:01,44,9,35,1,148000,34.0,607.0,15:47,617.0,15:57,Complete
B1496,R1496,4,2,4,615,15:55,619,15:59,78,8,70,1,142910,12.0,607.0,15:47,619.0,15:59,Complete
B1497,R1497,4,7,4,616,15:56,620,16:00,58,9,49,1,143010,26.0,607.0,15:47,617.0,15:57,Complete
B1498,R1498,6,7,5,622,16:02,627,16:07,90,15,75,1,138320,48.0,607.0,15:47,627.0,16:07,Complete
B1499,R1499,4,7,4,617,15:57,621,16:01,58,9,49,1,143010,8.0,608.0,15:48,621.0,16:01,Complete
B1500,,6,2,5,621,16:01,626,16:06,80,13,67,2,145161,,,,,,Overdue
B1501,R1501,6,7,5,622,16:02,627,16:07,90,14,76,1,276527,3.0,608.0,15:48,626.0,16:06,Complete
B1502,,9,4,6,626,16:06,632,16:12,99,18,81,2,145552,,,,,,Overdue
B1503,,10,4,5,622,16:02,627,16:07,66,14,52,2,150301,,,,,,Overdue
B1504,R1504,1,2,5,618,15:58,623,16:03,57,9,48,1,145359,31.0,609.0,15:49,623.0,16:03,Complete
B1505,R1505,1,3,5,617,15:57,622,16:02,62,8,54,1,144624,13.0,609.0,15:49,618.0,15:58,Complete
B1506,,4,2,4,617,15:57,621,16:01,78,8,70,2,147771,,,,,,Overdue
B1507,R1507,7,4,4,618,15:58,622,16:02,76,9,67,1,283355,36.0,609.0,15:49,622.0,16:02,Complete
B1508,R1508,9,2,5,625,16:05,630,16:10,106,16,90,1,279755,5.0,609.0,15:49,629.0,16:09,Complete
B1509,R1509,3,5,6,620,16:00,626,16:06,58,10,48,1,435415,14.0,614.0,15:54,625.0,16:05,Complete
B1510,R1510,4,2,4,618,15:58,622,16:02,78,8,70,1,142910,12.0,610.0,15:50,622.0,16:02,Complete
B1511,,4,9,5,628,16:08,633,16:13,102,18,84,2,145367,,,,,,Overdue
B1512,,7,4,4,619,15:59,623,16:03,76,9,67,2,146655,,,,,,Overdue
B1513,,7,10,6,628,16:08,634,16:14,81,18,63,2,138365,,,,,,Overdue
B1514,,9,2,5,626,16:06,631,16:11,106,16,90,2,143555,,,,,,Overdue
B1515,R1515,4,7,4,620,16:00,624,16:04,58,9,49,0,272500,8.0,611.0,15:51,624.0,16:04,Complete
B1516,R1516,6,7,5,626,16:06,631,16:11,90,15,75,0,134050,3.0,611.0,15:51,629.0,16:09,Complete
B1517,,7,4,4,620,16:00,624,16:04,76,9,67,1,141677,,,,,,Overdue
B1518,R1518,9,4,6,628,16:08,634,16:14,99,17,82,0,137250,20.0,611.0,15:51,633.0,16:13,Complete
B1519,R1519,3,5,6,622,16:02,628,16:08,58,10,48,0,138050,1.0,613.0,15:53,624.0,16:04,Complete
B1520,R1520,6,7,5,626,16:06,631,16:11,90,14,76,0,134050,48.0,612.0,15:52,630.0,16:10,Complete
B1521,,6,10,6,624,16:04,630,16:10,69,12,57,1,142115,,,,,,Overdue
B1522,R1522,9,2,5,628,16:08,633,16:13,106,16,90,0,136200,5.0,612.0,15:52,632.0,16:12,Complete
B1523,,9,10,7,633,16:13,640,16:20,107,21,86,2,128325,,,,,,Overdue
B1524,R1524,1,2,5,622,16:02,627,16:07,57,9,48,0,138250,31.0,613.0,15:53,626.0,16:06,Complete
B1525,,3,10,8,630,16:10,638,16:18,93,17,76,1,140608,,,,,,Overdue
B1526,,6,7,5,628,16:08,633,16:13,90,15,75,1,138320,,,,,,Overdue
B1527,,6,10,6,626,16:06,632,16:12,69,13,56,1,142219,,,,,,Overdue
B1528,R1528,7,4,4,622,16:02,626,16:06,76,9,67,0,410100,24.0,613.0,15:53,623.0,16:03,Complete
B1529,,9,10,7,634,16:14,641,16:21,107,21,86,2,128325,,,,,,Overdue
B1530,,4,7,4,623,16:03,627,16:07,58,9,49,1,143010,,,,,,Overdue
B1531,,7,1,5,623,16:03,628,16:08,68,9,59,1,142461,,,,,,Overdue
B1532,R1532,1,2,5,624,16:04,629,16:09,57,9,48,0,138250,30.0,616.0,15:56,629.0,16:09,Complete
B1533,,3,6,5,627,16:07,632,16:12,72,12,60,1,140958,,,,,,Overdue
B1534,,6,7,5,630,16:10,635,16:15,90,15,75,1,138320,,,,,,Overdue
B1535,R1535,9,4,6,632,16:12,638,16:18,99,17,82,0,274500,20.0,615.0,15:55,636.0,16:16,Complete
B1536,R1536,1,3,5,624,16:04,629,16:09,62,8,54,0,138300,18.0,616.0,15:56,629.0,16:09,Complete
B1537,,1,10,5,632,16:12,637,16:17,55,16,39,1,143784,,,,,,Overdue
B1538,R1538,2,5,5,626,16:06,631,16:11,69,10,59,0,275900,4.0,616.0,15:56,630.0,16:10,Complete
B1539,,4,2,4,624,16:04,628,16:08,78,8,70,1,142910,,,,,,Overdue
B1540,R1540,4,7,4,625,16:05,629,16:09,58,9,49,0,272500,11.0,616.0,15:56,626.0,16:06,Complete
B1541,R1541,7,4,4,625,16:05,629,16:09,76,9,67,0,136700,10.0,616.0,15:56,629.0,16:09,Complete
B1542,,8,4,5,630,16:10,635,16:15,95,14,81,1,140392,,,,,,Overdue
B1543,R1543,2,5,5,628,16:08,633,16:13,69,11,58,0,137950,4.0,619.0,15:59,633.0,16:13,Complete
B1544,R1544,4,2,4,625,16:05,629,16:09,78,8,70,0,138050,22.0,617.0,15:57,629.0,16:09,Complete
B1545,,4,9,5,634,16:14,639,16:19,102,17,85,1,141311,,,,,,Overdue
B1546,,1,10,5,634,16:14,639,16:19,55,16,39,1,143784,,,,,,Overdue
B1547,R1547,3,5,6,628,16:08,634,16:14,58,10,48,0,276100,16.0,618.0,15:58,634.0,16:14,Complete
B1548,,4,9,5,636,16:16,641,16:21,102,18,84,2,145367,,,,,,Overdue
B1549,,6,8,5,637,16:17,642,16:22,97,19,78,2,138820,,,,,,Overdue
B1550,R1550,7,4,4,627,16:07,631,16:11,76,9,67,1,141677,26.0,620.0,16:00,630.0,16:10,Complete
B1551,,9,2,5,634,16:14,639,16:19,106,16,90,1,139877,,,,,,Overdue
B1552,,10,3,8,635,16:15,643,16:23,101,17,84,2,145255,,,,,,Overdue
B1553,R1553,7,4,4,628,16:08,632,16:12,76,9,67,0,273400,10.0,619.0,15:59,632.0,16:12,Complete
B1554,,10,3,8,636,16:16,644,16:24,101,17,84,2,145255,,,,,,Overdue
B1555,,1,3,5,628,16:08,633,16:13,62,8,54,1,144624,,,,,,Overdue
B1556,R1556,2,4,5,628,16:08,633,16:13,55,8,47,1,145400,17.0,620.0,16:00,633.0,16:13,Complete
B1557,,4,2,5,628,16:08,633,16:13,78,8,70,1,142910,,,,,,Overdue
B1558,R1558,5,2,5,630,16:10,635,16:15,66,10,56,1,144016,0.0,623.0,16:03,634.0,16:14,Complete
B1559,,9,3,5,637,16:17,642,16:22,78,17,61,2,273736,,,,,,Overdue
B1560,R1560,1,5,4,630,16:10,634,16:14,38,9,29,1,300034,28.0,621.0,16:01,632.0,16:12,Complete
B1561,R1561,2,4,5,629,16:09,634,16:14,55,8,47,1,145400,12.0,625.0,16:05,634.0,16:14,Complete
B1562,R1562,4,2,5,629,16:09,634,16:14,78,8,70,1,142910,36.0,625.0,16:05,634.0,16:14,Complete
B1563,,10,3,7,638,16:18,645,16:25,101,17,84,2,145255,,,,,,Overdue
B1564,,1,9,6,640,16:20,646,16:26,104,18,86,2,145069,,,,,,Overdue
B1565,,1,10,7,638,16:18,645,16:25,55,16,39,2,152169,,,,,,Overdue
B1566,,9,10,8,643,16:23,651,16:31,107,21,86,2,128325,,,,,,Overdue
B1567,,2,6,6,636,16:16,642,16:22,85,13,72,2,144938,,,,,,Overdue
B1568,R1568,3,4,5,632,16:12,637,16:17,44,9,35,1,148000,37.0,623.0,16:03,636.0,16:16,Complete
B1569,,3,5,6,633,16:13,639,16:19,58,10,48,1,145138,,,,,,Overdue
B1570,R1570,4,2,5,631,16:11,636,16:16,78,8,70,1,142910,24.0,626.0,16:06,635.0,16:15,Complete
B1571,,6,7,5,638,16:18,643,16:23,90,15,75,2,142590,,,,,,Overdue
B1572,R1572,1,2,5,633,16:13,638,16:18,57,9,48,1,145359,15.0,628.0,16:08,638.0,16:18,Complete
B1573,,4,2,5,632,16:12,637,16:17,78,8,70,1,142910,,,,,,Overdue
B1574,,5,9,5,643,16:23,648,16:28,103,19,84,2,145144,,,,,,Overdue
B1575,,10,2,9,642,16:22,651,16:31,105,18,87,2,142694,,,,,,Overdue
B1576,R1576,1,2,5,634,16:14,639,16:19,57,9,48,1,145359,41.0,628.0,16:08,638.0,16:18,Complete
B1577,,1,7,5,634,16:14,639,16:19,67,9,58,1,142558,,,,,,Overdue
B1578,R1578,3,4,5,634,16:14,639,16:19,44,9,35,1,148000,27.0,625.0,16:05,635.0,16:15,Complete
B1579,,1,6,5,635,16:15,640,16:20,26,9,17,2,174505,,,,,,Overdue
B1580,R1580,3,4,5,635,16:15,640,16:20,44,9,35,1,148000,37.0,626.0,16:06,639.0,16:19,Complete
B1581,,3,10,8,643,16:23,651,16:31,93,17,76,2,144967,,,,,,Overdue
B1582,R1582,4,2,5,634,16:14,639,16:19,78,8,70,1,285821,32.0,626.0,16:06,638.0,16:18,Complete
B1583,R1583,7,1,5,635,16:15,640,16:20,68,9,59,1,142461,11.0,629.0,16:09,639.0,16:19,Complete
B1584,,8,3,5,638,16:18,643,16:23,54,12,42,2,151033,,,,,,Overdue
B1585,,9,4,7,644,16:24,651,16:31,99,18,81,2,145552,,,,,,Overdue
B1586,,1,6,5,636,16:16,641,16:21,26,9,17,2,174505,,,,,,Overdue
B1587,,1,9,6,645,16:25,651,16:31,104,18,86,2,145069,,,,,,Overdue
B1588,R1588,2,1,5,636,16:16,641,16:21,53,9,44,1,146005,31.0,629.0,16:09,639.0,16:19,Complete
B1589,R1589,5,10,4,639,16:19,643,16:23,45,12,33,1,145769,14.0,628.0,16:08,641.0,16:21,Complete
B1590,,7,10,6,645,16:25,651,16:31,81,18,63,2,138365,,,,,,Overdue
B1591,R1591,2,5,5,638,16:18,643,16:23,69,10,59,1,287416,2.0,628.0,16:08,642.0,16:22,Complete
B1592,R1592,4,2,5,636,16:16,641,16:21,78,8,70,1,142910,32.0,629.0,16:09,641.0,16:21,Complete
B1593,,7,1,5,637,16:17,642,16:22,68,9,59,2,148122,,,,,,Overdue
B1594,,8,4,5,642,16:22,647,16:27,95,14,81,2,144485,,,,,,Overdue
B1595,,9,7,5,642,16:22,647,16:27,86,14,72,2,145622,,,,,,Overdue
B1596,R1596,2,5,5,640,16:20,645,16:25,69,11,58,1,143807,39.0,629.0,16:09,645.0,16:25,Complete
B1597,R1597,3,4,5,638,16:18,643,16:23,44,9,35,1,148000,35.0,629.0,16:09,639.0,16:19,Complete
B1598,,8,5,6,644,16:24,650,16:30,78,15,63,2,138712,,,,,,Overdue
B1599,,1,5,4,640,16:20,644,16:24,38,10,28,2,162625,,,,,,Overdue
B1600,,1,10,7,646,16:26,653,16:33,55,16,39,2,152169,,,,,,Overdue
B1601,R1601,3,5,6,640,16:20,646,16:26,58,10,48,1,145138,13.0,630.0,16:10,641.0,16:21,Complete
B1602,R1602,4,2,5,638,16:18,643,16:23,78,8,70,1,142910,17.0,630.0,16:10,642.0,16:22,Complete
B1603,R1603,7,4,5,639,16:19,644,16:24,76,9,67,1,283355,3.0,632.0,16:12,642.0,16:22,Complete
B1604,,9,4,7,648,16:28,655,16:35,99,18,81,2,145552,,,,,,Overdue
B1605,R1605,1,3,5,639,16:19,644,16:24,62,8,54,0,276600,19.0,631.0,16:11,643.0,16:23,Complete
B1606,,1,9,6,649,16:29,655,16:35,104,18,86,1,141159,,,,,,Overdue
B1607,R1607,2,5,5,642,16:22,647,16:27,69,11,58,0,275900,2.0,631.0,16:11,645.0,16:25,Complete
B1608,R1608,4,2,5,639,16:19,644,16:24,78,8,70,0,138050,26.0,633.0,16:13,642.0,16:22,Complete
B1609,,7,4,5,640,16:20,645,16:25,76,9,67,1,141677,,,,,,Overdue
B1610,R1610,1,3,5,640,16:20,645,16:25,62,8,54,0,138300,1.0,635.0,16:15,644.0,16:24,Complete
B1611,,4,2,5,640,16:20,645,16:25,78,8,70,1,142910,,,,,,Overdue
B1612,R1612,6,7,5,646,16:26,651,16:31,90,14,76,0,268100,6.0,632.0,16:12,650.0,16:30,Complete
B1613,,7,4,5,641,16:21,646,16:26,76,9,67,1,141677,,,,,,Overdue
B1614,,9,3,5,649,16:29,654,16:34,78,17,61,1,132159,,,,,,Overdue
B1615,,9,10,8,653,16:33,661,16:41,107,21,86,2,128325,,,,,,Overdue
B1616,,10,3,7,649,16:29,656,16:36,101,17,84,1,141252,,,,,,Overdue
B1617,,1,10,7,648,16:28,655,16:35,55,15,40,1,143575,,,,,,Overdue
B1618,R1618,2,1,5,642,16:22,647,16:27,53,9,44,0,138250,33.0,633.0,16:13,643.0,16:23,Complete
B1619,,9,5,6,652,16:32,658,16:38,98,19,79,1,138529,,,,,,Overdue
B1620,R1620,1,3,5,642,16:22,647,16:27,62,8,54,0,138300,19.0,634.0,16:14,646.0,16:26,Complete
B1621,,1,5,4,644,16:24,648,16:28,38,10,28,1,150437,,,,,,Overdue
B1622,,1,6,5,643,16:23,648,16:28,26,9,17,1,155152,,,,,,Overdue
B1623,R1623,2,4,5,642,16:22,647,16:27,55,8,47,0,138150,22.0,634.0,16:14,643.0,16:23,Complete
B1624,R1624,2,5,5,644,16:24,649,16:29,69,10,59,0,137950,39.0,634.0,16:14,648.0,16:28,Complete
B1625,,3,4,5,643,16:23,648,16:28,44,9,35,1,148000,,,,,,Overdue
B1626,,3,9,5,651,16:31,656,16:36,108,17,91,1,139520,,,,,,Overdue
B1627,R1627,4,2,5,642,16:22,647,16:27,78,8,70,0,138050,12.0,637.0,16:17,646.0,16:26,Complete
B1628,,9,4,7,652,16:32,659,16:39,99,18,81,1,141401,,,,,,Overdue
B1629,,1,6,5,644,16:24,649,16:29,26,9,17,1,155152,,,,,,Overdue
B1630,R1630,5,2,5,646,16:26,651,16:31,66,11,55,0,137950,4.0,636.0,16:16,647.0,16:27,Complete
B1631,R1631,7,1,5,644,16:24,649,16:29,68,9,59,0,136800,48.0,635.0,16:15,649.0,16:29,Complete
B1632,,1,7,5,645,16:25,650,16:30,67,9,58,1,142558,,,,,,Overdue
B1633,,10,3,7,653,16:33,660,16:40,101,17,84,2,145255,,,,,,Overdue
B1634,,1,2,5,646,16:26,651,16:31,57,9,48,1,145359,,,,,,Overdue
B1635,,1,10,7,652,16:32,659,16:39,55,15,40,1,143575,,,,,,Overdue
B1636,,3,5,6,647,16:27,653,16:33,58,10,48,1,145138,,,,,,Overdue
B1637,R1637,4,3,4,646,16:26,650,16:30,56,9,47,0,138250,34.0,637.0,16:17,647.0,16:27,Complete
B1638,R1638,4,7,4,646,16:26,650,16:30,58,9,49,0,136250,38.0,637.0,16:17,647.0,16:27,Complete
B1639,,8,4,5,650,16:30,655,16:35,95,13,82,1,140342,,,,,,Overdue
B1640,,9,10,8,658,16:38,666,16:46,107,21,86,2,128325,,,,,,Overdue
B1641,R1641,2,5,5,648,16:28,653,16:33,69,10,59,0,137950,40.0,638.0,16:18,649.0,16:29,Complete
B1642,R1642,3,1,5,646,16:26,651,16:31,53,8,45,0,138400,18.0,638.0,16:18,651.0,16:31,Complete
B1643,,3,9,5,655,16:35,660,16:40,108,17,91,2,143141,,,,,,Overdue
B1644,R1644,4,2,5,646,16:26,651,16:31,78,8,70,0,138050,27.0,638.0,16:18,650.0,16:30,Complete
B1645,,7,4,5,647,16:27,652,16:32,76,9,67,1,141677,,,,,,Overdue
B1646,,1,2,5,648,16:28,653,16:33,57,9,48,1,145359,,,,,,Overdue
B1647,R1647,3,4,5,648,16:28,653,16:33,44,9,35,1,148000,24.0,643.0,16:23,653.0,16:33,Complete
B1648,R1648,4,7,4,648,16:28,652,16:32,58,9,49,1,143010,37.0,642.0,16:22,652.0,16:32,Complete
B1649,,8,4,5,652,16:32,657,16:37,95,13,82,1,140342,,,,,,Overdue
B1650,,3,5,6,650,16:30,656,16:36,58,10,48,1,145138,,,,,,Overdue
B1651,R1651,4,2,5,648,16:28,653,16:33,78,8,70,1,142910,10.0,640.0,16:20,653.0,16:33,Complete
B1652,,7,1,5,649,16:29,654,16:34,68,9,59,1,142461,,,,,,Overdue
B1653,,9,5,6,659,16:39,665,16:45,98,19,79,2,142608,,,,,,Overdue
B1654,R1654,1,6,5,650,16:30,655,16:35,26,9,17,1,155152,31.0,642.0,16:22,652.0,16:32,Complete
B1655,,1,8,5,655,16:35,660,16:40,93,14,79,2,144805,,,,,,Overdue
B1656,R1656,2,4,5,649,16:29,654,16:34,55,8,47,1,145400,15.0,641.0,16:21,653.0,16:33,Complete
B1657,R1657,4,2,5,649,16:29,654,16:34,78,8,70,1,142910,3.0,645.0,16:25,654.0,16:34,Complete
B1658,R1658,5,7,5,653,16:33,658,16:38,56,12,44,1,143945,23.0,641.0,16:21,657.0,16:37,Complete
B1659,,7,4,5,650,16:30,655,16:35,76,9,67,1,141677,,,,,,Overdue
B1660,R1660,1,3,5,650,16:30,655,16:35,62,8,54,1,144624,33.0,646.0,16:26,655.0,16:35,Complete
B1661,R1661,2,1,5,651,16:31,656,16:36,53,9,44,1,146005,30.0,642.0,16:22,655.0,16:35,Complete
B1662,R1662,2,5,5,652,16:32,657,16:37,69,10,59,1,287416,5.0,642.0,16:22,656.0,16:36,Complete
B1663,,2,6,6,655,16:35,661,16:41,85,13,72,2,144938,,,,,,Overdue
B1664,,3,6,5,654,16:34,659,16:39,72,12,60,1,140958,,,,,,Overdue
B1665,,9,3,5,659,16:39,664,16:44,78,17,61,2,136868,,,,,,Overdue
B1666,,9,4,7,660,16:40,667,16:47,99,18,81,2,291104,,,,,,Overdue
B1667,,1,10,7,658,16:38,665,16:45,55,15,40,2,151750,,,,,,Overdue
B1668,R1668,2,4,5,651,16:31,656,16:36,55,8,47,1,145400,15.0,644.0,16:24,656.0,16:36,Complete
B1669,R1669,2,5,5,654,16:34,659,16:39,69,11,58,1,287615,5.0,645.0,16:25,659.0,16:39,Complete
B1670,,3,5,6,653,16:33,659,16:39,58,10,48,1,145138,,,,,,Overdue
B1671,,7,4,5,652,16:32,657,16:37,76,9,67,1,141677,,,,,,Overdue
B1672,,9,4,7,660,16:40,667,16:47,99,17,82,2,145451,,,,,,Overdue
B1673,,1,3,5,652,16:32,657,16:37,62,8,54,1,144624,,,,,,Overdue
B1674,R1674,2,1,5,653,16:33,658,16:38,53,9,44,1,146005,30.0,645.0,16:25,658.0,16:38,Complete
B1675,R1675,2,4,5,652,16:32,657,16:37,55,8,47,1,145400,17.0,645.0,16:25,654.0,16:34,Complete
B1676,,3,6,5,656,16:36,661,16:41,72,12,60,2,146416,,,,,,Overdue
B1677,R1677,4,2,5,652,16:32,657,16:37,78,8,70,1,285821,10.0,644.0,16:24,656.0,16:36,Complete
B1678,,9,10,8,665,16:45,673,16:53,107,21,86,2,256651,,,,,,Overdue
B1679,R1679,2,5,5,656,16:36,661,16:41,69,11,58,1,143807,36.0,645.0,16:25,656.0,16:36,Complete
B1680,R1680,3,1,5,653,16:33,658,16:38,53,8,45,1,146000,19.0,649.0,16:29,658.0,16:38,Complete
B1681,R1681,3,4,5,654,16:34,659,16:39,44,9,35,1,296000,1.0,647.0,16:27,657.0,16:37,Complete
B1682,R1682,4,2,5,653,16:33,658,16:38,78,8,70,1,142910,16.0,646.0,16:26,655.0,16:35,Complete
B1683,R1683,5,2,5,656,16:36,661,16:41,66,11,55,1,144127,13.0,645.0,16:25,656.0,16:36,Complete
B1684,,7,4,5,654,16:34,659,16:39,76,9,67,1,141677,,,,,,Overdue
B1685,,1,5,4,656,16:36,660,16:40,38,10,28,2,162625,,,,,,Overdue
B1686,,1,6,5,655,16:35,660,16:40,26,9,17,2,174505,,,,,,Overdue
B1687,R1687,5,3,6,656,16:36,662,16:42,62,10,52,1,144593,9.0,646.0,16:26,657.0,16:37,Complete
B1688,R1688,7,4,5,655,16:35,660,16:40,76,9,67,1,141677,38.0,650.0,16:30,660.0,16:40,Complete
B1689,,7,6,6,660,16:40,666,16:46,86,14,72,2,142433,,,,,,Overdue
B1690,,1,2,5,656,16:36,661,16:41,57,9,48,2,152468,,,,,,Overdue
B1691,,1,6,5,656,16:36,661,16:41,26,9,17,2,174505,,,,,,Overdue
B1692,,1,10,7,662,16:42,669,16:49,55,15,40,2,151750,,,,,,Overdue
B1693,R1693,4,2,5,655,16:35,660,16:40,78,8,70,1,142910,25.0,647.0,16:27,659.0,16:39,Complete
B1694,R1694,4,7,4,656,16:36,660,16:40,58,9,49,1,286020,35.0,647.0,16:27,657.0,16:37,Complete
B1695,,5,9,5,666,16:46,671,16:51,103,19,84,2,145144,,,,,,Overdue
B1696,R1696,7,4,5,656,16:36,661,16:41,76,9,67,1,283355,8.0,647.0,16:27,660.0,16:40,Complete
B1697,,9,4,7,664,16:44,671,16:51,99,17,82,2,290902,,,,,,Overdue
B1698,R1698,1,3,5,656,16:36,661,16:41,62,8,54,1,144624,48.0,652.0,16:32,661.0,16:41,Complete
B1699,,1,5,4,658,16:38,662,16:42,38,10,28,2,162625,,,,,,Overdue
B1700,R1700,4,2,5,656,16:36,661,16:41,78,8,70,1,142910,20.0,648.0,16:28,661.0,16:41,Complete
B1701,,7,4,5,657,16:37,662,16:42,76,9,67,2,146655,,,,,,Overdue
B1702,,10,4,5,662,16:42,667,16:47,66,14,52,2,150301,,,,,,Overdue
B1703,,1,2,5,658,16:38,663,16:43,57,9,48,2,152468,,,,,,Overdue
B1704,,3,5,6,659,16:39,665,16:45,58,10,48,2,152227,,,,,,Overdue
B1705,,4,9,6,666,16:46,672,16:52,102,17,85,2,145273,,,,,,Overdue
B1706,R1706,7,4,5,658,16:38,663,16:43,76,9,67,1,141677,6.0,653.0,16:33,663.0,16:43,Complete
B1707,,7,5,6,661,16:41,667,16:47,56,12,44,2,151490,,,,,,Overdue
B1708,,9,4,7,666,16:46,673,16:53,99,17,82,2,145451,,,,,,Overdue
B1709,,1,9,6,668,16:48,674,16:54,104,18,86,2,145069,,,,,,Overdue
B1710,R1710,4,2,5,658,16:38,663,16:43,78,8,70,1,142910,25.0,650.0,16:30,662.0,16:42,Complete
B1711,,6,7,5,664,16:44,669,16:49,90,14,76,2,142477,,,,,,Overdue
B1712,,7,4,5,659,16:39,664,16:44,76,9,67,2,146655,,,,,,Overdue
B1713,R1713,7,6,6,664,16:44,670,16:50,86,14,72,1,276033,8.0,650.0,16:30,670.0,16:50,Complete
B1714,,1,5,4,660,16:40,664,16:44,38,9,29,1,150017,,,,,,Overdue
B1715,,1,10,7,666,16:46,673,16:53,55,15,40,1,143575,,,,,,Overdue
B1716,,3,5,6,661,16:41,667,16:47,58,10,48,1,145138,,,,,,Overdue
B1717,R1717,4,2,5,660,16:40,665,16:45,78,8,70,0,276100,20.0,652.0,16:32,664.0,16:44,Complete
B1718,,4,7,4,661,16:41,665,16:45,58,9,49,1,143010,,,,,,Overdue
B1719,,9,3,5,669,16:49,674,16:54,78,17,61,1,132159,,,,,,Overdue
B1720,,1,2,5,662,16:42,667,16:47,57,9,48,1,145359,,,,,,Overdue
B1721,R1721,1,3,5,661,16:41,666,16:46,62,8,54,0,138300,18.0,654.0,16:34,666.0,16:46,Complete
B1722,,1,5,4,662,16:42,666,16:46,38,9,29,1,150017,,,,,,Overdue
B1723,R1723,2,4,5,661,16:41,666,16:46,55,8,47,0,276300,0.0,653.0,16:33,662.0,16:42,Complete
B1724,R1724,2,5,5,664,16:44,669,16:49,69,11,58,0,137950,4.0,653.0,16:33,667.0,16:47,Complete
B1725,R1725,4,7,4,662,16:42,666,16:46,58,9,49,0,136250,24.0,656.0,16:36,666.0,16:46,Complete
B1726,R1726,5,2,5,664,16:44,669,16:49,66,11,55,0,137950,21.0,653.0,16:33,664.0,16:44,Complete
B1727,,9,3,5,670,16:50,675,16:55,78,17,61,1,132159,,,,,,Overdue
B1728,,1,9,6,672,16:52,678,16:58,104,18,86,1,141159,,,,,,Overdue
B1729,R1729,2,1,5,663,16:43,668,16:48,53,9,44,0,138250,27.0,654.0,16:34,664.0,16:44,Complete
B1730,R1730,2,4,5,662,16:42,667,16:47,55,8,47,0,138150,12.0,654.0,16:34,667.0,16:47,Complete
B1731,R1731,2,5,5,664,16:44,669,16:49,69,10,59,0,137950,41.0,654.0,16:34,668.0,16:48,Complete
B1732,R1732,7,1,5,663,16:43,668,16:48,68,9,59,0,136800,23.0,654.0,16:34,667.0,16:47,Complete
B1733,,1,3,5,663,16:43,668,16:48,62,8,54,1,144624,,,,,,Overdue
B1734,R1734,1,5,4,664,16:44,668,16:48,38,9,29,0,276500,11.0,655.0,16:35,666.0,16:46,Complete
B1735,R1735,2,5,5,666,16:46,671,16:51,69,11,58,0,275900,4.0,656.0,16:36,670.0,16:50,Complete
B1736,R1736,4,2,5,663,16:43,668,16:48,78,8,70,0,138050,15.0,659.0,16:39,668.0,16:48,Complete
B1737,,7,1,5,664,16:44,669,16:49,68,9,59,1,142461,,,,,,Overdue
B1738,R1738,5,9,5,675,16:55,680,17:00,103,19,84,0,137150,2.0,656.0,16:36,679.0,16:59,Complete
B1739,R1739,6,3,5,668,16:48,673,16:53,85,12,73,1,139986,31.0,660.0,16:40,673.0,16:53,Complete
B1740,,8,4,5,670,16:50,675,16:55,95,14,81,1,140392,,,,,,Overdue
B1741,R1741,1,3,5,665,16:45,670,16:50,62,8,54,0,138300,18.0,657.0,16:37,669.0,16:49,Complete
B1742,,1,7,5,666,16:46,671,16:51,67,9,58,1,142558,,,,,,Overdue
B1743,R1743,2,5,5,668,16:48,673,16:53,69,11,58,0,137950,41.0,657.0,16:37,671.0,16:51,Complete
B1744,R1744,2,5,5,668,16:48,673,16:53,69,10,59,0,137950,49.0,658.0,16:38,669.0,16:49,Complete
B1745,,3,9,5,675,16:55,680,17:00,108,17,91,2,143141,,,,,,Overdue
B1746,R1746,4,9,6,676,16:56,682,17:02,102,18,84,1,282717,22.0,660.0,16:40,681.0,17:01,Complete
B1747,R1747,5,9,5,677,16:57,682,17:02,103,19,84,0,274300,2.0,659.0,16:39,682.0,17:02,Complete
B1748,,1,5,4,668,16:48,672,16:52,38,9,29,1,150017,,,,,,Overdue
B1749,,1,9,6,677,16:57,683,17:03,104,18,86,2,145069,,,,,,Overdue
B1750,,6,7,5,674,16:54,679,16:59,90,15,75,1,138320,,,,,,Overdue
B1751,R1751,7,1,5,668,16:48,673,16:53,68,9,59,1,142461,37.0,660.0,16:40,670.0,16:50,Complete
B1752,,7,4,5,668,16:48,673,16:53,76,9,67,1,141677,,,,,,Overdue
B1753,,3,9,5,677,16:57,682,17:02,108,17,91,2,143141,,,,,,Overdue
B1754,R1754,4,7,4,669,16:49,673,16:53,58,9,49,1,143010,38.0,663.0,16:43,673.0,16:53,Complete
B1755,,6,7,5,674,16:54,679,16:59,90,14,76,1,138263,,,,,,Overdue
B1756,,1,6,5,670,16:50,675,16:55,26,9,17,1,155152,,,,,,Overdue
B1757,,1,9,6,679,16:59,685,17:05,104,18,86,2,145069,,,,,,Overdue
B1758,R1758,2,4,5,669,16:49,674,16:54,55,8,47,1,145400,10.0,661.0,16:41,673.0,16:53,Complete
B1759,R1759,4,2,5,669,16:49,674,16:54,78,8,70,1,142910,1.0,661.0,16:41,670.0,16:50,Complete
B1760,R1760,10,4,5,675,16:55,680,17:00,66,14,52,1,143825,14.0,661.0,16:41,676.0,16:56,Complete
B1761,,1,5,4,672,16:52,676,16:56,38,10,28,1,150437,,,,,,Overdue
B1762,R1762,2,4,5,670,16:50,675,16:55,55,8,47,1,145400,13.0,662.0,16:42,671.0,16:51,Complete
B1763,R1763,3,4,5,671,16:51,676,16:56,44,9,35,1,148000,33.0,662.0,16:42,672.0,16:52,Complete
B1764,,4,2,5,670,16:50,675,16:55,78,8,70,1,142910,,,,,,Overdue
B1765,,9,1,8,680,17:00,688,17:08,102,18,84,2,145144,,,,,,Overdue
B1766,,9,5,6,681,17:01,687,17:07,98,19,79,2,142608,,,,,,Overdue
B1767,R1767,10,3,7,679,16:59,686,17:06,101,17,84,1,282505,7.0,662.0,16:42,685.0,17:05,Complete
B1768,R1768,2,4,5,671,16:51,676,16:56,55,8,47,1,145400,10.0,664.0,16:44,676.0,16:56,Complete
B1769,R1769,3,5,6,673,16:53,679,16:59,58,10,48,1,145138,34.0,663.0,16:43,674.0,16:54,Complete
B1770,R1770,4,2,5,671,16:51,676,16:56,78,8,70,1,142910,28.0,666.0,16:46,675.0,16:55,Complete
B1771,,9,3,5,680,17:00,685,17:05,78,17,61,2,136868,,,,,,Overdue
B1772,,9,6,7,685,17:05,692,17:12,125,22,103,2,138787,,,,,,Overdue
B1773,R1773,4,2,5,672,16:52,677,16:57,78,8,70,1,285821,6.0,666.0,16:46,675.0,16:55,Complete
B1774,R1774,4,7,4,673,16:53,677,16:57,58,9,49,1,286020,17.0,664.0,16:44,677.0,16:57,Complete
B1775,,7,1,5,674,16:54,679,16:59,68,9,59,1,142461,,,,,,Overdue
B1776,,7,4,5,674,16:54,679,16:59,76,9,67,1,141677,,,,,,Overdue
B1777,R1777,1,3,5,674,16:54,679,16:59,62,8,54,1,144624,44.0,668.0,16:48,677.0,16:57,Complete
B1778,,2,6,6,679,16:59,685,17:05,85,13,72,2,144938,,,,,,Overdue
B1779,,3,5,6,676,16:56,682,17:02,58,10,48,2,152227,,,,,,Overdue
B1780,,3,6,5,678,16:58,683,17:03,72,12,60,2,146416,,,,,,Overdue
B1781,,3,9,5,683,17:03,688,17:08,108,17,91,2,143141,,,,,,Overdue
B1782,R1782,4,2,5,674,16:54,679,16:59,78,8,70,1,428732,0.0,666.0,16:46,679.0,16:59,Complete
B1783,,7,4,5,675,16:55,680,17:00,76,9,67,2,146655,,,,,,Overdue
B1784,,9,3,5,683,17:03,688,17:08,78,17,61,2,273736,,,,,,Overdue
B1785,,9,10,8,687,17:07,695,17:15,107,21,86,2,128325,,,,,,Overdue
B1786,,10,9,4,687,17:07,691,17:11,106,21,85,2,123088,,,,,,Overdue
B1787,R1787,1,2,5,676,16:56,681,17:01,57,9,48,1,145359,27.0,667.0,16:47,677.0,16:57,Complete
B1788,,1,9,6,685,17:05,691,17:11,104,18,86,2,145069,,,,,,Overdue
B1789,R1789,2,5,5,678,16:58,683,17:03,69,11,58,1,143807,26.0,667.0,16:47,678.0,16:58,Complete
B1790,R1790,4,2,5,675,16:55,680,17:00,78,8,70,1,142910,39.0,667.0,16:47,676.0,16:56,Complete
B1791,,4,9,6,684,17:04,690,17:10,102,17,85,2,145273,,,,,,Overdue
B1792,,6,7,5,682,17:02,687,17:07,90,15,75,2,142590,,,,,,Overdue
B1793,,7,4,5,676,16:56,681,17:01,76,9,67,2,146655,,,,,,Overdue
B1794,,9,4,7,684,17:04,691,17:11,99,17,82,2,145451,,,,,,Overdue
B1795,R1795,10,3,7,684,17:04,691,17:11,101,17,84,1,141252,7.0,667.0,16:47,688.0,17:08,Complete
B1796,,1,2,5,677,16:57,682,17:02,57,9,48,2,152468,,,,,,Overdue
B1797,,2,5,5,678,16:58,683,17:03,69,10,59,2,149466,,,,,,Overdue
B1798,R1798,6,3,5,680,17:00,685,17:05,85,12,73,1,139986,43.0,668.0,16:48,681.0,17:01,Complete
B1799,R1799,2,1,5,678,16:58,683,17:03,53,9,44,1,146005,32.0,669.0,16:49,679.0,16:59,Complete
B1800,,2,6,6,682,17:02,688,17:08,85,13,72,2,144938,,,,,,Overdue
B1801,R1801,3,5,6,679,16:59,685,17:05,58,10,48,1,290277,18.0,672.0,16:52,683.0,17:03,Complete
B1802,,6,7,5,684,17:04,689,17:09,90,15,75,2,142590,,,,,,Overdue
B1803,,9,10,8,690,17:10,698,17:18,107,21,86,2,128325,,,,,,Overdue
B1804,R1804,4,2,5,678,16:58,683,17:03,78,8,70,1,142910,0.0,670.0,16:50,682.0,17:02,Complete
B1805,R1805,5,3,6,680,17:00,686,17:06,62,10,52,1,144593,4.0,673.0,16:53,684.0,17:04,Complete
B1806,,10,3,7,687,17:07,694,17:14,101,17,84,2,145255,,,,,,Overdue
B1807,,3,10,8,688,17:08,696,17:16,93,17,76,1,140608,,,,,,Overdue
B1808,,6,9,6,693,17:13,699,17:19,128,22,106,1,137542,,,,,,Overdue
B1809,R1809,7,1,5,680,17:00,685,17:05,68,9,59,0,136800,25.0,671.0,16:51,681.0,17:01,Complete
B1810,,9,10,8,692,17:12,700,17:20,107,21,86,2,128325,,,,,,Overdue
B1811,,10,3,7,688,17:08,695,17:15,101,17,84,1,141252,,,,,,Overdue
B1812,,2,5,5,682,17:02,687,17:07,69,10,59,1,143708,,,,,,Overdue
B1813,R1813,7,1,5,681,17:01,686,17:06,68,9,59,0,136800,9.0,672.0,16:52,682.0,17:02,Complete
B1814,R1814,3,4,5,682,17:02,687,17:07,44,9,35,0,138250,31.0,676.0,16:56,686.0,17:06,Complete
B1815,,3,5,6,683,17:03,689,17:09,58,10,48,1,145138,,,,,,Overdue
B1816,,3,9,5,690,17:10,695,17:15,108,17,91,1,139520,,,,,,Overdue
B1817,R1817,4,2,5,681,17:01,686,17:06,78,8,70,0,138050,13.0,674.0,16:54,686.0,17:06,Complete
B1818,R1818,7,4,5,682,17:02,687,17:07,76,9,67,0,136700,35.0,673.0,16:53,686.0,17:06,Complete
B1819,,7,6,6,688,17:08,694,17:14,86,15,71,1,138078,,,,,,Overdue
B1820,,8,4,5,686,17:06,691,17:11,95,13,82,1,140342,,,,,,Overdue
B1821,R1821,1,6,5,683,17:03,688,17:08,26,9,17,0,135800,47.0,674.0,16:54,687.0,17:07,Complete
B1822,,2,5,5,684,17:04,689,17:09,69,10,59,1,143708,,,,,,Overdue
B1823,,3,5,6,684,17:04,690,17:10,58,10,48,1,145138,,,,,,Overdue
B1824,,3,6,5,686,17:06,691,17:11,72,12,60,1,140958,,,,,,Overdue
B1825,R1825,7,1,5,683,17:03,688,17:08,68,9,59,0,136800,17.0,674.0,16:54,687.0,17:07,Complete
B1826,,7,4,5,683,17:03,688,17:08,76,9,67,1,141677,,,,,,Overdue
B1827,,1,5,4,684,17:04,688,17:08,38,9,29,1,150017,,,,,,Overdue
B1828,,2,5,5,686,17:06,691,17:11,69,11,58,1,143807,,,,,,Overdue
B1829,,3,5,6,685,17:05,691,17:11,58,10,48,1,145138,,,,,,Overdue
B1830,,5,9,5,694,17:14,699,17:19,103,19,84,1,141147,,,,,,Overdue
B1831,,9,4,7,692,17:12,699,17:19,99,17,82,1,141350,,,,,,Overdue
B1832,,10,3,7,692,17:12,699,17:19,101,17,84,1,141252,,,,,,Overdue
B1833,,1,2,5,685,17:05,690,17:10,57,9,48,1,145359,,,,,,Overdue
B1834,R1834,1,5,4,686,17:06,690,17:10,38,10,28,0,276500,30.0,676.0,16:56,687.0,17:07,Complete
B1835,R1835,1,7,5,685,17:05,690,17:10,67,9,58,0,136800,37.0,676.0,16:56,686.0,17:06,Complete
B1836,R1836,2,4,5,684,17:04,689,17:09,55,8,47,0,138150,15.0,676.0,16:56,688.0,17:08,Complete
B1837,,3,5,6,686,17:06,692,17:12,58,10,48,1,145138,,,,,,Overdue
B1838,R1838,4,2,5,684,17:04,689,17:09,78,8,70,0,138050,13.0,677.0,16:57,689.0,17:09,Complete
B1839,,5,10,4,688,17:08,692,17:12,45,12,33,1,145769,,,,,,Overdue
B1840,R1840,7,4,5,685,17:05,690,17:10,76,9,67,0,273400,35.0,676.0,16:56,689.0,17:09,Complete
B1841,R1841,9,4,7,694,17:14,701,17:21,99,18,81,0,274500,22.0,678.0,16:58,699.0,17:19,Complete
B1842,R1842,1,3,5,685,17:05,690,17:10,62,8,54,0,276600,19.0,677.0,16:57,689.0,17:09,Complete
B1843,R1843,1,6,5,686,17:06,691,17:11,26,9,17,0,135800,47.0,677.0,16:57,690.0,17:10,Complete
B1844,R1844,2,4,5,685,17:05,690,17:10,55,8,47,0,138150,16.0,677.0,16:57,689.0,17:09,Complete
B1845,,3,5,6,687,17:07,693,17:13,58,10,48,1,145138,,,,,,Overdue
B1846,R1846,4,2,5,685,17:05,690,17:10,78,8,70,0,138050,12.0,677.0,16:57,690.0,17:10,Complete
B1847,,6,7,5,692,17:12,697,17:17,90,15,75,1,138320,,,,,,Overdue
B1848,,7,6,6,692,17:12,698,17:18,86,15,71,1,138078,,,,,,Overdue
B1849,,10,3,7,694,17:14,701,17:21,101,17,84,2,145255,,,,,,Overdue
B1850,,1,8,5,692,17:12,697,17:17,93,14,79,1,140602,,,,,,Overdue
B1851,R1851,2,4,5,686,17:06,691,17:11,55,8,47,0,138150,3.0,678.0,16:58,691.0,17:11,Complete
B1852,,7,4,5,687,17:07,692,17:12,76,9,67,1,141677,,,,,,Overdue
B1853,,9,5,6,697,17:17,703,17:23,98,19,79,2,142608,,,,,,Overdue
B1854,,10,3,7,695,17:15,702,17:22,101,17,84,2,145255,,,,,,Overdue
B1855,,1,6,5,688,17:08,693,17:13,26,9,17,1,155152,,,,,,Overdue
B1856,R1856,2,1,5,688,17:08,693,17:13,53,9,44,0,138250,6.0,679.0,16:59,692.0,17:12,Complete
B1857,,3,5,6,689,17:09,695,17:15,58,10,48,1,145138,,,,,,Overdue
B1858,,1,3,5,688,17:08,693,17:13,62,8,54,1,144624,,,,,,Overdue
B1859,,1,5,6,690,17:10,696,17:16,38,10,28,1,150437,,,,,,Overdue
B1860,R1860,1,7,5,689,17:09,694,17:14,67,9,58,1,142558,23.0,680.0,17:00,694.0,17:14,Complete
B1861,,2,5,6,690,17:10,696,17:16,69,10,59,1,143708,,,,,,Overdue
B1862,,3,5,7,690,17:10,697,17:17,58,10,48,1,145138,,,,,,Overdue
B1863,,4,3,5,689,17:09,694,17:14,56,9,47,1,145510,,,,,,Overdue
B1864,,4,7,5,689,17:09,694,17:14,58,9,49,1,143010,,,,,,Overdue
B1865,,4,8,5,694,17:14,699,17:19,76,14,62,1,138458,,,,,,Overdue
B1866,,6,7,6,694,17:14,700,17:20,90,14,76,2,142477,,,,,,Overdue
B1867,,7,6,6,694,17:14,700,17:20,86,14,72,2,142433,,,,,,Overdue
B1868,,1,7,5,690,17:10,695,17:15,67,9,58,1,142558,,,,,,Overdue
B1869,,3,1,6,689,17:09,695,17:15,53,8,45,1,146000,,,,,,Overdue
B1870,R1870,3,4,6,690,17:10,696,17:16,44,9,35,1,444000,43.0,684.0,17:04,694.0,17:14,Complete
B1871,,3,6,6,693,17:13,699,17:19,72,12,60,1,140958,,,,,,Overdue
B1872,R1872,4,2,5,689,17:09,694,17:14,78,8,70,1,285821,14.0,681.0,17:01,693.0,17:13,Complete
B1873,,4,7,5,690,17:10,695,17:15,58,9,49,1,143010,,,,,,Overdue
B1874,R1874,4,9,6,698,17:18,704,17:24,102,17,85,1,282623,11.0,686.0,17:06,704.0,17:24,Complete
B1875,,7,4,5,690,17:10,695,17:15,76,9,67,1,141677,,,,,,Overdue
B1876,,1,2,5,691,17:11,696,17:16,57,9,48,1,145359,,,,,,Overdue
B1877,,1,3,5,690,17:10,695,17:15,62,8,54,1,144624,,,,,,Overdue
B1878,R1878,1,7,5,691,17:11,696,17:16,67,9,58,1,285117,9.0,685.0,17:05,695.0,17:15,Complete
B1879,R1879,2,1,6,691,17:11,697,17:17,53,9,44,1,146005,20.0,682.0,17:02,692.0,17:12,Complete
B1880,R1880,2,4,6,690,17:10,696,17:16,55,8,47,1,436200,0.0,685.0,17:05,694.0,17:14,Complete
B1881,,3,4,6,691,17:11,697,17:17,44,9,35,1,148000,,,,,,Overdue
B1882,R1882,3,5,7,692,17:12,699,17:19,58,10,48,1,145138,34.0,688.0,17:08,699.0,17:19,Complete
B1883,R1883,4,2,5,690,17:10,695,17:15,78,8,70,1,428732,10.0,682.0,17:02,694.0,17:14,Complete
B1884,,6,7,6,696,17:16,702,17:22,90,14,76,2,142477,,,,,,Overdue
B1885,,7,6,6,696,17:16,702,17:22,86,14,72,2,142433,,,,,,Overdue
B1886,,9,1,8,700,17:20,708,17:28,102,18,84,2,145144,,,,,,Overdue
B1887,,10,4,5,696,17:16,701,17:21,66,14,52,2,150301,,,,,,Overdue
B1888,,1,2,5,692,17:12,697,17:17,57,9,48,1,145359,,,,,,Overdue
B1889,R1889,1,10,7,698,17:18,705,17:25,55,15,40,1,143575,42.0,688.0,17:08,704.0,17:24,Complete
B1890,R1890,2,4,6,691,17:11,697,17:17,55,8,47,1,145400,27.0,683.0,17:03,692.0,17:12,Complete
B1891,,2,5,6,694,17:14,700,17:20,69,11,58,2,149665,,,,,,Overdue
B1892,R1892,3,4,6,692,17:12,698,17:18,44,9,35,1,296000,44.0,683.0,17:03,696.0,17:16,Complete
B1893,,3,5,7,693,17:13,700,17:20,58,10,48,2,152227,,,,,,Overdue
B1894,R1894,4,2,5,691,17:11,696,17:16,78,8,70,1,142910,14.0,684.0,17:04,696.0,17:16,Complete
B1895,R1895,4,7,5,692,17:12,697,17:17,58,9,49,1,143010,49.0,686.0,17:06,696.0,17:16,Complete
B1896,,9,1,8,701,17:21,709,17:29,102,18,84,2,145144,,,,,,Overdue
B1897,,1,2,5,693,17:13,698,17:18,57,9,48,1,145359,,,,,,Overdue
B1898,R1898,1,7,5,693,17:13,698,17:18,67,9,58,1,285117,23.0,684.0,17:04,697.0,17:17,Complete
B1899,R1899,3,4,6,693,17:13,699,17:19,44,9,35,1,296000,44.0,686.0,17:06,699.0,17:19,Complete
B1900,,3,5,7,694,17:14,701,17:21,58,10,48,2,152227,,,,,,Overdue
B1901,,3,6,6,696,17:16,702,17:22,72,12,60,2,146416,,,,,,Overdue
B1902,R1902,3,10,10,701,17:21,711,17:31,93,17,76,1,140608,36.0,688.0,17:08,709.0,17:29,Complete
B1903,R1903,4,3,5,693,17:13,698,17:18,56,9,47,1,145510,5.0,686.0,17:06,696.0,17:16,Complete
B1904,,5,9,6,703,17:23,709,17:29,103,19,84,2,145144,,,,,,Overdue
B1905,R1905,7,4,5,693,17:13,698,17:18,76,9,67,1,141677,24.0,684.0,17:04,697.0,17:17,Complete
B1906,,8,4,5,698,17:18,703,17:23,95,14,81,2,144485,,,,,,Overdue
B1907,,9,1,8,702,17:22,710,17:30,102,18,84,2,145144,,,,,,Overdue
B1908,,9,4,7,702,17:22,709,17:29,99,18,81,2,145552,,,,,,Overdue
B1909,R1909,2,4,6,693,17:13,699,17:19,55,8,47,1,145400,28.0,685.0,17:05,697.0,17:17,Complete
B1910,,3,4,6,694,17:14,700,17:20,44,9,35,2,157750,,,,,,Overdue
B1911,,3,10,10,702,17:22,712,17:32,93,17,76,2,144967,,,,,,Overdue
B1912,R1912,4,2,5,693,17:13,698,17:18,78,8,70,1,142910,10.0,685.0,17:05,697.0,17:17,Complete
B1913,R1913,4,3,5,694,17:14,699,17:19,56,9,47,1,145510,45.0,686.0,17:06,699.0,17:19,Complete
B1914,,7,4,5,694,17:14,699,17:19,76,9,67,1,141677,,,,,,Overdue
B1915,,9,5,6,704,17:24,710,17:30,98,19,79,2,142608,,,,,,Overdue
B1916,,10,4,5,699,17:19,704,17:24,66,14,52,2,150301,,,,,,Overdue
B1917,,1,2,5,695,17:15,700,17:20,57,9,48,2,152468,,,,,,Overdue
B1918,,1,3,5,694,17:14,699,17:19,62,8,54,1,144624,,,,,,Overdue
B1919,,2,1,6,695,17:15,701,17:21,53,9,44,2,153761,,,,,,Overdue
B1920,,2,4,6,694,17:14,700,17:20,55,8,47,2,152650,,,,,,Overdue
B1921,,3,5,7,696,17:16,703,17:23,58,10,48,2,152227,,,,,,Overdue
B1922,R1922,3,10,10,703,17:23,713,17:33,93,17,76,1,281217,36.0,691.0,17:11,712.0,17:32,Complete
B1923,R1923,4,3,5,695,17:15,700,17:20,56,9,47,1,145510,46.0,686.0,17:06,699.0,17:19,Complete
B1924,R1924,7,4,5,695,17:15,700,17:20,76,9,67,1,425032,24.0,687.0,17:07,700.0,17:20,Complete
B1925,,9,4,7,704,17:24,711,17:31,99,18,81,2,145552,,,,,,Overdue
B1926,,9,5,6,705,17:25,711,17:31,98,19,79,2,142608,,,,,,Overdue
B1927,,1,2,5,696,17:16,701,17:21,57,9,48,2,152468,,,,,,Overdue
B1928,,1,7,5,696,17:16,701,17:21,67,9,58,2,148317,,,,,,Overdue
B1929,R1929,3,1,6,695,17:15,701,17:21,53,8,45,1,146000,4.0,687.0,17:07,696.0,17:16,Complete
B1930,,3,5,7,697,17:17,704,17:24,58,10,48,2,152227,,,,,,Overdue
B1931,R1931,4,2,5,695,17:15,700,17:20,78,8,70,1,142910,33.0,687.0,17:07,699.0,17:19,Complete
B1932,,8,6,6,706,17:26,712,17:32,101,19,82,2,141412,,,,,,Overdue
B1933,,9,1,8,705,17:25,713,17:33,102,18,84,2,145144,,,,,,Overdue
B1934,,9,3,6,704,17:24,710,17:30,78,17,61,2,136868,,,,,,Overdue
B1935,,9,4,7,704,17:24,711,17:31,99,17,82,2,145451,,,,,,Overdue
B1936,R1936,1,6,5,697,17:17,702,17:22,26,9,17,1,155152,8.0,688.0,17:08,698.0,17:18,Complete
B1937,,2,1,6,697,17:17,703,17:23,53,9,44,2,153761,,,,,,Overdue
B1938,R1938,2,4,6,696,17:16,702,17:22,55,8,47,1,145400,28.0,688.0,17:08,700.0,17:20,Complete
B1939,,2,5,6,698,17:18,704,17:24,69,10,59,2,149466,,,,,,Overdue
B1940,,3,1,6,696,17:16,702,17:22,53,8,45,2,153600,,,,,,Overdue
B1941,R1941,3,4,6,697,17:17,703,17:23,44,9,35,1,148000,48.0,688.0,17:08,702.0,17:22,Complete
B1942,,7,1,5,697,17:17,702,17:22,68,9,59,2,148122,,,,,,Overdue
B1943,R1943,10,3,9,705,17:25,714,17:34,101,17,84,1,141252,29.0,688.0,17:08,714.0,17:34,Complete
B1944,,1,9,7,707,17:27,714,17:34,104,18,86,2,145069,,,,,,Overdue
B1945,,2,4,6,697,17:17,703,17:23,55,8,47,2,152650,,,,,,Overdue
B1946,,2,6,8,702,17:22,710,17:30,85,13,72,2,144938,,,,,,Overdue
B1947,R1947,4,7,5,698,17:18,703,17:23,58,9,49,1,143010,31.0,689.0,17:09,703.0,17:23,Complete
B1948,,4,8,5,702,17:22,707,17:27,76,13,63,2,143405,,,,,,Overdue
B1949,,7,4,5,698,17:18,703,17:23,76,9,67,2,146655,,,,,,Overdue
B1950,,8,1,6,703,17:23,709,17:29,73,14,59,2,147654,,,,,,Overdue
B1951,,8,4,5,702,17:22,707,17:27,95,13,82,2,144385,,,,,,Overdue
B1952,R1952,1,2,5,699,17:19,704,17:24,57,9,48,1,145359,25.0,690.0,17:10,703.0,17:23,Complete
B1953,,1,3,5,698,17:18,703,17:23,62,8,54,2,150948,,,,,,Overdue
B1954,R1954,1,5,6,700,17:20,706,17:26,38,10,28,1,150437,18.0,694.0,17:14,705.0,17:25,Complete
B1955,R1955,1,7,5,699,17:19,704,17:24,67,9,58,1,285117,17.0,690.0,17:10,703.0,17:23,Complete
B1956,,2,1,6,699,17:19,705,17:25,53,9,44,2,153761,,,,,,Overdue
B1957,,2,4,6,698,17:18,704,17:24,55,8,47,2,152650,,,,,,Overdue
B1958,,2,5,6,700,17:20,706,17:26,69,10,59,2,149466,,,,,,Overdue
B1959,,3,4,6,699,17:19,705,17:25,44,9,35,2,157750,,,,,,Overdue
B1960,R1960,7,4,5,699,17:19,704,17:24,76,9,67,1,283355,37.0,690.0,17:10,703.0,17:23,Complete
B1961,R1961,9,10,7,711,17:31,718,17:38,107,21,86,1,250575,2.0,695.0,17:15,717.0,17:37,Complete
B1962,R1962,1,2,5,700,17:20,705,17:25,57,9,48,0,138250,32.0,691.0,17:11,704.0,17:24,Complete
B1963,R1963,3,5,7,701,17:21,708,17:28,58,10,48,0,138050,39.0,691.0,17:11,706.0,17:26,Complete
B1964,,3,6,6,703,17:23,709,17:29,72,12,60,1,140958,,,,,,Overdue
B1965,,3,10,10,708,17:28,718,17:38,93,17,76,1,140608,,,,,,Overdue
B1966,R1966,4,2,5,699,17:19,704,17:24,78,8,70,0,138050,15.0,691.0,17:11,704.0,17:24,Complete
B1967,,7,4,5,700,17:20,705,17:25,76,9,67,1,141677,,,,,,Overdue
B1968,,8,3,6,703,17:23,709,17:29,54,12,42,1,143241,,,,,,Overdue
B1969,R1969,1,2,5,701,17:21,706,17:26,57,9,48,0,276500,25.0,693.0,17:13,706.0,17:26,Complete
B1970,R1970,1,7,5,701,17:21,706,17:26,67,9,58,0,136800,17.0,693.0,17:13,706.0,17:26,Complete
B1971,R1971,1,10,7,708,17:28,715,17:35,55,16,39,0,135400,41.0,692.0,17:12,711.0,17:31,Complete
B1972,,2,4,6,700,17:20,706,17:26,55,8,47,1,145400,,,,,,Overdue
B1973,,3,1,6,700,17:20,706,17:26,53,8,45,1,146000,,,,,,Overdue
B1974,R1974,3,4,6,701,17:21,707,17:27,44,9,35,0,276500,48.0,692.0,17:12,705.0,17:25,Complete
B1975,,3,5,7,702,17:22,709,17:29,58,10,48,1,145138,,,,,,Overdue
B1976,,4,8,5,706,17:26,711,17:31,76,14,62,1,138458,,,,,,Overdue
B1977,,6,3,5,704,17:24,709,17:29,85,12,73,1,139986,,,,,,Overdue
B1978,,7,1,5,701,17:21,706,17:26,68,9,59,1,142461,,,,,,Overdue
B1979,R1979,9,10,7,713,17:33,720,17:40,107,21,86,0,122250,2.0,692.0,17:12,720.0,17:40,Complete
B1980,,10,3,9,709,17:29,718,17:38,101,17,84,1,141252,,,,,,Overdue
B1981,,10,4,5,706,17:26,711,17:31,66,14,52,1,143825,,,,,,Overdue
B1982,R1982,1,2,5,702,17:22,707,17:27,57,9,48,0,276500,32.0,694.0,17:14,707.0,17:27,Complete
B1983,R1983,1,7,5,702,17:22,707,17:27,67,9,58,0,136800,40.0,693.0,17:13,706.0,17:26,Complete
B1984,,2,1,6,702,17:22,708,17:28,53,9,44,1,146005,,,,,,Overdue
B1985,R1985,3,4,6,702,17:22,708,17:28,44,9,35,0,138250,7.0,693.0,17:13,706.0,17:26,Complete
B1986,,3,10,10,710,17:30,720,17:40,93,17,76,2,144967,,,,,,Overdue
B1987,,4,3,5,702,17:22,707,17:27,56,9,47,1,145510,,,,,,Overdue
B1988,R1988,4,7,5,702,17:22,707,17:27,58,9,49,0,272500,31.0,693.0,17:13,706.0,17:26,Complete
B1989,R1989,7,4,5,702,17:22,707,17:27,76,9,67,0,136700,37.0,693.0,17:13,706.0,17:26,Complete
B1990,,7,10,8,711,17:31,719,17:39,81,18,63,1,133682,,,,,,Overdue
B1991,R1991,10,3,9,710,17:30,719,17:39,101,17,84,0,274500,29.0,693.0,17:13,717.0,17:37,Complete
B1992,,1,3,5,702,17:22,707,17:27,62,8,54,1,144624,,,,,,Overdue
B1993,,1,5,6,704,17:24,710,17:30,38,10,28,1,150437,,,,,,Overdue
B1994,R1994,2,1,6,703,17:23,709,17:29,53,9,44,0,138250,33.0,696.0,17:16,709.0,17:29,Complete
B1995,R1995,2,5,6,704,17:24,710,17:30,69,10,59,0,275900,21.0,698.0,17:18,709.0,17:29,Complete
B1996,,2,6,8,707,17:27,715,17:35,85,13,72,1,140369,,,,,,Overdue
B1997,R1997,3,1,6,702,17:22,708,17:28,53,8,45,0,138400,45.0,696.0,17:16,708.0,17:28,Complete
B1998,R1998,4,2,5,702,17:22,707,17:27,78,8,70,0,138050,3.0,694.0,17:14,706.0,17:26,Complete
B1999,,4,7,5,703,17:23,708,17:28,58,9,49,1,143010,,,,,,Overdue
B2000,,7,4,5,703,17:23,708,17:28,76,9,67,1,141677,,,,,,Overdue
B2001,,9,4,7,712,17:32,719,17:39,99,18,81,1,141401,,,,,,Overdue
B2002,,10,4,5,708,17:28,713,17:33,66,14,52,1,143825,,,,,,Overdue
B2003,,1,2,5,704,17:24,709,17:29,57,9,48,1,145359,,,,,,Overdue
B2004,R2004,1,7,5,704,17:24,709,17:29,67,9,58,0,273600,40.0,696.0,17:16,709.0,17:29,Complete
B2005,,2,1,6,704,17:24,710,17:30,53,9,44,1,146005,,,,,,Overdue
B2006,R2006,2,4,6,703,17:23,709,17:29,55,8,47,0,276300,1.0,695.0,17:15,707.0,17:27,Complete
B2007,R2007,2,5,6,706,17:26,712,17:32,69,11,58,0,275900,21.0,695.0,17:15,712.0,17:32,Complete
B2008,,3,4,6,704,17:24,710,17:30,44,9,35,1,148000,,,,,,Overdue
B2009,R2009,3,5,7,705,17:25,712,17:32,58,10,48,0,276100,39.0,695.0,17:15,709.0,17:29,Complete
B2010,,3,10,10,712,17:32,722,17:42,93,17,76,2,144967,,,,,,Overdue
B2011,R2011,4,2,5,703,17:23,708,17:28,78,8,70,0,276100,15.0,695.0,17:15,707.0,17:27,Complete
B2012,,4,3,5,704,17:24,709,17:29,56,9,47,1,145510,,,,,,Overdue
B2013,R2013,7,4,5,704,17:24,709,17:29,76,9,67,0,136700,38.0,695.0,17:15,709.0,17:29,Complete
B2014,R2014,10,3,9,712,17:32,721,17:41,101,17,84,0,137250,29.0,696.0,17:16,720.0,17:40,Complete
B2015,,1,3,5,704,17:24,709,17:29,62,8,54,1,144624,,,,,,Overdue
B2016,R2016,3,1,6,704,17:24,710,17:30,53,8,45,0,138400,46.0,696.0,17:16,708.0,17:28,Complete
B2017,R2017,3,4,6,705,17:25,711,17:31,44,9,35,0,414750,7.0,696.0,17:16,709.0,17:29,Complete
B2018,,4,9,6,714,17:34,720,17:40,102,18,84,2,145367,,,,,,Overdue
B2019,,8,6,6,715,17:35,721,17:41,101,19,82,2,282824,,,,,,Overdue
B2020,,9,1,8,714,17:34,722,17:42,102,18,84,2,145144,,,,,,Overdue
B2021,,9,4,7,714,17:34,721,17:41,99,18,81,2,145552,,,,,,Overdue
B2022,,10,3,9,713,17:33,722,17:42,101,17,84,2,145255,,,,,,Overdue
B2023,,10,4,5,710,17:30,715,17:35,66,14,52,1,143825,,,,,,Overdue
B2024,,1,3,5,705,17:25,710,17:30,62,8,54,1,144624,,,,,,Overdue
B2025,,1,7,5,706,17:26,711,17:31,67,9,58,1,142558,,,,,,Overdue
B2026,R2026,2,4,6,705,17:25,711,17:31,55,8,47,0,276300,1.0,698.0,17:18,710.0,17:30,Complete
B2027,,3,1,6,705,17:25,711,17:31,53,8,45,1,146000,,,,,,Overdue
B2028,R2028,3,5,7,707,17:27,714,17:34,58,10,48,0,138050,30.0,698.0,17:18,713.0,17:33,Complete
B2029,R2029,4,2,5,705,17:25,710,17:30,78,8,70,0,414150,3.0,697.0,17:17,709.0,17:29,Complete
B2030,,4,3,5,706,17:26,711,17:31,56,9,47,1,145510,,,,,,Overdue
B2031,,4,7,5,706,17:26,711,17:31,58,9,49,1,143010,,,,,,Overdue
B2032,,4,9,6,714,17:34,720,17:40,102,17,85,2,145273,,,,,,Overdue
B2033,,6,7,6,712,17:32,718,17:38,90,15,75,1,138320,,,,,,Overdue
B2034,,7,4,5,706,17:26,711,17:31,76,9,67,1,141677,,,,,,Overdue
B2035,,10,3,9,714,17:34,723,17:43,101,17,84,2,145255,,,,,,Overdue
B2036,,1,7,5,707,17:27,712,17:32,67,9,58,1,142558,,,,,,Overdue
B2037,,1,10,7,714,17:34,721,17:41,55,16,39,2,152169,,,,,,Overdue
B2038,R2038,2,4,6,706,17:26,712,17:32,55,8,47,0,138150,14.0,699.0,17:19,711.0,17:31,Complete
B2039,,2,5,6,708,17:28,714,17:34,69,10,59,1,143708,,,,,,Overdue
B2040,,3,5,7,708,17:28,715,17:35,58,10,48,1,145138,,,,,,Overdue
B2041,R2041,4,2,5,706,17:26,711,17:31,78,8,70,0,138050,16.0,698.0,17:18,710.0,17:30,Complete
B2042,R2042,5,2,6,708,17:28,714,17:34,66,10,56,0,137950,26.0,698.0,17:18,713.0,17:33,Complete
B2043,,8,6,6,717,17:37,723,17:43,101,19,82,2,141412,,,,,,Overdue
B2044,,9,4,7,716,17:36,723,17:43,99,18,81,2,145552,,,,,,Overdue
B2045,R2045,1,2,5,708,17:28,713,17:33,57,9,48,0,276500,20.0,699.0,17:19,712.0,17:32,Complete
B2046,,1,3,5,707,17:27,712,17:32,62,8,54,1,144624,,,,,,Overdue
B2047,,1,7,5,708,17:28,713,17:33,67,9,58,1,142558,,,,,,Overdue
B2048,,3,4,6,708,17:28,714,17:34,44,9,35,1,148000,,,,,,Overdue
B2049,,3,5,7,709,17:29,716,17:36,58,10,48,1,145138,,,,,,Overdue
B2050,R2050,4,2,5,707,17:27,712,17:32,78,8,70,0,138050,0.0,699.0,17:19,712.0,17:32,Complete
B2051,,4,3,5,708,17:28,713,17:33,56,9,47,1,145510,,,,,,Overdue
B2052,R2052,6,7,6,714,17:34,720,17:40,90,15,75,1,138320,8.0,701.0,17:21,719.0,17:39,Complete
B2053,,7,1,5,708,17:28,713,17:33,68,9,59,1,142461,,,,,,Overdue
B2054,R2054,7,4,5,708,17:28,713,17:33,76,9,67,0,273400,38.0,699.0,17:19,712.0,17:32,Complete
B2055,,8,4,5,712,17:32,717,17:37,95,13,82,1,140342,,,,,,Overdue
B2056,,10,9,5,720,17:40,725,17:45,106,21,85,2,123088,,,,,,Overdue
B2057,,2,6,8,713,17:33,721,17:41,85,13,72,2,144938,,,,,,Overdue
B2058,,3,1,6,708,17:28,714,17:34,53,8,45,1,146000,,,,,,Overdue
B2059,,3,4,6,709,17:29,715,17:35,44,9,35,1,148000,,,,,,Overdue
B2060,,3,5,7,710,17:30,717,17:37,58,10,48,1,145138,,,,,,Overdue
B2061,,7,1,5,709,17:29,714,17:34,68,9,59,1,142461,,,,,,Overdue
B2062,,7,4,5,709,17:29,714,17:34,76,9,67,1,141677,,,,,,Overdue
B2063,,8,3,6,712,17:32,718,17:38,54,12,42,1,143241,,,,,,Overdue
B2064,,9,3,6,717,17:37,723,17:43,78,17,61,2,136868,,,,,,Overdue
B2065,R2065,1,2,5,710,17:30,715,17:35,57,9,48,1,290718,4.0,701.0,17:21,711.0,17:31,Complete
B2066,R2066,1,3,5,709,17:29,714,17:34,62,8,54,1,144624,6.0,701.0,17:21,714.0,17:34,Complete
B2067,,1,7,5,710,17:30,715,17:35,67,9,58,1,142558,,,,,,Overdue
B2068,R2068,2,4,6,709,17:29,715,17:35,55,8,47,1,145400,35.0,706.0,17:26,715.0,17:35,Complete
B2069,,2,5,6,712,17:32,718,17:38,69,11,58,1,143807,,,,,,Overdue
B2070,,3,5,7,711,17:31,718,17:38,58,10,48,1,145138,,,,,,Overdue
B2071,R2071,4,2,5,709,17:29,714,17:34,78,8,70,1,285821,22.0,702.0,17:22,711.0,17:31,Complete
B2072,,4,3,5,710,17:30,715,17:35,56,9,47,1,145510,,,,,,Overdue
B2073,,7,6,6,716,17:36,722,17:42,86,15,71,2,142557,,,,,,Overdue
B2074,,9,1,8,719,17:39,727,17:47,102,18,84,2,145144,,,,,,Overdue
B2075,,9,10,7,722,17:42,729,17:49,107,21,86,2,128325,,,,,,Overdue
B2076,,1,3,5,710,17:30,715,17:35,62,8,54,1,144624,,,,,,Overdue
B2077,,1,7,5,711,17:31,716,17:36,67,9,58,1,142558,,,,,,Overdue
B2078,,1,10,7,718,17:38,725,17:45,55,16,39,2,152169,,,,,,Overdue
B2079,,3,5,7,712,17:32,719,17:39,58,10,48,1,145138,,,,,,Overdue
B2080,,3,10,10,719,17:39,729,17:49,93,17,76,2,144967,,,,,,Overdue
B2081,,4,3,5,711,17:31,716,17:36,56,9,47,1,145510,,,,,,Overdue
B2082,,4,7,5,711,17:31,716,17:36,58,9,49,1,143010,,,,,,Overdue
B2083,R2083,6,1,4,711,17:31,715,17:35,27,9,18,1,154077,47.0,702.0,17:22,712.0,17:32,Complete
B2084,,6,7,6,716,17:36,722,17:42,90,14,76,2,142477,,,,,,Overdue
B2085,,7,4,5,711,17:31,716,17:36,76,9,67,1,141677,,,,,,Overdue
B2086,,8,2,5,714,17:34,719,17:39,37,12,25,1,148660,,,,,,Overdue
B2087,,9,10,7,723,17:43,730,17:50,107,21,86,2,128325,,,,,,Overdue
B2088,,1,5,6,712,17:32,718,17:38,38,9,29,1,150017,,,,,,Overdue
B2089,,1,10,7,718,17:38,725,17:45,55,15,40,2,151750,,,,,,Overdue
B2090,R2090,2,4,6,711,17:31,717,17:37,55,8,47,1,145400,43.0,706.0,17:26,715.0,17:35,Complete
B2091,R2091,3,4,6,712,17:32,718,17:38,44,9,35,1,296000,23.0,707.0,17:27,717.0,17:37,Complete
B2092,,3,5,7,713,17:33,720,17:40,58,10,48,2,152227,,,,,,Overdue
B2093,,4,7,5,712,17:32,717,17:37,58,9,49,1,143010,,,,,,Overdue
B2094,,1,5,6,714,17:34,720,17:40,38,10,28,2,162625,,,,,,Overdue
B2095,,1,7,5,713,17:33,718,17:38,67,9,58,1,142558,,,,,,Overdue
B2096,,1,10,7,720,17:40,727,17:47,55,16,39,2,152169,,,,,,Overdue
B2097,R2097,2,4,6,712,17:32,718,17:38,55,8,47,1,290800,10.0,704.0,17:24,716.0,17:36,Complete
B2098,R2098,2,5,6,714,17:34,720,17:40,69,10,59,1,287416,25.0,709.0,17:29,720.0,17:40,Complete
B2099,R2099,3,1,6,712,17:32,718,17:38,53,8,45,1,146000,19.0,704.0,17:24,716.0,17:36,Complete
B2100,R2100,3,4,6,713,17:33,719,17:39,44,9,35,1,296000,44.0,709.0,17:29,719.0,17:39,Complete
B2101,R2101,5,1,5,714,17:34,719,17:39,31,10,21,1,151838,18.0,708.0,17:28,719.0,17:39,Complete
B2102,R2102,6,7,6,718,17:38,724,17:44,90,14,76,1,414791,8.0,704.0,17:24,722.0,17:42,Complete
B2103,R2103,7,4,5,713,17:33,718,17:38,76,9,67,1,141677,9.0,704.0,17:24,718.0,17:38,Complete
B2104,,1,2,5,714,17:34,719,17:39,57,9,48,1,145359,,,,,,Overdue
B2105,R2105,1,3,5,713,17:33,718,17:38,62,8,54,1,289248,6.0,705.0,17:25,717.0,17:37,Complete
B2106,,1,5,6,714,17:34,720,17:40,38,9,29,2,161784,,,,,,Overdue
B2107,,2,4,6,713,17:33,719,17:39,55,8,47,1,145400,,,,,,Overdue
B2108,R2108,3,4,6,714,17:34,720,17:40,44,9,35,1,296000,49.0,707.0,17:27,720.0,17:40,Complete
B2109,R2109,4,2,5,713,17:33,718,17:38,78,8,70,1,142910,37.0,709.0,17:29,718.0,17:38,Complete
B2110,,4,3,5,714,17:34,719,17:39,56,9,47,1,145510,,,,,,Overdue
B2111,,1,3,5,714,17:34,719,17:39,62,8,54,1,144624,,,,,,Overdue
B2112,,1,7,5,715,17:35,720,17:40,67,9,58,2,148317,,,,,,Overdue
B2113,R2113,2,4,6,714,17:34,720,17:40,55,8,47,1,290800,10.0,707.0,17:27,719.0,17:39,Complete
B2114,,2,5,6,716,17:36,722,17:42,69,10,59,2,149466,,,,,,Overdue
B2115,,3,10,10,723,17:43,733,17:53,93,17,76,2,144967,,,,,,Overdue
B2116,,4,2,5,714,17:34,719,17:39,78,8,70,1,142910,,,,,,Overdue
B2117,,4,3,5,715,17:35,720,17:40,56,9,47,2,152771,,,,,,Overdue
B2118,R2118,4,7,5,715,17:35,720,17:40,58,9,49,1,143010,28.0,706.0,17:26,719.0,17:39,Complete
B2119,,7,1,5,715,17:35,720,17:40,68,9,59,2,148122,,,,,,Overdue
B2120,,7,4,5,715,17:35,720,17:40,76,9,67,2,146655,,,,,,Overdue
B2121,,7,6,6,720,17:40,726,17:46,86,14,72,2,142433,,,,,,Overdue
B2122,,9,10,7,727,17:47,734,17:54,107,21,86,2,128325,,,,,,Overdue
B2123,R2123,10,3,9,723,17:43,732,17:52,101,17,84,1,141252,41.0,714.0,17:34,732.0,17:52,Complete
B2124,R2124,1,7,5,716,17:36,721,17:41,67,9,58,1,285117,45.0,711.0,17:31,721.0,17:41,Complete
B2125,,2,4,6,715,17:35,721,17:41,55,8,47,2,152650,,,,,,Overdue
B2126,R2126,3,1,6,715,17:35,721,17:41,53,8,45,1,292000,19.0,707.0,17:27,719.0,17:39,Complete
B2127,R2127,3,4,6,716,17:36,722,17:42,44,9,35,1,592000,5.0,707.0,17:27,717.0,17:37,Complete
B2128,,3,5,7,717,17:37,724,17:44,58,10,48,2,152227,,,,,,Overdue
B2129,,3,10,10,724,17:44,734,17:54,93,17,76,2,144967,,,,,,Overdue
B2130,R2130,4,7,5,716,17:36,721,17:41,58,9,49,1,286020,27.0,707.0,17:27,720.0,17:40,Complete
B2131,R2131,5,3,6,717,17:37,723,17:43,62,10,52,1,144593,34.0,707.0,17:27,722.0,17:42,Complete
B2132,,9,3,6,724,17:44,730,17:50,78,17,61,2,136868,,,,,,Overdue
B2133,,9,10,7,728,17:48,735,17:55,107,21,86,2,128325,,,,,,Overdue
B2134,R2134,10,3,9,724,17:44,733,17:53,101,17,84,1,282505,36.0,715.0,17:35,733.0,17:53,Complete
B2135,R2135,2,4,6,716,17:36,722,17:42,55,8,47,1,290800,12.0,708.0,17:28,720.0,17:40,Complete
B2136,,2,5,6,718,17:38,724,17:44,69,10,59,2,149466,,,,,,Overdue
B2137,,3,5,7,718,17:38,725,17:45,58,10,48,2,152227,,,,,,Overdue
B2138,R2138,4,7,5,717,17:37,722,17:42,58,9,49,1,286020,28.0,709.0,17:29,722.0,17:42,Complete
B2139,R2139,7,4,5,717,17:37,722,17:42,76,9,67,1,283355,9.0,708.0,17:28,721.0,17:41,Complete
B2140,,8,3,6,720,17:40,726,17:46,54,12,42,2,151033,,,,,,Overdue
B2141,,9,1,8,726,17:46,734,17:54,102,18,84,2,145144,,,,,,Overdue
B2142,,9,10,7,729,17:49,736,17:56,107,21,86,2,128325,,,,,,Overdue
B2143,R2143,10,4,5,722,17:42,727,17:47,66,14,52,1,287651,42.0,708.0,17:28,723.0,17:43,Complete
B2144,,1,9,7,727,17:47,734,17:54,104,18,86,2,145069,,,,,,Overdue
B2145,R2145,2,4,6,717,17:37,723,17:43,55,8,47,1,290800,12.0,711.0,17:31,723.0,17:43,Complete
B2146,,2,6,8,722,17:42,730,17:50,85,13,72,2,144938,,,,,,Overdue
B2147,,3,1,6,717,17:37,723,17:43,53,8,45,2,153600,,,,,,Overdue
B2148,,3,6,6,721,17:41,727,17:47,72,12,60,2,146416,,,,,,Overdue
B2149,,4,2,5,717,17:37,722,17:42,78,8,70,2,147771,,,,,,Overdue
B2150,R2150,4,7,5,718,17:38,723,17:43,58,9,49,1,286020,27.0,710.0,17:30,723.0,17:43,Complete
B2151,,6,7,6,724,17:44,730,17:50,90,15,75,2,142590,,,,,,Overdue
B2152,R2152,7,4,5,718,17:38,723,17:43,76,9,67,1,141677,17.0,709.0,17:29,723.0,17:43,Complete
B2153,,7,6,6,724,17:44,730,17:50,86,15,71,2,142557,,,,,,Overdue
B2154,,1,3,5,718,17:38,723,17:43,62,8,54,2,150948,,,,,,Overdue
B2155,R2155,1,7,5,719,17:39,724,17:44,67,9,58,1,285117,33.0,712.0,17:32,722.0,17:42,Complete
B2156,,2,5,6,720,17:40,726,17:46,69,10,59,2,149466,,,,,,Overdue
B2157,R2157,3,4,6,719,17:39,725,17:45,44,9,35,1,148000,49.0,710.0,17:30,723.0,17:43,Complete
B2158,,3,5,7,720,17:40,727,17:47,58,10,48,2,152227,,,,,,Overdue
B2159,,4,2,5,718,17:38,723,17:43,78,8,70,2,147771,,,,,,Overdue
B2160,,4,3,5,719,17:39,724,17:44,56,9,47,2,152771,,,,,,Overdue
B2161,R2161,5,2,6,720,17:40,726,17:46,66,10,56,1,144016,21.0,715.0,17:35,726.0,17:46,Complete
B2162,,9,10,7,731,17:51,738,17:58,107,21,86,2,128325,,,,,,Overdue
B2163,,1,7,5,720,17:40,725,17:45,67,9,58,1,142558,,,,,,Overdue
B2164,,2,4,6,719,17:39,725,17:45,55,8,47,1,145400,,,,,,Overdue
B2165,,3,1,6,719,17:39,725,17:45,53,8,45,1,146000,,,,,,Overdue
B2166,,4,2,5,719,17:39,724,17:44,78,8,70,1,142910,,,,,,Overdue
B2167,R2167,5,3,6,721,17:41,727,17:47,62,10,52,0,138050,34.0,711.0,17:31,725.0,17:45,Complete
B2168,,6,7,6,726,17:46,732,17:52,90,15,75,1,138320,,,,,,Overdue
B2169,,7,4,5,720,17:40,725,17:45,76,9,67,1,141677,,,,,,Overdue
B2170,,1,6,5,721,17:41,726,17:46,26,9,17,1,155152,,,,,,Overdue
B2171,,1,7,5,721,17:41,726,17:46,67,9,58,1,142558,,,,,,Overdue
B2172,,2,1,6,721,17:41,727,17:47,53,9,44,1,146005,,,,,,Overdue
B2173,R2173,2,4,6,720,17:40,726,17:46,55,8,47,0,138150,13.0,712.0,17:32,726.0,17:46,Complete
B2174,,2,5,6,722,17:42,728,17:48,69,10,59,1,143708,,,,,,Overdue
B2175,,3,4,6,721,17:41,727,17:47,44,9,35,1,148000,,,,,,Overdue
B2176,,3,5,7,722,17:42,729,17:49,58,10,48,1,145138,,,,,,Overdue
B2177,,3,10,10,729,17:49,739,17:59,93,17,76,1,140608,,,,,,Overdue
B2178,,7,10,8,730,17:50,738,17:58,81,18,63,1,133682,,,,,,Overdue
B2179,,9,10,7,733,17:53,740,18:00,107,21,86,2,128325,,,,,,Overdue
B2180,,1,2,5,722,17:42,727,17:47,57,9,48,1,145359,,,,,,Overdue
B2181,,1,7,5,722,17:42,727,17:47,67,9,58,1,142558,,,,,,Overdue
B2182,,2,1,6,722,17:42,728,17:48,53,9,44,1,146005,,,,,,Overdue
B2183,R2183,3,5,7,723,17:43,730,17:50,58,10,48,0,276100,4.0,717.0,17:37,728.0,17:48,Complete
B2184,R2184,4,2,5,721,17:41,726,17:46,78,8,70,0,276100,14.0,714.0,17:34,726.0,17:46,Complete
B2185,R2185,4,7,5,722,17:42,727,17:47,58,9,49,0,272500,38.0,715.0,17:35,725.0,17:45,Complete
B2186,,7,1,5,722,17:42,727,17:47,68,9,59,1,142461,,,,,,Overdue
B2187,R2187,7,4,5,722,17:42,727,17:47,76,9,67,0,273400,17.0,713.0,17:33,726.0,17:46,Complete
B2188,,1,6,5,723,17:43,728,17:48,26,9,17,1,155152,,,,,,Overdue
B2189,R2189,1,7,5,723,17:43,728,17:48,67,9,58,0,273600,47.0,715.0,17:35,725.0,17:45,Complete
B2190,,2,1,6,723,17:43,729,17:49,53,9,44,1,146005,,,,,,Overdue
B2191,,2,4,6,722,17:42,728,17:48,55,8,47,1,145400,,,,,,Overdue
B2192,,2,9,5,730,17:50,735,17:55,60,16,44,1,135815,,,,,,Overdue
B2193,,3,1,6,722,17:42,728,17:48,53,8,45,1,146000,,,,,,Overdue
B2194,,3,4,6,723,17:43,729,17:49,44,9,35,1,148000,,,,,,Overdue
B2195,R2195,4,7,5,723,17:43,728,17:48,58,9,49,0,272500,43.0,718.0,17:38,728.0,17:48,Complete
B2196,,4,8,5,728,17:48,733,17:53,76,14,62,1,138458,,,,,,Overdue
B2197,,6,7,6,728,17:48,734,17:54,90,14,76,1,138263,,,,,,Overdue
B2198,,7,4,5,723,17:43,728,17:48,76,9,67,1,141677,,,,,,Overdue
B2199,,9,4,7,732,17:52,739,17:59,99,18,81,1,141401,,,,,,Overdue
B2200,,10,3,9,731,17:51,740,18:00,101,17,84,2,145255,,,,,,Overdue
B2201,,1,3,5,723,17:43,728,17:48,62,8,54,1,144624,,,,,,Overdue
B2202,,1,5,6,724,17:44,730,17:50,38,9,29,1,150017,,,,,,Overdue
B2203,,2,1,6,724,17:44,730,17:50,53,9,44,1,146005,,,,,,Overdue
B2204,R2204,2,4,6,723,17:43,729,17:49,55,8,47,1,145400,20.0,720.0,17:40,729.0,17:49,Complete
B2205,,2,5,6,726,17:46,732,17:52,69,11,58,1,143807,,,,,,Overdue
B2206,,2,6,8,728,17:48,736,17:56,85,13,72,1,140369,,,,,,Overdue
B2207,,4,2,5,723,17:43,728,17:48,78,8,70,1,142910,,,,,,Overdue
B2208,,4,8,5,728,17:48,733,17:53,76,13,63,1,138377,,,,,,Overdue
B2209,,7,4,5,724,17:44,729,17:49,76,9,67,1,141677,,,,,,Overdue
B2210,,9,4,7,732,17:52,739,17:59,99,17,82,1,141350,,,,,,Overdue
B2211,,9,5,6,734,17:54,740,18:00,98,19,79,2,142608,,,,,,Overdue
B2212,,1,2,5,725,17:45,730,17:50,57,9,48,1,145359,,,,,,Overdue
B2213,,1,10,7,732,17:52,739,17:59,55,16,39,1,143784,,,,,,Overdue
B2214,,2,1,6,725,17:45,731,17:51,53,9,44,1,146005,,,,,,Overdue
B2215,R2215,3,5,7,726,17:46,733,17:53,58,10,48,0,414150,0.0,718.0,17:38,733.0,17:53,Complete
B2216,,4,3,5,725,17:45,730,17:50,56,9,47,1,145510,,,,,,Overdue
B2217,,4,9,6,734,17:54,740,18:00,102,18,84,2,145367,,,,,,Overdue
B2218,,9,1,8,734,17:54,742,18:02,102,18,84,2,145144,,,,,,Overdue
B2219,R2219,9,4,7,734,17:54,741,18:01,99,18,81,0,137250,11.0,716.0,17:36,740.0,18:00,Complete
B2220,,10,3,9,733,17:53,742,18:02,101,17,84,2,145255,,,,,,Overdue
B2221,R2221,1,5,6,726,17:46,732,17:52,38,9,29,0,276500,40.0,719.0,17:39,730.0,17:50,Complete
B2222,,1,7,5,726,17:46,731,17:51,67,9,58,1,142558,,,,,,Overdue
B2223,,1,9,7,735,17:55,742,18:02,104,18,86,2,145069,,,,,,Overdue
B2224,,1,10,7,732,17:52,739,17:59,55,15,40,1,143575,,,,,,Overdue
B2225,R2225,2,4,6,725,17:45,731,17:51,55,8,47,0,276300,13.0,717.0,17:37,729.0,17:49,Complete
B2226,,2,5,6,728,17:48,734,17:54,69,11,58,1,143807,,,,,,Overdue
B2227,R2227,3,4,6,726,17:46,732,17:52,44,9,35,0,276500,26.0,719.0,17:39,732.0,17:52,Complete
B2228,R2228,3,5,7,727,17:47,734,17:54,58,10,48,0,276100,22.0,717.0,17:37,734.0,17:54,Complete
B2229,,3,6,6,729,17:49,735,17:55,72,12,60,1,140958,,,,,,Overdue
B2230,,3,10,10,734,17:54,744,18:04,93,17,76,2,144967,,,,,,Overdue
B2231,R2231,4,2,5,725,17:45,730,17:50,78,8,70,0,138050,14.0,717.0,17:37,729.0,17:49,Complete
B2232,R2232,4,3,5,726,17:46,731,17:51,56,9,47,0,276500,35.0,718.0,17:38,731.0,17:51,Complete
B2233,,6,7,6,732,17:52,738,17:58,90,15,75,1,138320,,,,,,Overdue
B2234,,1,7,5,727,17:47,732,17:52,67,9,58,1,142558,,,,,,Overdue
B2235,,2,4,6,726,17:46,732,17:52,55,8,47,1,145400,,,,,,Overdue
B2236,,3,4,6,727,17:47,733,17:53,44,9,35,1,148000,,,,,,Overdue
B2237,,6,7,6,732,17:52,738,17:58,90,14,76,1,138263,,,,,,Overdue
B2238,,7,4,5,727,17:47,732,17:52,76,9,67,1,141677,,,,,,Overdue
B2239,,8,4,5,732,17:52,737,17:57,95,14,81,1,140392,,,,,,Overdue
B2240,,8,6,6,737,17:57,743,18:03,101,19,82,2,141412,,,,,,Overdue
B2241,,2,4,6,727,17:47,733,17:53,55,8,47,1,145400,,,,,,Overdue
B2242,,3,1,6,727,17:47,733,17:53,53,8,45,1,146000,,,,,,Overdue
B2243,,3,4,6,728,17:48,734,17:54,44,9,35,1,148000,,,,,,Overdue
B2244,,3,10,10,736,17:56,746,18:06,93,17,76,2,144967,,,,,,Overdue
B2245,R2245,4,2,5,727,17:47,732,17:52,78,8,70,0,276100,24.0,719.0,17:39,731.0,17:51,Complete
B2246,,4,7,5,728,17:48,733,17:53,58,9,49,1,143010,,,,,,Overdue
B2247,R2247,5,3,6,729,17:49,735,17:55,62,10,52,0,138050,30.0,719.0,17:39,733.0,17:53,Complete
B2248,,6,7,6,734,17:54,740,18:00,90,15,75,2,142590,,,,,,Overdue
B2249,,1,5,6,730,17:50,736,17:56,38,10,28,1,150437,,,,,,Overdue
B2250,R2250,2,5,6,730,17:50,736,17:56,69,10,59,1,287416,32.0,720.0,17:40,734.0,17:54,Complete
B2251,,3,4,6,729,17:49,735,17:55,44,9,35,1,148000,,,,,,Overdue
B2252,R2252,3,5,7,730,17:50,737,17:57,58,10,48,1,435415,3.0,723.0,17:43,737.0,17:57,Complete
B2253,R2253,4,3,5,729,17:49,734,17:54,56,9,47,1,145510,5.0,720.0,17:40,733.0,17:53,Complete
B2254,R2254,7,1,5,729,17:49,734,17:54,68,9,59,1,142461,45.0,724.0,17:44,734.0,17:54,Complete
B2255,,8,1,6,734,17:54,740,18:00,73,14,59,2,147654,,,,,,Overdue
B2256,,8,3,6,732,17:52,738,17:58,54,12,42,1,143241,,,,,,Overdue
B2257,,9,4,7,738,17:58,745,18:05,99,18,81,2,145552,,,,,,Overdue
B2258,R2258,1,2,5,730,17:50,735,17:55,57,9,48,1,145359,18.0,722.0,17:42,735.0,17:55,Complete
B2259,,1,5,6,730,17:50,736,17:56,38,9,29,1,150017,,,,,,Overdue
B2260,R2260,2,4,6,729,17:49,735,17:55,55,8,47,1,145400,7.0,726.0,17:46,735.0,17:55,Complete
B2261,R2261,3,1,6,729,17:49,735,17:55,53,8,45,1,146000,46.0,726.0,17:46,735.0,17:55,Complete
B2262,R2262,3,4,6,730,17:50,736,17:56,44,9,35,1,296000,37.0,724.0,17:44,734.0,17:54,Complete
B2263,,3,5,7,731,17:51,738,17:58,58,10,48,1,145138,,,,,,Overdue
B2264,,3,10,10,738,17:58,748,18:08,93,17,76,2,144967,,,,,,Overdue
B2265,R2265,4,2,5,729,17:49,734,17:54,78,8,70,1,285821,9.0,724.0,17:44,733.0,17:53,Complete
B2266,R2266,4,3,5,730,17:50,735,17:55,56,9,47,1,291021,10.0,722.0,17:42,735.0,17:55,Complete
B2267,R2267,4,7,5,730,17:50,735,17:55,58,9,49,1,286020,23.0,721.0,17:41,735.0,17:55,Complete
B2268,,5,2,6,732,17:52,738,17:58,66,11,55,1,144127,,,,,,Overdue
B2269,R2269,2,5,6,732,17:52,738,17:58,69,10,59,1,143708,32.0,723.0,17:43,737.0,17:57,Complete
B2270,,2,6,8,735,17:55,743,18:03,85,13,72,2,144938,,,,,,Overdue
B2271,,2,9,5,738,17:58,743,18:03,60,16,44,2,142531,,,,,,Overdue
B2272,,3,1,6,730,17:50,736,17:56,53,8,45,1,146000,,,,,,Overdue
B2273,,3,4,6,731,17:51,737,17:57,44,9,35,1,148000,,,,,,Overdue
B2274,,3,5,7,732,17:52,739,17:59,58,10,48,1,145138,,,,,,Overdue
B2275,,3,10,10,739,17:59,749,18:09,93,17,76,2,144967,,,,,,Overdue
B2276,R2276,4,3,5,731,17:51,736,17:56,56,9,47,1,436531,5.0,723.0,17:43,736.0,17:56,Complete
B2277,,4,7,5,731,17:51,736,17:56,58,9,49,1,143010,,,,,,Overdue
B2278,,4,9,6,740,18:00,746,18:06,102,18,84,2,145367,,,,,,Overdue
B2279,R2279,5,3,6,732,17:52,738,17:58,62,10,52,1,144593,25.0,723.0,17:43,737.0,17:57,Complete
B2280,,6,2,6,735,17:55,741,18:01,80,13,67,2,290322,,,,,,Overdue
B2281,,6,7,6,736,17:56,742,18:02,90,14,76,2,142477,,,,,,Overdue
B2282,,9,4,7,740,18:00,747,18:07,99,18,81,2,436657,,,,,,Overdue
B2283,,9,5,6,741,18:01,747,18:07,98,19,79,2,142608,,,,,,Overdue
B2284,,10,3,9,739,17:59,748,18:08,101,17,84,2,145255,,,,,,Overdue
B2285,,1,5,6,732,17:52,738,17:58,38,9,29,1,150017,,,,,,Overdue
B2286,,1,10,7,738,17:58,745,18:05,55,15,40,2,151750,,,,,,Overdue
B2287,R2287,2,4,6,731,17:51,737,17:57,55,8,47,1,145400,44.0,728.0,17:48,737.0,17:57,Complete
B2288,,2,6,8,736,17:56,744,18:04,85,13,72,2,144938,,,,,,Overdue
B2289,R2289,3,5,7,733,17:53,740,18:00,58,10,48,1,290277,31.0,727.0,17:47,738.0,17:58,Complete
B2290,,3,6,6,735,17:55,741,18:01,72,12,60,2,146416,,,,,,Overdue
B2291,R2291,4,2,5,731,17:51,736,17:56,78,8,70,1,428732,1.0,723.0,17:43,735.0,17:55,Complete
B2292,R2292,7,4,5,732,17:52,737,17:57,76,9,67,1,141677,27.0,726.0,17:46,736.0,17:56,Complete
B2293,,9,5,6,742,18:02,748,18:08,98,19,79,2,142608,,,,,,Overdue
B2294,R2294,10,4,5,737,17:57,742,18:02,66,14,52,1,143825,2.0,723.0,17:43,738.0,17:58,Complete
B2295,,3,4,6,733,17:53,739,17:59,44,9,35,1,148000,,,,,,Overdue
B2296,R2296,3,5,7,734,17:54,741,18:01,58,10,48,1,290277,39.0,728.0,17:48,739.0,17:59,Complete
B2297,,4,2,5,732,17:52,737,17:57,78,8,70,1,142910,,,,,,Overdue
B2298,,6,7,6,738,17:58,744,18:04,90,14,76,2,142477,,,,,,Overdue
B2299,,9,1,8,742,18:02,750,18:10,102,18,84,2,145144,,,,,,Overdue
B2300,,10,3,9,741,18:01,750,18:10,101,17,84,2,145255,,,,,,Overdue
B2301,R2301,1,2,5,734,17:54,739,17:59,57,9,48,1,290718,18.0,725.0,17:45,738.0,17:58,Complete
B2302,,1,3,5,733,17:53,738,17:58,62,8,54,1,144624,,,,,,Overdue
B2303,,1,10,7,740,18:00,747,18:07,55,15,40,2,151750,,,,,,Overdue
B2304,R2304,2,5,6,736,17:56,742,18:02,69,11,58,1,287615,21.0,729.0,17:49,740.0,18:00,Complete
B2305,,2,6,8,738,17:58,746,18:06,85,13,72,2,144938,,,,,,Overdue
B2306,R2306,3,1,6,733,17:53,739,17:59,53,8,45,1,292000,34.0,728.0,17:48,737.0,17:57,Complete
B2307,R2307,4,2,5,733,17:53,738,17:58,78,8,70,1,142910,1.0,726.0,17:46,738.0,17:58,Complete
B2308,R2308,4,7,5,734,17:54,739,17:59,58,9,49,1,143010,23.0,725.0,17:45,738.0,17:58,Complete
B2309,R2309,7,1,5,734,17:54,739,17:59,68,9,59,1,142461,8.0,725.0,17:45,738.0,17:58,Complete
B2310,R2310,7,4,5,734,17:54,739,17:59,76,9,67,1,141677,28.0,725.0,17:45,739.0,17:59,Complete
B2311,R2311,2,4,6,734,17:54,740,18:00,55,8,47,1,145400,15.0,726.0,17:46,739.0,17:59,Complete
B2312,,3,1,6,734,17:54,740,18:00,53,8,45,2,153600,,,,,,Overdue
B2313,R2313,3,4,6,735,17:55,741,18:01,44,9,35,1,592000,6.0,726.0,17:46,736.0,17:56,Complete
B2314,R2314,3,10,10,743,18:03,753,18:13,93,17,76,1,140608,3.0,726.0,17:46,750.0,18:10,Complete
B2315,,4,2,5,734,17:54,739,17:59,78,8,70,1,142910,,,,,,Overdue
B2316,,4,7,5,735,17:55,740,18:00,58,9,49,2,149770,,,,,,Overdue
B2317,R2317,1,2,5,736,17:56,741,18:01,57,9,48,1,145359,48.0,727.0,17:47,741.0,18:01,Complete
B2318,,1,5,6,736,17:56,742,18:02,38,9,29,2,161784,,,,,,Overdue
B2319,R2319,2,4,6,735,17:55,741,18:01,55,8,47,1,290800,14.0,732.0,17:52,741.0,18:01,Complete
B2320,,3,1,6,735,17:55,741,18:01,53,8,45,2,153600,,,,,,Overdue
B2321,R2321,3,4,6,736,17:56,742,18:02,44,9,35,1,148000,29.0,727.0,17:47,740.0,18:00,Complete
B2322,R2322,4,3,5,736,17:56,741,18:01,56,9,47,1,291021,12.0,727.0,17:47,740.0,18:00,Complete
B2323,R2323,4,7,5,736,17:56,741,18:01,58,9,49,1,286020,17.0,729.0,17:49,739.0,17:59,Complete
B2324,,6,7,6,742,18:02,748,18:08,90,15,75,2,142590,,,,,,Overdue
B2325,,9,10,7,748,18:08,755,18:15,107,21,86,2,384976,,,,,,Overdue
B2326,,1,7,5,737,17:57,742,18:02,67,9,58,2,148317,,,,,,Overdue
B2327,,2,5,6,738,17:58,744,18:04,69,10,59,2,149466,,,,,,Overdue
B2328,,3,5,7,738,17:58,745,18:05,58,10,48,2,152227,,,,,,Overdue
B2329,,4,3,5,737,17:57,742,18:02,56,9,47,2,152771,,,,,,Overdue
B2330,R2330,4,7,5,737,17:57,742,18:02,58,9,49,1,286020,42.0,728.0,17:48,741.0,18:01,Complete
B2331,,4,9,6,746,18:06,752,18:12,102,18,84,2,145367,,,,,,Overdue
B2332,R2332,7,1,5,737,17:57,742,18:02,68,9,59,1,142461,8.0,728.0,17:48,741.0,18:01,Complete
B2333,,9,4,7,746,18:06,753,18:13,99,18,81,2,145552,,,,,,Overdue
B2334,,1,9,7,747,18:07,754,18:14,104,18,86,2,145069,,,,,,Overdue
B2335,R2335,2,1,6,738,17:58,744,18:04,53,9,44,1,292011,16.0,729.0,17:49,742.0,18:02,Complete
B2336,,2,4,6,737,17:57,743,18:03,55,8,47,2,152650,,,,,,Overdue
B2337,,3,1,6,737,17:57,743,18:03,53,8,45,2,153600,,,,,,Overdue
B2338,R2338,3,4,6,738,17:58,744,18:04,44,9,35,1,296000,35.0,734.0,17:54,744.0,18:04,Complete
B2339,,6,7,6,744,18:04,750,18:10,90,15,75,2,142590,,,,,,Overdue
B2340,R2340,7,4,5,738,17:58,743,18:03,76,9,67,1,141677,28.0,729.0,17:49,742.0,18:02,Complete
B2341,R2341,2,1,6,739,17:59,745,18:05,53,9,44,1,146005,16.0,732.0,17:52,745.0,18:05,Complete
B2342,R2342,2,4,6,738,17:58,744,18:04,55,8,47,1,290800,15.0,730.0,17:50,742.0,18:02,Complete
B2343,,2,5,6,740,18:00,746,18:06,69,10,59,2,149466,,,,,,Overdue
B2344,R2344,3,4,6,739,17:59,745,18:05,44,9,35,1,444000,29.0,730.0,17:50,743.0,18:03,Complete
B2345,R2345,3,5,7,740,18:00,747,18:07,58,10,48,1,290277,30.0,736.0,17:56,747.0,18:07,Complete
B2346,,3,10,10,747,18:07,757,18:17,93,17,76,2,144967,,,,,,Overdue
B2347,R2347,4,2,5,738,17:58,743,18:03,78,8,70,1,142910,20.0,732.0,17:52,741.0,18:01,Complete
B2348,R2348,4,3,5,739,17:59,744,18:04,56,9,47,1,291021,12.0,730.0,17:50,743.0,18:03,Complete
B2349,,9,1,8,748,18:08,756,18:16,102,18,84,2,145144,,,,,,Overdue
B2350,,9,4,7,748,18:08,755,18:15,99,18,81,2,145552,,,,,,Overdue
B2351,R2351,1,2,5,740,18:00,745,18:05,57,9,48,0,276500,48.0,731.0,17:51,744.0,18:04,Complete
B2352,R2352,1,3,5,739,17:59,744,18:04,62,8,54,0,276600,19.0,731.0,17:51,744.0,18:04,Complete
B2353,,1,5,6,740,18:00,746,18:06,38,9,29,1,150017,,,,,,Overdue
B2354,R2354,1,7,5,740,18:00,745,18:05,67,9,58,0,273600,49.0,731.0,17:51,744.0,18:04,Complete
B2355,,1,10,7,746,18:06,753,18:13,55,15,40,1,143575,,,,,,Overdue
B2356,R2356,3,1,6,739,17:59,745,18:05,53,8,45,0,138400,10.0,732.0,17:52,744.0,18:04,Complete
B2357,,3,4,6,740,18:00,746,18:06,44,9,35,1,148000,,,,,,Overdue
B2358,,4,2,5,739,17:59,744,18:04,78,8,70,1,142910,,,,,,Overdue
B2359,,4,3,5,740,18:00,745,18:05,56,9,47,1,145510,,,,,,Overdue
B2360,R2360,4,7,5,740,18:00,745,18:05,58,9,49,0,272500,42.0,731.0,17:51,744.0,18:04,Complete
B2361,,7,4,5,740,18:00,745,18:05,76,9,67,1,141677,,,,,,Overdue
B2362,,8,1,6,745,18:05,751,18:11,73,14,59,1,142027,,,,,,Overdue
B2363,,8,6,6,750,18:10,756,18:16,101,19,82,1,137531,,,,,,Overdue
B2364,,9,4,7,748,18:08,755,18:15,99,17,82,1,141350,,,,,,Overdue
B2365,,1,5,6,742,18:02,748,18:08,38,10,28,1,150437,,,,,,Overdue
B2366,R2366,2,4,6,740,18:00,746,18:06,55,8,47,0,138150,9.0,736.0,17:56,745.0,18:05,Complete
B2367,R2367,3,4,6,741,18:01,747,18:07,44,9,35,0,138250,25.0,734.0,17:54,747.0,18:07,Complete
B2368,,3,5,7,742,18:02,749,18:09,58,10,48,1,145138,,,,,,Overdue
B2369,R2369,4,2,5,740,18:00,745,18:05,78,8,70,0,276100,13.0,732.0,17:52,745.0,18:05,Complete
B2370,,10,3,9,749,18:09,758,18:18,101,17,84,1,141252,,,,,,Overdue
B2371,,1,2,5,742,18:02,747,18:07,57,9,48,1,145359,,,,,,Overdue
B2372,R2372,1,7,5,742,18:02,747,18:07,67,9,58,0,136800,49.0,734.0,17:54,747.0,18:07,Complete
B2373,,2,1,6,742,18:02,748,18:08,53,9,44,1,146005,,,,,,Overdue
B2374,,2,4,6,741,18:01,747,18:07,55,8,47,1,145400,,,,,,Overdue
B2375,,3,4,6,742,18:02,748,18:08,44,9,35,1,148000,,,,,,Overdue
B2376,R2376,3,5,7,743,18:03,750,18:10,58,10,48,0,276100,36.0,739.0,17:59,750.0,18:10,Complete
B2377,,3,10,10,750,18:10,760,18:20,93,17,76,2,144967,,,,,,Overdue
B2378,R2378,4,2,5,741,18:01,746,18:06,78,8,70,0,138050,37.0,737.0,17:57,746.0,18:06,Complete
B2379,R2379,4,3,5,742,18:02,747,18:07,56,9,47,0,276500,26.0,735.0,17:55,745.0,18:05,Complete
B2380,R2380,5,10,4,745,18:05,749,18:09,45,12,33,0,135800,4.0,733.0,17:53,746.0,18:06,Complete
B2381,R2381,1,7,5,743,18:03,748,18:08,67,9,58,0,136800,47.0,735.0,17:55,745.0,18:05,Complete
B2382,,2,4,6,742,18:02,748,18:08,55,8,47,1,145400,,,,,,Overdue
B2383,,2,6,8,747,18:07,755,18:15,85,13,72,1,140369,,,,,,Overdue
B2384,,3,5,7,744,18:04,751,18:11,58,10,48,1,145138,,,,,,Overdue
B2385,,4,2,5,742,18:02,747,18:07,78,8,70,1,142910,,,,,,Overdue
B2386,,4,3,5,743,18:03,748,18:08,56,9,47,1,145510,,,,,,Overdue
B2387,R2387,7,1,5,743,18:03,748,18:08,68,9,59,0,136800,33.0,734.0,17:54,747.0,18:07,Complete
B2388,,7,10,8,752,18:12,760,18:20,81,18,63,2,138365,,,,,,Overdue
B2389,R2389,1,3,5,743,18:03,748,18:08,62,8,54,0,138300,19.0,735.0,17:55,747.0,18:07,Complete
B2390,,2,5,6,746,18:06,752,18:12,69,11,58,1,143807,,,,,,Overdue
B2391,R2391,3,1,6,743,18:03,749,18:09,53,8,45,0,138400,5.0,739.0,17:59,748.0,18:08,Complete
B2392,,3,4,6,744,18:04,750,18:10,44,9,35,1,148000,,,,,,Overdue
B2393,,3,5,7,745,18:05,752,18:12,58,10,48,1,145138,,,,,,Overdue
B2394,R2394,4,2,5,743,18:03,748,18:08,78,8,70,0,138050,6.0,739.0,17:59,748.0,18:08,Complete
B2395,,6,2,6,748,18:08,754,18:14,80,13,67,1,140280,,,,,,Overdue
B2396,,7,4,5,744,18:04,749,18:09,76,9,67,1,141677,,,,,,Overdue
B2397,,7,5,6,747,18:07,753,18:13,56,12,44,1,143945,,,,,,Overdue
B2398,,8,3,6,747,18:07,753,18:13,54,12,42,1,143241,,,,,,Overdue
B2399,,10,3,9,752,18:12,761,18:21,101,17,84,2,145255,,,,,,Overdue
B2400,R2400,1,6,5,745,18:05,750,18:10,26,9,17,1,155152,46.0,740.0,18:00,750.0,18:10,Complete
B2401,,1,7,5,745,18:05,750,18:10,67,9,58,1,142558,,,,,,Overdue
B2402,R2402,2,1,6,745,18:05,751,18:11,53,9,44,0,276500,24.0,736.0,17:56,749.0,18:09,Complete
B2403,,3,4,6,745,18:05,751,18:11,44,9,35,1,148000,,,,,,Overdue
B2404,R2404,3,5,7,746,18:06,753,18:13,58,10,48,0,276100,36.0,736.0,17:56,753.0,18:13,Complete
B2405,R2405,4,2,5,744,18:04,749,18:09,78,8,70,0,276100,13.0,736.0,17:56,748.0,18:08,Complete
B2406,R2406,4,7,5,745,18:05,750,18:10,58,9,49,0,136250,40.0,739.0,17:59,749.0,18:09,Complete
B2407,,6,7,6,750,18:10,756,18:16,90,14,76,1,138263,,,,,,Overdue
B2408,R2408,7,1,5,745,18:05,750,18:10,68,9,59,0,136800,33.0,737.0,17:57,750.0,18:10,Complete
B2409,,10,3,9,753,18:13,762,18:22,101,17,84,2,145255,,,,,,Overdue
B2410,,1,7,5,746,18:06,751,18:11,67,9,58,1,142558,,,,,,Overdue
B2411,,3,5,7,747,18:07,754,18:14,58,10,48,1,290277,,,,,,Overdue
B2412,,7,6,6,752,18:12,758,18:18,86,15,71,1,138078,,,,,,Overdue
B2413,,1,2,5,747,18:07,752,18:12,57,9,48,1,145359,,,,,,Overdue
B2414,,1,5,6,748,18:08,754,18:14,38,10,28,1,150437,,,,,,Overdue
B2415,R2415,2,4,6,746,18:06,752,18:12,55,8,47,1,145400,18.0,741.0,18:01,750.0,18:10,Complete
B2416,,2,5,6,748,18:08,754,18:14,69,10,59,1,143708,,,,,,Overdue
B2417,,3,5,7,748,18:08,755,18:15,58,10,48,1,145138,,,,,,Overdue
B2418,R2418,3,10,10,755,18:15,765,18:25,93,17,76,0,272500,41.0,738.0,17:58,765.0,18:25,Complete
B2419,R2419,4,3,5,747,18:07,752,18:12,56,9,47,0,138250,27.0,739.0,17:59,752.0,18:12,Complete
B2420,,6,3,5,750,18:10,755,18:15,85,12,73,1,139986,,,,,,Overdue
B2421,,6,7,6,752,18:12,758,18:18,90,14,76,1,276527,,,,,,Overdue
B2422,,6,8,5,757,18:17,762,18:22,97,19,78,2,138820,,,,,,Overdue
B2423,,9,5,6,757,18:17,763,18:23,98,19,79,2,142608,,,,,,Overdue
B2424,,9,10,7,759,18:19,766,18:26,107,21,86,2,128325,,,,,,Overdue
B2425,R2425,1,3,5,747,18:07,752,18:12,62,8,54,0,138300,45.0,739.0,17:59,751.0,18:11,Complete
B2426,R2426,2,1,6,748,18:08,754,18:14,53,9,44,0,276500,24.0,739.0,17:59,752.0,18:12,Complete
B2427,,3,4,6,748,18:08,754,18:14,44,9,35,1,148000,,,,,,Overdue
B2428,,3,10,10,756,18:16,766,18:26,93,17,76,2,144967,,,,,,Overdue
B2429,R2429,4,2,5,747,18:07,752,18:12,78,8,70,1,285821,11.0,743.0,18:03,752.0,18:12,Complete
B2430,R2430,4,3,5,748,18:08,753,18:13,56,9,47,0,414750,7.0,739.0,17:59,752.0,18:12,Complete
B2431,,8,6,6,758,18:18,764,18:24,101,19,82,2,141412,,,,,,Overdue
B2432,,9,1,8,757,18:17,765,18:25,102,18,84,2,145144,,,,,,Overdue
B2433,,1,6,5,749,18:09,754,18:14,26,9,17,1,155152,,,,,,Overdue
B2434,R2434,1,7,6,749,18:09,755,18:15,67,9,58,1,142558,34.0,740.0,18:00,753.0,18:13,Complete
B2435,,2,5,7,750,18:10,757,18:17,69,10,59,1,143708,,,,,,Overdue
B2436,R2436,7,1,5,749,18:09,754,18:14,68,9,59,1,142461,38.0,740.0,18:00,750.0,18:10,Complete
B2437,R2437,7,3,5,749,18:09,754,18:14,51,9,42,1,144752,23.0,741.0,18:01,751.0,18:11,Complete
B2438,,9,4,7,758,18:18,765,18:25,99,18,81,2,145552,,,,,,Overdue
B2439,,2,5,7,752,18:12,759,18:19,69,11,58,1,143807,,,,,,Overdue
B2440,,2,6,9,754,18:14,763,18:23,85,13,72,2,144938,,,,,,Overdue
B2441,R2441,3,1,6,749,18:09,755,18:15,53,8,45,1,146000,12.0,746.0,18:06,755.0,18:15,Complete
B2442,,3,5,7,751,18:11,758,18:18,58,10,48,1,145138,,,,,,Overdue
B2443,R2443,4,3,5,750,18:10,755,18:15,56,9,47,1,145510,28.0,745.0,18:05,755.0,18:15,Complete
B2444,,9,4,7,758,18:18,765,18:25,99,17,82,2,145451,,,,,,Overdue
B2445,,1,3,6,750,18:10,756,18:16,62,8,54,1,144624,,,,,,Overdue
B2446,,1,5,5,752,18:12,757,18:17,38,10,28,1,150437,,,,,,Overdue
B2447,R2447,1,7,6,751,18:11,757,18:17,67,9,58,1,285117,34.0,743.0,18:03,756.0,18:16,Complete
B2448,,2,1,6,751,18:11,757,18:17,53,9,44,1,146005,,,,,,Overdue
B2449,,2,5,7,752,18:12,759,18:19,69,10,59,1,143708,,,,,,Overdue
B2450,,4,3,5,751,18:11,756,18:16,56,9,47,1,145510,,,,,,Overdue
B2451,,1,7,6,752,18:12,758,18:18,67,9,58,1,142558,,,,,,Overdue
B2452,R2452,4,2,6,751,18:11,757,18:17,78,8,70,1,142910,44.0,743.0,18:03,752.0,18:12,Complete
B2453,R2453,3,1,6,752,18:12,758,18:18,53,8,45,1,146000,26.0,748.0,18:08,757.0,18:17,Complete
B2454,,4,7,5,753,18:13,758,18:18,58,9,49,1,143010,,,,,,Overdue
B2455,,8,1,7,758,18:18,765,18:25,73,14,59,2,147654,,,,,,Overdue
B2456,,1,7,6,754,18:14,760,18:20,67,9,58,2,148317,,,,,,Overdue
B2457,,2,5,7,756,18:16,763,18:23,69,11,58,2,149665,,,,,,Overdue
B2458,,7,6,6,760,18:20,766,18:26,86,15,71,2,142557,,,,,,Overdue
B2459,,8,1,7,759,18:19,766,18:26,73,14,59,2,147654,,,,,,Overdue
B2460,,8,6,5,764,18:24,769,18:29,101,19,82,2,141412,,,,,,Overdue
B2461,,1,8,5,760,18:20,765,18:25,93,14,79,2,144805,,,,,,Overdue
B2462,R2462,4,3,5,755,18:15,760,18:20,56,9,47,1,145510,14.0,746.0,18:06,759.0,18:19,Complete
B2463,,6,9,7,768,18:28,775,18:35,128,22,106,2,140584,,,,,,Overdue
B2464,R2464,1,3,6,755,18:15,761,18:21,62,8,54,1,289248,10.0,747.0,18:07,761.0,18:21,Complete
B2465,R2465,3,4,6,756,18:16,762,18:22,44,9,35,1,148000,19.0,750.0,18:10,760.0,18:20,Complete
B2466,,3,5,7,757,18:17,764,18:24,58,10,48,2,152227,,,,,,Overdue
B2467,,1,2,6,757,18:17,763,18:23,57,9,48,2,152468,,,,,,Overdue
B2468,R2468,2,4,6,756,18:16,762,18:22,55,8,47,1,145400,1.0,748.0,18:08,760.0,18:20,Complete
B2469,,2,6,9,761,18:21,770,18:30,85,13,72,2,144938,,,,,,Overdue
B2470,,3,10,9,765,18:25,774,18:34,93,17,76,2,144967,,,,,,Overdue
B2471,R2471,4,3,5,757,18:17,762,18:22,56,9,47,1,145510,9.0,748.0,18:08,761.0,18:21,Complete
B2472,,4,6,5,757,18:17,762,18:22,47,9,38,2,152989,,,,,,Overdue
B2473,,8,3,6,760,18:20,766,18:26,54,12,42,2,151033,,,,,,Overdue
B2474,R2474,1,3,6,757,18:17,763,18:23,62,8,54,1,144624,5.0,751.0,18:11,763.0,18:23,Complete
B2475,R2475,2,4,6,757,18:17,763,18:23,55,8,47,1,290800,1.0,751.0,18:11,763.0,18:23,Complete
B2476,R2476,4,2,6,757,18:17,763,18:23,78,8,70,1,142910,18.0,753.0,18:13,762.0,18:22,Complete
B2477,R2477,4,3,5,758,18:18,763,18:23,56,9,47,1,291021,14.0,749.0,18:09,762.0,18:22,Complete
B2478,R2478,7,3,5,758,18:18,763,18:23,51,9,42,1,144752,40.0,752.0,18:12,762.0,18:22,Complete
B2479,R2479,7,4,5,758,18:18,763,18:23,76,9,67,1,141677,43.0,749.0,18:09,762.0,18:22,Complete
B2480,,7,6,6,764,18:24,770,18:30,86,15,71,2,142557,,,,,,Overdue
B2481,,1,8,5,764,18:24,769,18:29,93,14,79,2,144805,,,,,,Overdue
B2482,R2482,2,4,6,758,18:18,764,18:24,55,8,47,1,145400,20.0,750.0,18:10,762.0,18:22,Complete
B2483,,4,7,5,759,18:19,764,18:24,58,9,49,2,149770,,,,,,Overdue
B2484,R2484,7,3,5,759,18:19,764,18:24,51,9,42,1,144752,42.0,750.0,18:10,760.0,18:20,Complete
B2485,R2485,7,4,5,759,18:19,764,18:24,76,9,67,1,141677,47.0,750.0,18:10,760.0,18:20,Complete
B2486,,9,1,6,768,18:28,774,18:34,102,18,84,2,145144,,,,,,Overdue
B2487,R2487,2,4,6,759,18:19,765,18:25,55,8,47,0,138150,20.0,753.0,18:13,765.0,18:25,Complete
B2488,R2488,4,3,5,760,18:20,765,18:25,56,9,47,0,414750,9.0,751.0,18:11,764.0,18:24,Complete
B2489,R2489,5,2,7,762,18:22,769,18:29,66,11,55,0,137950,21.0,751.0,18:11,762.0,18:22,Complete
B2490,,8,1,7,765,18:25,772,18:32,73,14,59,1,142027,,,,,,Overdue
B2491,R2491,1,2,6,761,18:21,767,18:27,57,9,48,0,138250,10.0,752.0,18:12,767.0,18:27,Complete
B2492,R2492,1,3,6,760,18:20,766,18:26,62,8,54,0,414900,5.0,754.0,18:14,766.0,18:26,Complete
B2493,R2493,2,4,6,760,18:20,766,18:26,55,8,47,0,138150,37.0,752.0,18:12,764.0,18:24,Complete
B2494,R2494,4,2,6,760,18:20,766,18:26,78,8,70,0,138050,22.0,752.0,18:12,764.0,18:24,Complete
B2495,R2495,4,3,5,761,18:21,766,18:26,56,9,47,0,553000,2.0,752.0,18:12,762.0,18:22,Complete
B2496,R2496,1,7,6,762,18:22,768,18:28,67,9,58,0,273600,33.0,753.0,18:13,763.0,18:23,Complete
B2497,R2497,7,1,5,762,18:22,767,18:27,68,9,59,0,136800,49.0,753.0,18:13,766.0,18:26,Complete
B2498,,8,3,6,765,18:25,771,18:31,54,12,42,1,143241,,,,,,Overdue
B2499,,1,2,6,763,18:23,769,18:29,57,9,48,1,145359,,,,,,Overdue
B2500,R2500,1,3,6,762,18:22,768,18:28,62,8,54,0,276600,16.0,754.0,18:14,766.0,18:26,Complete
B2501,,1,8,5,768,18:28,773,18:33,93,14,79,1,140602,,,,,,Overdue
B2502,R2502,2,4,6,762,18:22,768,18:28,55,8,47,0,138150,37.0,755.0,18:15,767.0,18:27,Complete
B2503,,3,6,5,766,18:26,771,18:31,72,12,60,1,140958,,,,,,Overdue
B2504,R2504,4,2,6,762,18:22,768,18:28,78,8,70,0,138050,22.0,755.0,18:15,767.0,18:27,Complete
B2505,R2505,4,3,5,763,18:23,768,18:28,56,9,47,0,138250,15.0,754.0,18:14,767.0,18:27,Complete
B2506,,1,2,6,764,18:24,770,18:30,57,9,48,1,145359,,,,,,Overdue
B2507,R2507,1,3,6,763,18:23,769,18:29,62,8,54,0,138300,16.0,757.0,18:17,769.0,18:29,Complete
B2508,R2508,2,5,7,766,18:26,773,18:33,69,11,58,1,287615,11.0,760.0,18:20,771.0,18:31,Complete
B2509,,8,1,7,769,18:29,776,18:36,73,14,59,1,142027,,,,,,Overdue
B2510,,1,6,5,765,18:25,770,18:30,26,9,17,1,155152,,,,,,Overdue
B2511,,4,8,6,770,18:30,776,18:36,76,14,62,1,138458,,,,,,Overdue
B2512,R2512,3,8,5,769,18:29,774,18:34,52,12,40,1,142225,23.0,760.0,18:20,773.0,18:33,Complete
B2513,R2513,4,2,6,765,18:25,771,18:31,78,8,70,0,138050,43.0,759.0,18:19,771.0,18:31,Complete
B2514,R2514,4,3,5,766,18:26,771,18:31,56,9,47,0,276500,15.0,757.0,18:17,770.0,18:30,Complete
B2515,,8,1,7,771,18:31,778,18:38,73,14,59,1,142027,,,,,,Overdue
B2516,R2516,1,7,6,767,18:27,773,18:33,67,9,58,0,136800,8.0,758.0,18:18,771.0,18:31,Complete
B2517,R2517,2,1,6,767,18:27,773,18:33,53,9,44,0,138250,27.0,758.0,18:18,773.0,18:33,Complete
B2518,R2518,2,5,7,768,18:28,775,18:35,69,10,59,0,275900,6.0,758.0,18:18,775.0,18:35,Complete
B2519,,4,2,6,766,18:26,772,18:32,78,8,70,1,142910,,,,,,Overdue
B2520,,4,3,5,767,18:27,772,18:32,56,9,47,1,145510,,,,,,Overdue
B2521,,6,9,7,780,18:40,787,18:47,128,22,106,2,140584,,,,,,Overdue
B2522,,9,4,7,776,18:36,783,18:43,99,18,81,2,145552,,,,,,Overdue
B2523,R2523,1,2,6,768,18:28,774,18:34,57,9,48,0,276500,12.0,759.0,18:19,772.0,18:32,Complete
B2524,R2524,4,3,5,768,18:28,773,18:33,56,9,47,0,138250,25.0,759.0,18:19,773.0,18:33,Complete
B2525,,8,3,6,771,18:31,777,18:37,54,12,42,1,143241,,,,,,Overdue
B2526,,9,4,7,776,18:36,783,18:43,99,17,82,2,145451,,,,,,Overdue
B2527,,1,2,6,769,18:29,775,18:35,57,9,48,1,145359,,,,,,Overdue
B2528,R2528,1,7,6,769,18:29,775,18:35,67,9,58,1,427675,24.0,760.0,18:20,770.0,18:30,Complete
B2529,R2529,2,4,6,768,18:28,774,18:34,55,8,47,1,145400,18.0,765.0,18:25,774.0,18:34,Complete
B2530,,2,5,7,770,18:30,777,18:37,69,10,59,1,143708,,,,,,Overdue
B2531,,1,2,6,770,18:30,776,18:36,57,9,48,1,145359,,,,,,Overdue
B2532,,1,3,6,769,18:29,775,18:35,62,8,54,1,144624,,,,,,Overdue
B2533,R2533,1,7,6,770,18:30,776,18:36,67,9,58,1,142558,38.0,761.0,18:21,774.0,18:34,Complete
B2534,R2534,2,4,6,769,18:29,775,18:35,55,8,47,1,145400,21.0,765.0,18:25,774.0,18:34,Complete
B2535,R2535,2,5,7,772,18:32,779,18:39,69,11,58,1,143807,48.0,767.0,18:27,778.0,18:38,Complete
B2536,R2536,3,1,6,769,18:29,775,18:35,53,8,45,1,146000,2.0,765.0,18:25,774.0,18:34,Complete
B2537,,4,2,6,769,18:29,775,18:35,78,8,70,1,142910,,,,,,Overdue
B2538,,1,3,6,770,18:30,776,18:36,62,8,54,1,144624,,,,,,Overdue
B2539,R2539,2,4,6,770,18:30,776,18:36,55,8,47,1,145400,44.0,762.0,18:22,774.0,18:34,Complete
B2540,R2540,6,1,4,771,18:31,775,18:35,27,9,18,1,154077,46.0,762.0,18:22,772.0,18:32,Complete
B2541,,1,3,6,771,18:31,777,18:37,62,8,54,1,144624,,,,,,Overdue
B2542,R2542,1,7,6,772,18:32,778,18:38,67,9,58,1,285117,38.0,764.0,18:24,777.0,18:37,Complete
B2543,,1,8,5,777,18:37,782,18:42,93,14,79,2,144805,,,,,,Overdue
B2544,R2544,3,4,6,772,18:32,778,18:38,44,9,35,1,148000,28.0,763.0,18:23,778.0,18:38,Complete
B2545,R2545,4,3,5,772,18:32,777,18:37,56,9,47,1,291021,1.0,766.0,18:26,776.0,18:36,Complete
B2546,R2546,4,7,5,772,18:32,777,18:37,58,9,49,1,143010,29.0,763.0,18:23,776.0,18:36,Complete
B2547,,8,1,7,777,18:37,784,18:44,73,14,59,2,147654,,,,,,Overdue
B2548,,9,4,7,780,18:40,787,18:47,99,17,82,2,290902,,,,,,Overdue
B2549,R2549,2,5,7,774,18:34,781,18:41,69,10,59,1,143708,48.0,764.0,18:24,781.0,18:41,Complete
B2550,,4,3,5,773,18:33,778,18:38,56,9,47,1,145510,,,,,,Overdue
B2551,,1,3,6,773,18:33,779,18:39,62,8,54,1,144624,,,,,,Overdue
B2552,,4,3,5,774,18:34,779,18:39,56,9,47,1,145510,,,,,,Overdue
B2553,R2553,4,7,5,774,18:34,779,18:39,58,9,49,1,286020,20.0,768.0,18:28,778.0,18:38,Complete
B2554,,7,6,6,780,18:40,786,18:46,86,15,71,2,142557,,,,,,Overdue
B2555,,1,5,5,776,18:36,781,18:41,38,10,28,2,162625,,,,,,Overdue
B2556,R2556,2,4,6,774,18:34,780,18:40,55,8,47,1,145400,22.0,770.0,18:30,779.0,18:39,Complete
B2557,R2557,4,7,5,775,18:35,780,18:40,58,9,49,1,286020,29.0,766.0,18:26,779.0,18:39,Complete
B2558,,7,6,6,780,18:40,786,18:46,86,14,72,2,142433,,,,,,Overdue
B2559,R2559,10,4,5,780,18:40,785,18:45,66,14,52,1,143825,3.0,766.0,18:26,784.0,18:44,Complete
B2560,,1,3,6,775,18:35,781,18:41,62,8,54,2,150948,,,,,,Overdue
B2561,R2561,2,5,7,778,18:38,785,18:45,69,11,58,1,287615,10.0,774.0,18:34,785.0,18:45,Complete
B2562,,3,10,9,784,18:44,793,18:53,93,17,76,2,144967,,,,,,Overdue
B2563,,1,5,5,778,18:38,783,18:43,38,10,28,2,162625,,,,,,Overdue
B2564,,1,6,5,777,18:37,782,18:42,26,9,17,2,174505,,,,,,Overdue
B2565,R2565,2,4,6,776,18:36,782,18:42,55,8,47,1,145400,28.0,769.0,18:29,781.0,18:41,Complete
B2566,R2566,2,5,7,778,18:38,785,18:45,69,10,59,1,143708,40.0,768.0,18:28,782.0,18:42,Complete
B2567,R2567,3,8,5,780,18:40,785,18:45,52,12,40,1,142225,16.0,772.0,18:32,785.0,18:45,Complete
B2568,R2568,9,4,7,786,18:46,793,18:53,99,18,81,1,424203,17.0,772.0,18:32,790.0,18:50,Complete
B2569,R2569,10,4,5,782,18:42,787,18:47,66,14,52,1,143825,3.0,769.0,18:29,787.0,18:47,Complete
B2570,,1,2,6,778,18:38,784,18:44,57,9,48,2,152468,,,,,,Overdue
B2571,R2571,1,3,6,777,18:37,783,18:43,62,8,54,1,289248,26.0,769.0,18:29,783.0,18:43,Complete
B2572,R2572,2,5,7,780,18:40,787,18:47,69,11,58,1,143807,40.0,771.0,18:31,785.0,18:45,Complete
B2573,R2573,1,7,6,779,18:39,785,18:45,67,9,58,1,142558,42.0,770.0,18:30,783.0,18:43,Complete
B2574,R2574,4,2,6,778,18:38,784,18:44,78,8,70,1,142910,44.0,771.0,18:31,783.0,18:43,Complete
B2575,R2575,4,3,5,779,18:39,784,18:44,56,9,47,1,291021,19.0,770.0,18:30,780.0,18:40,Complete
B2576,R2576,5,3,7,780,18:40,787,18:47,62,10,52,1,144593,0.0,770.0,18:30,781.0,18:41,Complete
B2577,,8,6,5,789,18:49,794,18:54,101,19,82,2,141412,,,,,,Overdue
B2578,,9,4,7,788,18:48,795,18:55,99,18,81,2,145552,,,,,,Overdue
B2579,R2579,2,1,6,780,18:40,786,18:46,53,9,44,0,276500,12.0,775.0,18:35,785.0,18:45,Complete
B2580,R2580,2,5,7,782,18:42,789,18:49,69,11,58,0,275900,10.0,771.0,18:31,788.0,18:48,Complete
B2581,,3,9,6,788,18:48,794,18:54,108,17,91,1,139520,,,,,,Overdue
B2582,R2582,4,2,6,779,18:39,785,18:45,78,8,70,0,138050,30.0,771.0,18:31,783.0,18:43,Complete
B2583,,6,3,5,783,18:43,788,18:48,85,12,73,1,139986,,,,,,Overdue
B2584,,9,4,7,788,18:48,795,18:55,99,17,82,1,141350,,,,,,Overdue
B2585,,1,6,5,781,18:41,786,18:46,26,9,17,1,155152,,,,,,Overdue
B2586,,1,8,5,786,18:46,791,18:51,93,14,79,1,140602,,,,,,Overdue
B2587,R2587,3,4,6,781,18:41,787,18:47,44,9,35,0,138250,5.0,772.0,18:32,787.0,18:47,Complete
B2588,R2588,7,1,5,781,18:41,786,18:46,68,9,59,0,136800,8.0,774.0,18:34,784.0,18:44,Complete
B2589,R2589,7,3,5,781,18:41,786,18:46,51,9,42,0,136800,33.0,772.0,18:32,782.0,18:42,Complete
B2590,,8,6,5,791,18:51,796,18:56,101,19,82,1,137531,,,,,,Overdue
B2591,R2591,1,7,6,782,18:42,788,18:48,67,9,58,0,273600,42.0,773.0,18:33,786.0,18:46,Complete
B2592,,1,8,5,787,18:47,792,18:52,93,14,79,1,140602,,,,,,Overdue
B2593,,2,5,7,784,18:44,791,18:51,69,11,58,1,143807,,,,,,Overdue
B2594,R2594,3,5,7,783,18:43,790,18:50,58,10,48,0,138050,9.0,773.0,18:33,789.0,18:49,Complete
B2595,,4,7,5,782,18:42,787,18:47,58,9,49,1,143010,,,,,,Overdue
B2596,R2596,1,3,6,782,18:42,788,18:48,62,8,54,0,276600,26.0,774.0,18:34,786.0,18:46,Complete
B2597,R2597,2,4,6,782,18:42,788,18:48,55,8,47,0,138150,43.0,774.0,18:34,786.0,18:46,Complete
B2598,,2,5,7,786,18:46,793,18:53,69,11,58,1,143807,,,,,,Overdue
B2599,R2599,4,3,5,784,18:44,789,18:49,56,9,47,0,276500,35.0,775.0,18:35,789.0,18:49,Complete
B2600,,4,6,5,784,18:44,789,18:49,47,9,38,1,144344,,,,,,Overdue
B2601,,4,8,6,788,18:48,794,18:54,76,13,63,1,138377,,,,,,Overdue
B2602,R2602,8,1,7,789,18:49,796,18:56,73,14,59,1,142027,23.0,780.0,18:40,795.0,18:55,Complete
B2603,,8,4,5,788,18:48,793,18:53,95,13,82,1,140342,,,,,,Overdue
B2604,R2604,1,2,6,785,18:45,791,18:51,57,9,48,0,138250,49.0,776.0,18:36,791.0,18:51,Complete
B2605,R2605,2,4,6,784,18:44,790,18:50,55,8,47,0,138150,43.0,777.0,18:37,789.0,18:49,Complete
B2606,R2606,4,2,6,784,18:44,790,18:50,78,8,70,0,138050,18.0,777.0,18:37,786.0,18:46,Complete
B2607,R2607,4,7,5,785,18:45,790,18:50,58,9,49,0,136250,47.0,776.0,18:36,789.0,18:49,Complete
B2608,R2608,7,4,5,785,18:45,790,18:50,76,9,67,1,141677,24.0,780.0,18:40,790.0,18:50,Complete
B2609,,1,7,6,786,18:46,792,18:52,67,9,58,1,142558,,,,,,Overdue
B2610,R2610,2,1,6,786,18:46,792,18:52,53,9,44,0,138250,15.0,777.0,18:37,787.0,18:47,Complete
B2611,R2611,2,5,7,788,18:48,795,18:55,69,11,58,0,137950,45.0,777.0,18:37,794.0,18:54,Complete
B2612,R2612,4,2,6,785,18:45,791,18:51,78,8,70,0,138050,21.0,777.0,18:37,791.0,18:51,Complete
B2613,R2613,4,3,5,786,18:46,791,18:51,56,9,47,1,145510,37.0,780.0,18:40,790.0,18:50,Complete
B2614,,7,6,6,792,18:52,798,18:58,86,15,71,1,138078,,,,,,Overdue
B2615,R2615,1,2,6,787,18:47,793,18:53,57,9,48,0,138250,2.0,778.0,18:38,788.0,18:48,Complete
B2616,R2616,1,3,6,786,18:46,792,18:52,62,8,54,0,138300,46.0,778.0,18:38,792.0,18:52,Complete
B2617,,1,6,5,787,18:47,792,18:52,26,9,17,1,155152,,,,,,Overdue
B2618,R2618,2,4,6,786,18:46,792,18:52,55,8,47,0,138150,5.0,778.0,18:38,790.0,18:50,Complete
B2619,,2,5,7,788,18:48,795,18:55,69,10,59,1,143708,,,,,,Overdue
B2620,R2620,3,5,7,788,18:48,795,18:55,58,10,48,0,138050,9.0,778.0,18:38,792.0,18:52,Complete
B2621,,9,4,7,796,18:56,803,19:03,99,18,81,2,291104,,,,,,Overdue
B2622,,1,6,5,788,18:48,793,18:53,26,9,17,1,155152,,,,,,Overdue
B2623,,1,8,5,793,18:53,798,18:58,93,14,79,1,140602,,,,,,Overdue
B2624,,2,5,7,790,18:50,797,18:57,69,11,58,1,143807,,,,,,Overdue
B2625,R2625,4,3,5,788,18:48,793,18:53,56,9,47,0,276500,35.0,779.0,18:39,792.0,18:52,Complete
B2626,R2626,4,7,5,788,18:48,793,18:53,58,9,49,0,272500,47.0,779.0,18:39,792.0,18:52,Complete
B2627,,9,4,7,796,18:56,803,19:03,99,17,82,2,145451,,,,,,Overdue
B2628,,1,7,6,789,18:49,795,18:55,67,9,58,1,142558,,,,,,Overdue
B2629,R2629,3,5,7,790,18:50,797,18:57,58,10,48,1,145138,19.0,783.0,18:43,797.0,18:57,Complete
B2630,R2630,5,2,7,790,18:50,797,18:57,66,10,56,1,144016,6.0,780.0,18:40,791.0,18:51,Complete
B2631,R2631,1,2,6,790,18:50,796,18:56,57,9,48,1,290718,27.0,781.0,18:41,795.0,18:55,Complete
B2632,,1,8,5,795,18:55,800,19:00,93,14,79,2,144805,,,,,,Overdue
B2633,,2,5,7,792,18:52,799,18:59,69,11,58,1,143807,,,,,,Overdue
B2634,R2634,4,3,5,790,18:50,795,18:55,56,9,47,1,145510,28.0,784.0,18:44,794.0,18:54,Complete
B2635,,4,8,6,794,18:54,800,19:00,76,13,63,2,143405,,,,,,Overdue
B2636,,1,3,6,790,18:50,796,18:56,62,8,54,1,144624,,,,,,Overdue
B2637,,1,7,6,791,18:51,797,18:57,67,9,58,1,142558,,,,,,Overdue
B2638,,4,7,5,791,18:51,796,18:56,58,9,49,1,143010,,,,,,Overdue
B2639,,4,8,6,796,18:56,802,19:02,76,14,62,2,143567,,,,,,Overdue
B2640,,8,1,7,796,18:56,803,19:03,73,14,59,2,147654,,,,,,Overdue
B2641,,1,3,6,791,18:51,797,18:57,62,8,54,1,144624,,,,,,Overdue
B2642,,1,7,6,792,18:52,798,18:58,67,9,58,1,142558,,,,,,Overdue
B2643,R2643,2,1,6,792,18:52,798,18:58,53,9,44,1,146005,13.0,783.0,18:43,796.0,18:56,Complete
B2644,,4,3,5,792,18:52,797,18:57,56,9,47,1,145510,,,,,,Overdue
B2645,,1,3,6,792,18:52,798,18:58,62,8,54,1,144624,,,,,,Overdue
B2646,R2646,2,4,6,792,18:52,798,18:58,55,8,47,1,145400,44.0,786.0,18:46,798.0,18:58,Complete
B2647,,2,5,7,794,18:54,801,19:01,69,10,59,2,149466,,,,,,Overdue
B2648,,4,8,6,798,18:58,804,19:04,76,14,62,2,143567,,,,,,Overdue
B2649,,6,9,7,806,19:06,813,19:13,128,22,106,2,140584,,,,,,Overdue
B2650,R2650,2,1,6,794,18:54,800,19:00,53,9,44,1,292011,13.0,786.0,18:46,799.0,18:59,Complete
B2651,R2651,3,5,7,795,18:55,802,19:02,58,10,48,1,145138,19.0,786.0,18:46,800.0,19:00,Complete
B2652,R2652,4,2,6,793,18:53,799,18:59,78,8,70,1,142910,22.0,785.0,18:45,794.0,18:54,Complete
B2653,R2653,4,3,5,794,18:54,799,18:59,56,9,47,1,145510,31.0,786.0,18:46,799.0,18:59,Complete
B2654,R2654,7,3,5,794,18:54,799,18:59,51,9,42,1,144752,20.0,785.0,18:45,795.0,18:55,Complete
B2655,,1,3,6,794,18:54,800,19:00,62,8,54,2,150948,,,,,,Overdue
B2656,R2656,3,4,6,795,18:55,801,19:01,44,9,35,1,148000,1.0,786.0,18:46,800.0,19:00,Complete
B2657,,4,3,5,795,18:55,800,19:00,56,9,47,2,152771,,,,,,Overdue
B2658,R2658,7,1,5,795,18:55,800,19:00,68,9,59,1,142461,29.0,786.0,18:46,799.0,18:59,Complete
B2659,R2659,1,3,6,795,18:55,801,19:01,62,8,54,1,289248,8.0,787.0,18:47,800.0,19:00,Complete
B2660,,1,6,5,796,18:56,801,19:01,26,9,17,2,174505,,,,,,Overdue
B2661,,1,7,6,796,18:56,802,19:02,67,9,58,2,148317,,,,,,Overdue
B2662,,1,8,5,801,19:01,806,19:06,93,14,79,2,144805,,,,,,Overdue
B2663,,7,6,6,802,19:02,808,19:08,86,15,71,2,142557,,,,,,Overdue
B2664,,8,6,5,806,19:06,811,19:11,101,19,82,2,141412,,,,,,Overdue
B2665,R2665,1,3,6,796,18:56,802,19:02,62,8,54,1,144624,12.0,788.0,18:48,802.0,19:02,Complete
B2666,,2,5,7,798,18:58,805,19:05,69,10,59,2,149466,,,,,,Overdue
B2667,R2667,4,3,5,797,18:57,802,19:02,56,9,47,1,145510,31.0,789.0,18:49,802.0,19:02,Complete
B2668,,6,9,7,810,19:10,817,19:17,128,22,106,3,143627,,,,,,Overdue
B2669,,9,4,7,806,19:06,813,19:13,99,18,81,2,145552,,,,,,Overdue
B2670,,1,3,6,797,18:57,803,19:03,62,8,54,2,150948,,,,,,Overdue
B2671,,1,5,5,798,18:58,803,19:03,38,9,29,2,161784,,,,,,Overdue
B2672,R2672,1,7,6,798,18:58,804,19:04,67,9,58,1,285117,15.0,790.0,18:50,803.0,19:03,Complete
B2673,R2673,2,5,7,800,19:00,807,19:07,69,11,58,1,143807,44.0,789.0,18:49,807.0,19:07,Complete
B2674,,6,9,7,811,19:11,818,19:18,128,22,106,3,143627,,,,,,Overdue
B2675,,1,3,6,798,18:58,804,19:04,62,8,54,2,150948,,,,,,Overdue
B2676,R2676,4,2,6,798,18:58,804,19:04,78,8,70,1,142910,17.0,793.0,18:53,802.0,19:02,Complete
B2677,R2677,4,3,5,799,18:59,804,19:04,56,9,47,1,291021,3.0,790.0,18:50,804.0,19:04,Complete
B2678,R2678,1,3,6,799,18:59,805,19:05,62,8,54,0,276600,8.0,791.0,18:51,803.0,19:03,Complete
B2679,R2679,2,1,6,800,19:00,806,19:06,53,9,44,0,276500,18.0,791.0,18:51,804.0,19:04,Complete
B2680,R2680,2,4,6,799,18:59,805,19:05,55,8,47,0,138150,49.0,794.0,18:54,803.0,19:03,Complete
B2681,R2681,7,4,5,800,19:00,805,19:05,76,9,67,0,136700,42.0,791.0,18:51,804.0,19:04,Complete
B2682,,1,6,5,801,19:01,806,19:06,26,9,17,1,155152,,,,,,Overdue
B2683,R2683,1,7,6,801,19:01,807,19:07,67,9,58,0,273600,15.0,793.0,18:53,806.0,19:06,Complete
B2684,R2684,2,4,6,800,19:00,806,19:06,55,8,47,0,138150,27.0,792.0,18:52,804.0,19:04,Complete
B2685,,2,6,9,805,19:05,814,19:14,85,13,72,1,140369,,,,,,Overdue
B2686,R2686,3,4,6,801,19:01,807,19:07,44,9,35,0,138250,7.0,792.0,18:52,802.0,19:02,Complete
B2687,R2687,3,5,7,802,19:02,809,19:09,58,10,48,0,138050,25.0,797.0,18:57,808.0,19:08,Complete
B2688,,4,7,5,801,19:01,806,19:06,58,9,49,1,143010,,,,,,Overdue
B2689,,8,1,7,806,19:06,813,19:13,73,14,59,1,142027,,,,,,Overdue
B2690,,1,2,6,802,19:02,808,19:08,57,9,48,1,145359,,,,,,Overdue
B2691,R2691,1,3,6,801,19:01,807,19:07,62,8,54,0,276600,12.0,793.0,18:53,805.0,19:05,Complete
B2692,,4,3,5,802,19:02,807,19:07,56,9,47,1,145510,,,,,,Overdue
B2693,R2693,8,4,5,806,19:06,811,19:11,95,13,82,0,136300,16.0,793.0,18:53,810.0,19:10,Complete
B2694,,1,2,6,803,19:03,809,19:09,57,9,48,1,145359,,,,,,Overdue
B2695,,1,5,5,804,19:04,809,19:09,38,10,28,1,150437,,,,,,Overdue
B2696,,1,6,5,803,19:03,808,19:08,26,9,17,1,155152,,,,,,Overdue
B2697,,1,7,6,803,19:03,809,19:09,67,9,58,1,142558,,,,,,Overdue
B2698,R2698,3,1,6,802,19:02,808,19:08,53,8,45,0,138400,0.0,794.0,18:54,806.0,19:06,Complete
B2699,R2699,3,5,7,804,19:04,811,19:11,58,10,48,0,138050,25.0,794.0,18:54,811.0,19:11,Complete
B2700,R2700,4,3,5,803,19:03,808,19:08,56,9,47,0,276500,3.0,794.0,18:54,807.0,19:07,Complete
B2701,,1,2,6,804,19:04,810,19:10,57,9,48,1,145359,,,,,,Overdue
B2702,R2702,2,5,7,806,19:06,813,19:13,69,11,58,0,275900,21.0,799.0,18:59,813.0,19:13,Complete
B2703,,5,8,4,810,19:10,814,19:14,82,15,67,1,139689,,,,,,Overdue
B2704,,8,6,5,814,19:14,819,19:19,101,19,82,2,141412,,,,,,Overdue
B2705,R2705,1,3,6,804,19:04,810,19:10,62,8,54,0,138300,29.0,796.0,18:56,808.0,19:08,Complete
B2706,,1,7,6,805,19:05,811,19:11,67,9,58,1,142558,,,,,,Overdue
B2707,R2707,2,5,7,806,19:06,813,19:13,69,10,59,0,137950,21.0,796.0,18:56,810.0,19:10,Complete
B2708,R2708,3,5,7,806,19:06,813,19:13,58,10,48,1,145138,14.0,800.0,19:00,811.0,19:11,Complete
B2709,R2709,8,4,5,810,19:10,815,19:15,95,14,81,0,136300,16.0,796.0,18:56,813.0,19:13,Complete
B2710,,8,6,5,815,19:15,820,19:20,101,19,82,2,141412,,,,,,Overdue
B2712,,1,3,6,805,19:05,811,19:11,62,8,54,1,144624,,,,,,Overdue
B2713,R2713,2,4,6,805,19:05,811,19:11,55,8,47,0,138150,22.0,797.0,18:57,806.0,19:06,Complete
B2714,R2714,2,5,7,808,19:08,815,19:15,69,11,58,0,551800,2.0,797.0,18:57,808.0,19:08,Complete
B2715,R2715,3,5,7,807,19:07,814,19:14,58,10,48,0,138050,26.0,797.0,18:57,814.0,19:14,Complete
B2716,R2716,4,3,5,806,19:06,811,19:11,56,9,47,0,138250,1.0,797.0,18:57,810.0,19:10,Complete
B2717,,4,8,6,810,19:10,816,19:16,76,13,63,2,143405,,,,,,Overdue
B2718,R2718,7,1,5,806,19:06,811,19:11,68,9,59,0,136800,34.0,797.0,18:57,807.0,19:07,Complete
B2719,,7,6,6,812,19:12,818,19:18,86,15,71,2,142557,,,,,,Overdue
B2720,,9,4,7,814,19:14,821,19:21,99,17,82,2,145451,,,,,,Overdue
B2721,R2721,1,3,6,806,19:06,812,19:12,62,8,54,0,138300,23.0,798.0,18:58,810.0,19:10,Complete
B2722,,4,9,9,816,19:16,825,19:25,102,18,84,2,145367,,,,,,Overdue
B2723,,1,3,6,807,19:07,813,19:13,62,8,54,1,144624,,,,,,Overdue
B2724,,3,8,5,811,19:11,816,19:16,52,12,40,2,150250,,,,,,Overdue
B2725,R2725,4,7,5,808,19:08,813,19:13,58,9,49,0,272500,5.0,799.0,18:59,809.0,19:09,Complete
B2726,,1,3,6,808,19:08,814,19:14,62,8,54,1,144624,,,,,,Overdue
B2727,R2727,2,6,8,813,19:13,821,19:21,85,13,72,1,280738,30.0,800.0,19:00,814.0,19:14,Complete
B2728,,3,8,6,812,19:12,818,19:18,52,12,40,2,150250,,,,,,Overdue
B2729,R2729,4,2,5,808,19:08,813,19:13,78,8,70,1,142910,43.0,800.0,19:00,812.0,19:12,Complete
B2730,R2730,4,3,5,809,19:09,814,19:14,56,9,47,1,145510,24.0,800.0,19:00,813.0,19:13,Complete
B2732,,1,3,6,809,19:09,815,19:15,62,8,54,1,144624,,,,,,Overdue
B2733,,2,5,7,812,19:12,819,19:19,69,11,58,2,149665,,,,,,Overdue
B2734,,7,6,6,816,19:16,822,19:22,86,15,71,2,142557,,,,,,Overdue
B2735,,8,1,6,815,19:15,821,19:21,73,14,59,2,147654,,,,,,Overdue
B2736,,1,3,6,810,19:10,816,19:16,62,8,54,2,150948,,,,,,Overdue
B2737,,1,6,5,811,19:11,816,19:16,26,9,17,2,174505,,,,,,Overdue
B2738,,2,1,5,811,19:11,816,19:16,53,9,44,2,153761,,,,,,Overdue
B2739,R2739,4,2,5,810,19:10,815,19:15,78,8,70,1,142910,43.0,803.0,19:03,815.0,19:15,Complete
B2740,,7,1,5,811,19:11,816,19:16,68,9,59,2,148122,,,,,,Overdue
B2742,,1,6,5,812,19:12,817,19:17,26,9,17,2,174505,,,,,,Overdue
B2743,,2,5,7,814,19:14,821,19:21,69,11,58,2,149665,,,,,,Overdue
B2744,,2,6,8,816,19:16,824,19:24,85,13,72,2,144938,,,,,,Overdue
B2745,R2745,3,4,5,812,19:12,817,19:17,44,9,35,1,148000,33.0,803.0,19:03,813.0,19:13,Complete
B2746,R2746,4,3,5,812,19:12,817,19:17,56,9,47,1,145510,24.0,803.0,19:03,816.0,19:16,Complete
B2747,,1,6,5,813,19:13,818,19:18,26,9,17,2,174505,,,,,,Overdue
B2748,R2748,5,2,6,814,19:14,820,19:20,66,10,56,1,144016,11.0,804.0,19:04,815.0,19:15,Complete
B2749,,7,4,5,813,19:13,818,19:18,76,9,67,2,146655,,,,,,Overdue
B2751,,1,3,6,813,19:13,819,19:19,62,8,54,2,150948,,,,,,Overdue
B2752,,1,6,5,814,19:14,819,19:19,26,9,17,2,174505,,,,,,Overdue
B2754,,4,6,5,814,19:14,819,19:19,47,9,38,2,152989,,,,,,Overdue
B2756,,1,6,5,815,19:15,820,19:20,26,9,17,2,174505,,,,,,Overdue
B2757,,2,4,6,814,19:14,820,19:20,55,8,47,2,152650,,,,,,Overdue
B2760,,1,6,5,816,19:16,821,19:21,26,9,17,2,174505,,,,,,Overdue
B2762,,4,2,5,815,19:15,820,19:20,78,8,70,2,147771,,,,,,Overdue
B2763,,1,3,6,816,19:16,822,19:22,62,8,54,2,150948,,,,,,Overdue
