vehicle_id,sequence,event,from_node,to_node,physical_from_node,physical_to_node,start_time,end_time,start_time_hhmm,end_time_hhmm,duration_min,travel_time,travel_distance_km,charging_time,charged_range_km,remaining_range_before,remaining_range_after,onboard_passengers,related_batch_id,movement_type,from_event,to_event
0,0,Stay,1,1,1,1,0,690,05:40,17:10,690,0,0.0,690,0.0,160.0,160.0,0,B2363,parking_charging,Position,Pickup
0,1,Pickup,1,1,1,1,690,693,17:10,17:13,3,0,0.0,2,0.0,160.0,160.0,3,B2363,pickup_service,Pickup,Pickup
0,2,Stay,1,1,1,1,693,696,17:13,17:16,3,0,0.0,3,0.0,160.0,160.0,3,B2363,parking_charging,Position,Movement
0,3,Movement,1,7,1,7,696,703,17:16,17:23,7,7,21.03,0,0.0,160.0,138.97,3,B2363,passenger_flight,Position,Delivery
0,4,Delivery,7,7,7,7,703,706,17:23,17:26,3,0,0.0,2,8.534,138.97,147.504,0,B2363,delivery_service,Delivery,Delivery
0,5,Pickup,7,7,7,7,706,709,17:26,17:29,3,0,0.0,2,8.534,147.504,156.038,3,B2501,pickup_service,Pickup,Pickup
0,6,Movement,7,4,7,4,709,716,17:29,17:36,7,7,21.43,0,0.0,156.038,134.608,3,B2501,passenger_flight,Position,Delivery
0,7,Delivery,4,4,4,4,716,719,17:36,17:39,3,0,0.0,2,8.534,134.608,143.142,0,B2501,delivery_service,Delivery,Delivery
0,8,Stay,4,4,4,4,719,720,17:39,17:40,1,0,0.0,1,4.267,143.142,147.409,0,B2597,parking_charging,Position,Pickup
0,9,Pickup,4,4,4,4,720,723,17:40,17:43,3,0,0.0,2,8.534,147.409,155.943,1,B2597,pickup_service,Pickup,Pickup
0,10,Movement,4,2,4,2,723,729,17:43,17:49,6,6,16.13,0,0.0,155.943,139.813,1,B2597,passenger_flight,Position,Delivery
0,11,Delivery,2,2,2,2,729,732,17:49,17:52,3,0,0.0,2,8.534,139.813,148.347,0,B2597,delivery_service,Delivery,Delivery
0,12,Pickup,2,2,2,2,732,735,17:52,17:55,3,0,0.0,2,8.534,148.347,156.881,1,B2804,pickup_service,Pickup,Pickup
0,13,Pickup,2,2,2,2,735,738,17:55,17:58,3,0,0.0,2,3.119,156.881,160.0,3,B2823,pickup_service,Pickup,Pickup
0,14,Movement,2,4,2,4,738,744,17:58,18:04,6,6,16.13,0,0.0,160.0,143.87,3,B2804,passenger_flight,Position,Delivery
0,15,Delivery,4,4,4,4,744,747,18:04,18:07,3,0,0.0,2,8.534,143.87,152.404,2,B2804,delivery_service,Delivery,Delivery
0,16,Delivery,4,4,4,4,747,750,18:07,18:10,3,0,0.0,2,7.596,152.404,160.0,0,B2823,delivery_service,Delivery,Delivery
0,17,Stay,4,4,4,4,750,800,18:10,19:00,50,0,0.0,50,0.0,160.0,160.0,0,B3246,parking_charging,Position,Pickup
0,18,Pickup,4,4,4,4,800,803,19:00,19:03,3,0,0.0,2,0.0,160.0,160.0,2,B3246,pickup_service,Pickup,Pickup
0,19,Movement,4,3,4,3,803,810,19:03,19:10,7,7,12.6,0,0.0,160.0,147.4,2,B3246,passenger_flight,Position,Delivery
0,20,Delivery,3,3,3,3,810,813,19:10,19:13,3,0,0.0,2,8.534,147.4,155.934,0,B3246,delivery_service,Delivery,Delivery
0,21,Movement,3,1,3,1,813,819,19:13,19:19,6,6,9.61,0,0.0,155.934,146.324,0,,return_to_depot,Position,Depot
1,0,Stay,2,2,2,2,0,80,05:40,07:00,80,0,0.0,80,0.0,160.0,160.0,0,B60,parking_charging,Position,Movement
1,1,Movement,2,8,2,8,80,90,07:00,07:10,10,10,32.38,0,0.0,160.0,127.62,0,B60,empty_repositioning,Position,Pickup
1,2,Pickup,8,8,8,8,90,93,07:10,07:13,3,0,0.0,2,8.534,127.62,136.154,1,B60,pickup_service,Pickup,Pickup
1,3,Stay,8,8,8,8,93,96,07:13,07:16,3,0,0.0,3,12.801,136.154,148.955,1,B60,parking_charging,Position,Movement
1,4,Movement,8,2,8,2,96,106,07:16,07:26,10,10,32.38,0,0.0,148.955,116.575,1,B60,passenger_flight,Position,Delivery
1,5,Delivery,2,2,2,2,106,109,07:26,07:29,3,0,0.0,2,8.534,116.575,125.109,0,B60,delivery_service,Delivery,Delivery
1,6,Stay,2,2,2,2,109,680,07:29,17:00,571,0,0.0,571,34.891,125.109,160.0,0,B2197,parking_charging,Position,Pickup
1,7,Pickup,2,2,2,2,680,683,17:00,17:03,3,0,0.0,2,0.0,160.0,160.0,3,B2197,pickup_service,Pickup,Pickup
1,8,Movement,2,5,2,5,683,691,17:03,17:11,8,8,27.57,0,0.0,160.0,132.43,3,B2197,passenger_flight,Position,Delivery
1,9,Delivery,5,5,5,5,691,694,17:11,17:14,3,0,0.0,2,8.534,132.43,140.964,0,B2197,delivery_service,Delivery,Delivery
1,10,Stay,5,5,5,5,694,700,17:14,17:20,6,0,0.0,6,19.036,140.964,160.0,0,B2446,parking_charging,Position,Movement
1,11,Movement,5,3,5,3,700,708,17:20,17:28,8,8,23.93,0,0.0,160.0,136.07,0,B2446,empty_repositioning,Position,Pickup
1,12,Pickup,3,3,3,3,708,711,17:28,17:31,3,0,0.0,2,8.534,136.07,144.604,2,B2446,pickup_service,Pickup,Pickup
1,13,Movement,3,5,3,5,711,719,17:31,17:39,8,8,23.93,0,0.0,144.604,120.674,2,B2446,passenger_flight,Position,Delivery
1,14,Delivery,5,5,5,5,719,722,17:39,17:42,3,0,0.0,2,8.534,120.674,129.208,0,B2446,delivery_service,Delivery,Delivery
1,15,Stay,5,5,5,5,722,731,17:42,17:51,9,0,0.0,9,30.792,129.208,160.0,0,B2831,parking_charging,Position,Pickup
1,16,Pickup,5,5,5,5,731,734,17:51,17:54,3,0,0.0,2,0.0,160.0,160.0,1,B2831,pickup_service,Pickup,Pickup
1,17,Stay,5,5,5,5,734,743,17:54,18:03,9,0,0.0,9,0.0,160.0,160.0,1,B2831,parking_charging,Position,Movement
1,18,Movement,5,2,5,2,743,751,18:03,18:11,8,8,27.57,0,0.0,160.0,132.43,1,B2831,passenger_flight,Position,Delivery
1,19,Delivery,2,2,2,2,751,754,18:11,18:14,3,0,0.0,2,8.534,132.43,140.964,0,B2831,delivery_service,Delivery,Delivery
2,0,Stay,3,3,3,3,0,681,05:40,17:01,681,0,0.0,681,0.0,160.0,160.0,0,B2274,parking_charging,Position,Pickup
2,1,Pickup,3,3,3,3,681,684,17:01,17:04,3,0,0.0,2,0.0,160.0,160.0,1,B2274,pickup_service,Pickup,Pickup
2,2,Pickup,3,3,3,3,684,687,17:04,17:07,3,0,0.0,2,0.0,160.0,160.0,4,B2284,pickup_service,Pickup,Pickup
2,3,Movement,3,1,3,1,687,693,17:07,17:13,6,6,9.61,0,0.0,160.0,150.39,4,B2274,passenger_flight,Position,Delivery
2,4,Delivery,1,1,1,1,693,696,17:13,17:16,3,0,0.0,2,8.534,150.39,158.924,3,B2274,delivery_service,Delivery,Delivery
2,5,Delivery,1,1,1,1,696,699,17:16,17:19,3,0,0.0,2,1.076,158.924,160.0,0,B2284,delivery_service,Delivery,Delivery
2,6,Pickup,1,1,1,1,699,702,17:19,17:22,3,0,0.0,2,0.0,160.0,160.0,2,B2464,pickup_service,Pickup,Pickup
2,7,Stay,1,1,1,1,702,705,17:22,17:25,3,0,0.0,3,0.0,160.0,160.0,2,B2464,parking_charging,Position,Movement
2,8,Movement,1,10,1,10,705,718,17:25,17:38,13,13,47.44,0,0.0,160.0,112.56,2,B2464,passenger_flight,Position,Delivery
2,9,Delivery,10,10,10,10,718,721,17:38,17:41,3,0,0.0,2,8.534,112.56,121.094,0,B2464,delivery_service,Delivery,Delivery
2,10,Pickup,10,10,10,10,721,724,17:41,17:44,3,0,0.0,2,8.534,121.094,129.628,2,B2677,pickup_service,Pickup,Pickup
2,11,Pickup,10,10,10,10,724,727,17:44,17:47,3,0,0.0,2,8.534,129.628,138.162,4,B2646,pickup_service,Pickup,Pickup
2,12,Movement,10,3,10,3,727,742,17:47,18:02,15,15,54.92,0,0.0,138.162,83.242,4,B2677,passenger_flight,Position,Delivery
2,13,Delivery,3,3,3,3,742,745,18:02,18:05,3,0,0.0,2,8.534,83.242,91.776,2,B2677,delivery_service,Delivery,Delivery
2,14,Delivery,3,3,3,3,745,748,18:05,18:08,3,0,0.0,2,8.534,91.776,100.31,0,B2646,delivery_service,Delivery,Delivery
3,0,Stay,4,4,4,4,0,80,05:40,07:00,80,0,0.0,80,0.0,160.0,160.0,0,B45,parking_charging,Position,Pickup
3,1,Pickup,4,4,4,4,80,83,07:00,07:03,3,0,0.0,2,0.0,160.0,160.0,2,B45,pickup_service,Pickup,Pickup
3,2,Movement,4,9,4,9,83,98,07:03,07:18,15,15,55.47,0,0.0,160.0,104.53,2,B45,passenger_flight,Position,Delivery
3,3,Delivery,9,9,9,9,98,101,07:18,07:21,3,0,0.0,2,8.534,104.53,113.064,0,B45,delivery_service,Delivery,Delivery
3,4,Movement,9,8,9,8,101,107,07:21,07:27,6,6,18.04,0,0.0,113.064,95.024,0,B77,empty_repositioning,Position,Pickup
3,5,Pickup,8,8,8,8,107,110,07:27,07:30,3,0,0.0,2,8.534,95.024,103.558,3,B77,pickup_service,Pickup,Pickup
3,6,Pickup,8,8,8,8,110,113,07:30,07:33,3,0,0.0,2,8.534,103.558,112.092,4,B84,pickup_service,Pickup,Pickup
3,7,Movement,8,2,8,2,113,123,07:33,07:43,10,10,32.38,0,0.0,112.092,79.712,4,B84,passenger_flight,Position,Delivery
3,8,Delivery,2,2,2,2,123,126,07:43,07:46,3,0,0.0,2,8.534,79.712,88.246,3,B84,delivery_service,Delivery,Delivery
3,9,Delivery,2,2,2,2,126,129,07:46,07:49,3,0,0.0,2,8.534,88.246,96.78,0,B77,delivery_service,Delivery,Delivery
3,10,Stay,2,2,2,2,129,690,07:49,17:10,561,0,0.0,561,63.22,96.78,160.0,0,B2364,parking_charging,Position,Pickup
3,11,Pickup,2,2,2,2,690,693,17:10,17:13,3,0,0.0,2,0.0,160.0,160.0,1,B2364,pickup_service,Pickup,Pickup
3,12,Stay,2,2,2,2,693,704,17:13,17:24,11,0,0.0,11,0.0,160.0,160.0,1,B2364,parking_charging,Position,Movement
3,13,Movement,2,4,2,4,704,710,17:24,17:30,6,6,16.13,0,0.0,160.0,143.87,1,B2364,passenger_flight,Position,Delivery
3,14,Delivery,4,4,4,4,710,713,17:30,17:33,3,0,0.0,2,8.534,143.87,152.404,0,B2364,delivery_service,Delivery,Delivery
3,15,Pickup,4,4,4,4,713,716,17:33,17:36,3,0,0.0,2,7.596,152.404,160.0,4,B2633,pickup_service,Pickup,Pickup
3,16,Movement,4,2,4,2,716,722,17:36,17:42,6,6,16.13,0,0.0,160.0,143.87,4,B2633,passenger_flight,Position,Delivery
3,17,Delivery,2,2,2,2,722,725,17:42,17:45,3,0,0.0,2,8.534,143.87,152.404,0,B2633,delivery_service,Delivery,Delivery
3,18,Stay,2,2,2,2,725,734,17:45,17:54,9,0,0.0,9,7.596,152.404,160.0,0,B2863,parking_charging,Position,Pickup
3,19,Pickup,2,2,2,2,734,737,17:54,17:57,3,0,0.0,2,0.0,160.0,160.0,4,B2863,pickup_service,Pickup,Pickup
3,20,Movement,2,4,2,4,737,743,17:57,18:03,6,6,16.13,0,0.0,160.0,143.87,4,B2863,passenger_flight,Position,Delivery
3,21,Delivery,4,4,4,4,743,746,18:03,18:06,3,0,0.0,2,8.534,143.87,152.404,0,B2863,delivery_service,Delivery,Delivery
4,0,Stay,5,5,5,5,0,101,05:40,07:21,101,0,0.0,101,0.0,160.0,160.0,0,B80,parking_charging,Position,Movement
4,1,Movement,5,6,5,6,101,108,07:21,07:28,7,7,12.76,0,0.0,160.0,147.24,0,B80,empty_repositioning,Position,Pickup
4,2,Pickup,6,6,6,6,108,111,07:28,07:31,3,0,0.0,2,8.534,147.24,155.774,1,B80,pickup_service,Pickup,Pickup
4,3,Pickup,6,6,6,6,111,114,07:31,07:34,3,0,0.0,2,4.226,155.774,160.0,2,B82,pickup_service,Pickup,Pickup
4,4,Pickup,6,6,6,6,114,117,07:34,07:37,3,0,0.0,2,0.0,160.0,160.0,3,B90,pickup_service,Pickup,Pickup
4,5,Movement,6,1,6,1,117,124,07:37,07:44,7,7,23.39,0,0.0,160.0,136.61,3,B82,passenger_flight,Position,Delivery
4,6,Delivery,1,1,1,1,124,127,07:44,07:47,3,0,0.0,2,8.534,136.61,145.144,2,B82,delivery_service,Delivery,Delivery
4,7,Delivery,1,1,1,1,127,130,07:47,07:50,3,0,0.0,2,8.534,145.144,153.678,1,B80,delivery_service,Delivery,Delivery
4,8,Delivery,1,1,1,1,130,133,07:50,07:53,3,0,0.0,2,6.322,153.678,160.0,0,B90,delivery_service,Delivery,Delivery
4,9,Stay,1,1,1,1,133,682,07:53,17:02,549,0,0.0,549,0.0,160.0,160.0,0,B2346,parking_charging,Position,Movement
4,10,Movement,1,3,1,3,682,688,17:02,17:08,6,6,9.61,0,0.0,160.0,150.39,0,B2346,empty_repositioning,Position,Pickup
4,11,Pickup,3,3,3,3,688,691,17:08,17:11,3,0,0.0,2,8.534,150.39,158.924,2,B2346,pickup_service,Pickup,Pickup
4,12,Movement,3,4,3,4,691,698,17:11,17:18,7,7,12.6,0,0.0,158.924,146.324,2,B2346,passenger_flight,Position,Delivery
4,13,Delivery,4,4,4,4,698,701,17:18,17:21,3,0,0.0,2,8.534,146.324,154.858,0,B2346,delivery_service,Delivery,Delivery
4,14,Stay,4,4,4,4,701,706,17:21,17:26,5,0,0.0,5,5.142,154.858,160.0,0,B2548,parking_charging,Position,Pickup
4,15,Pickup,4,4,4,4,706,709,17:26,17:29,3,0,0.0,2,0.0,160.0,160.0,3,B2548,pickup_service,Pickup,Pickup
4,16,Movement,4,2,4,2,709,715,17:29,17:35,6,6,16.13,0,0.0,160.0,143.87,3,B2548,passenger_flight,Position,Delivery
4,17,Delivery,2,2,2,2,715,718,17:35,17:38,3,0,0.0,2,8.534,143.87,152.404,0,B2548,delivery_service,Delivery,Delivery
4,18,Stay,2,2,2,2,718,719,17:38,17:39,1,0,0.0,1,4.267,152.404,156.671,0,B2689,parking_charging,Position,Pickup
4,19,Pickup,2,2,2,2,719,722,17:39,17:42,3,0,0.0,2,3.329,156.671,160.0,2,B2689,pickup_service,Pickup,Pickup
4,20,Stay,2,2,2,2,722,731,17:42,17:51,9,0,0.0,9,0.0,160.0,160.0,2,B2689,parking_charging,Position,Movement
4,21,Movement,2,6,2,6,731,742,17:51,18:02,11,11,37.0,0,0.0,160.0,123.0,2,B2689,passenger_flight,Position,Delivery
4,22,Delivery,6,6,6,6,742,745,18:02,18:05,3,0,0.0,2,8.534,123.0,131.534,0,B2689,delivery_service,Delivery,Delivery
4,23,Movement,6,5,6,5,745,752,18:05,18:12,7,7,12.76,0,0.0,131.534,118.774,0,,return_to_depot,Position,Depot
5,0,Stay,6,6,6,6,0,685,05:40,17:05,685,0,0.0,685,0.0,160.0,160.0,0,B2319,parking_charging,Position,Pickup
5,1,Pickup,6,6,6,6,685,688,17:05,17:08,3,0,0.0,2,0.0,160.0,160.0,1,B2319,pickup_service,Pickup,Pickup
5,2,Stay,6,6,6,6,688,689,17:08,17:09,1,0,0.0,1,0.0,160.0,160.0,1,B2359,parking_charging,Position,Pickup
5,3,Pickup,6,6,6,6,689,692,17:09,17:12,3,0,0.0,2,0.0,160.0,160.0,2,B2359,pickup_service,Pickup,Pickup
5,4,Pickup,6,6,6,6,692,695,17:12,17:15,3,0,0.0,2,0.0,160.0,160.0,4,B2373,pickup_service,Pickup,Pickup
5,5,Movement,6,7,6,7,695,707,17:15,17:27,12,12,43.48,0,0.0,160.0,116.52,4,B2359,passenger_flight,Position,Delivery
5,6,Delivery,7,7,7,7,707,710,17:27,17:30,3,0,0.0,2,8.534,116.52,125.054,3,B2359,delivery_service,Delivery,Delivery
5,7,Delivery,7,7,7,7,710,713,17:30,17:33,3,0,0.0,2,8.534,125.054,133.588,2,B2319,delivery_service,Delivery,Delivery
5,8,Delivery,7,7,7,7,713,716,17:33,17:36,3,0,0.0,2,8.534,133.588,142.122,0,B2373,delivery_service,Delivery,Delivery
5,9,Pickup,7,7,7,7,716,719,17:36,17:39,3,0,0.0,2,8.534,142.122,150.656,1,B2585,pickup_service,Pickup,Pickup
5,10,Pickup,7,7,7,7,719,722,17:39,17:42,3,0,0.0,2,8.534,150.656,159.19,4,B2636,pickup_service,Pickup,Pickup
5,11,Movement,7,4,7,4,722,729,17:42,17:49,7,7,21.43,0,0.0,159.19,137.76,4,B2585,passenger_flight,Position,Delivery
5,12,Delivery,4,4,4,4,729,732,17:49,17:52,3,0,0.0,2,8.534,137.76,146.294,3,B2585,delivery_service,Delivery,Delivery
5,13,Delivery,4,4,4,4,732,735,17:52,17:55,3,0,0.0,2,8.534,146.294,154.828,0,B2636,delivery_service,Delivery,Delivery
5,14,Pickup,4,4,4,4,735,738,17:55,17:58,3,0,0.0,2,5.172,154.828,160.0,3,B2795,pickup_service,Pickup,Pickup
5,15,Pickup,4,4,4,4,738,741,17:58,18:01,3,0,0.0,2,0.0,160.0,160.0,4,B2887,pickup_service,Pickup,Pickup
5,16,Movement,4,2,4,2,741,747,18:01,18:07,6,6,16.13,0,0.0,160.0,143.87,4,B2795,passenger_flight,Position,Delivery
5,17,Delivery,2,2,2,2,747,750,18:07,18:10,3,0,0.0,2,8.534,143.87,152.404,1,B2795,delivery_service,Delivery,Delivery
5,18,Stay,2,2,2,2,750,753,18:10,18:13,3,0,0.0,3,7.596,152.404,160.0,1,B2887,parking_charging,Position,Delivery
5,19,Delivery,2,2,2,2,753,756,18:13,18:16,3,0,0.0,2,0.0,160.0,160.0,0,B2887,delivery_service,Delivery,Delivery
5,20,Stay,2,2,2,2,756,800,18:16,19:00,44,0,0.0,44,0.0,160.0,160.0,0,B3248,parking_charging,Position,Pickup
5,21,Pickup,2,2,2,2,800,803,19:00,19:03,3,0,0.0,2,0.0,160.0,160.0,2,B3248,pickup_service,Pickup,Pickup
5,22,Movement,2,5,2,5,803,811,19:03,19:11,8,8,27.57,0,0.0,160.0,132.43,2,B3248,passenger_flight,Position,Delivery
5,23,Delivery,5,5,5,5,811,814,19:11,19:14,3,0,0.0,2,8.534,132.43,140.964,0,B3248,delivery_service,Delivery,Delivery
5,24,Movement,5,6,5,6,814,821,19:14,19:21,7,7,12.76,0,0.0,140.964,128.204,0,,return_to_depot,Position,Depot
6,0,Stay,7,7,7,7,0,100,05:40,07:20,100,0,0.0,100,0.0,160.0,160.0,0,B59,parking_charging,Position,Pickup
6,1,Pickup,7,7,7,7,100,103,07:20,07:23,3,0,0.0,2,0.0,160.0,160.0,1,B59,pickup_service,Pickup,Pickup
6,2,Movement,7,1,7,1,103,110,07:23,07:30,7,7,21.03,0,0.0,160.0,138.97,1,B59,passenger_flight,Position,Delivery
6,3,Delivery,1,1,1,1,110,113,07:30,07:33,3,0,0.0,2,8.534,138.97,147.504,0,B59,delivery_service,Delivery,Delivery
6,4,Stay,1,1,1,1,113,689,07:33,17:09,576,0,0.0,576,12.496,147.504,160.0,0,B2354,parking_charging,Position,Pickup
6,5,Pickup,1,1,1,1,689,692,17:09,17:12,3,0,0.0,2,0.0,160.0,160.0,1,B2354,pickup_service,Pickup,Pickup
6,6,Stay,1,1,1,1,692,699,17:12,17:19,7,0,0.0,7,0.0,160.0,160.0,1,B2472,parking_charging,Position,Pickup
6,7,Pickup,1,1,1,1,699,702,17:19,17:22,3,0,0.0,2,0.0,160.0,160.0,4,B2472,pickup_service,Pickup,Pickup
6,8,Movement,1,5,1,5,702,710,17:22,17:30,8,8,14.88,0,0.0,160.0,145.12,4,B2354,passenger_flight,Position,Delivery
6,9,Delivery,5,5,5,5,710,713,17:30,17:33,3,0,0.0,2,8.534,145.12,153.654,3,B2354,delivery_service,Delivery,Delivery
6,10,Delivery,5,5,5,5,713,716,17:33,17:36,3,0,0.0,2,6.346,153.654,160.0,0,B2472,delivery_service,Delivery,Delivery
6,11,Pickup,5,5,5,5,716,719,17:36,17:39,3,0,0.0,2,0.0,160.0,160.0,1,B2635,pickup_service,Pickup,Pickup
6,12,Stay,5,5,5,5,719,725,17:39,17:45,6,0,0.0,6,0.0,160.0,160.0,1,B2635,parking_charging,Position,Movement
6,13,Movement,5,1,5,1,725,733,17:45,17:53,8,8,14.88,0,0.0,160.0,145.12,1,B2635,passenger_flight,Position,Delivery
6,14,Delivery,1,1,1,1,733,736,17:53,17:56,3,0,0.0,2,8.534,145.12,153.654,0,B2635,delivery_service,Delivery,Delivery
6,15,Stay,1,1,1,1,736,800,17:56,19:00,64,0,0.0,64,6.346,153.654,160.0,0,B3234,parking_charging,Position,Pickup
6,16,Pickup,1,1,1,1,800,803,19:00,19:03,3,0,0.0,2,0.0,160.0,160.0,2,B3234,pickup_service,Pickup,Pickup
6,17,Movement,1,7,1,7,803,810,19:03,19:10,7,7,21.03,0,0.0,160.0,138.97,2,B3234,passenger_flight,Position,Delivery
6,18,Delivery,7,7,7,7,810,813,19:10,19:13,3,0,0.0,2,8.534,138.97,147.504,0,B3234,delivery_service,Delivery,Delivery
7,0,Stay,8,8,8,8,0,714,05:40,17:34,714,0,0.0,714,0.0,160.0,160.0,0,B2644,parking_charging,Position,Pickup
7,1,Pickup,8,8,8,8,714,717,17:34,17:37,3,0,0.0,2,0.0,160.0,160.0,2,B2644,pickup_service,Pickup,Pickup
7,2,Movement,8,3,8,3,717,727,17:37,17:47,10,10,35.17,0,0.0,160.0,124.83,2,B2644,passenger_flight,Position,Delivery
7,3,Delivery,3,3,3,3,727,730,17:47,17:50,3,0,0.0,2,8.534,124.83,133.364,0,B2644,delivery_service,Delivery,Delivery
7,4,Pickup,3,3,3,3,730,733,17:50,17:53,3,0,0.0,2,8.534,133.364,141.898,4,B2755,pickup_service,Pickup,Pickup
7,5,Movement,3,4,3,4,733,740,17:53,18:00,7,7,12.6,0,0.0,141.898,129.298,4,B2755,passenger_flight,Position,Delivery
7,6,Delivery,4,4,4,4,740,743,18:00,18:03,3,0,0.0,2,8.534,129.298,137.832,0,B2755,delivery_service,Delivery,Delivery
7,7,Stay,4,4,4,4,743,800,18:03,19:00,57,0,0.0,57,22.168,137.832,160.0,0,B3237,parking_charging,Position,Pickup
7,8,Pickup,4,4,4,4,800,803,19:00,19:03,3,0,0.0,2,0.0,160.0,160.0,2,B3237,pickup_service,Pickup,Pickup
7,9,Movement,4,8,4,8,803,814,19:03,19:14,11,11,39.54,0,0.0,160.0,120.46,2,B3237,passenger_flight,Position,Delivery
7,10,Delivery,8,8,8,8,814,817,19:14,19:17,3,0,0.0,2,8.534,120.46,128.994,0,B3237,delivery_service,Delivery,Delivery
8,0,Stay,9,9,9,9,0,120,05:40,07:40,120,0,0.0,120,0.0,160.0,160.0,0,B94,parking_charging,Position,Pickup
8,1,Pickup,9,9,9,9,120,123,07:40,07:43,3,0,0.0,2,0.0,160.0,160.0,1,B94,pickup_service,Pickup,Pickup
8,2,Pickup,9,9,9,9,123,126,07:43,07:46,3,0,0.0,2,0.0,160.0,160.0,3,B100,pickup_service,Pickup,Pickup
8,3,Movement,9,6,9,6,126,146,07:46,08:06,20,20,74.79,0,0.0,160.0,85.21,3,B94,passenger_flight,Position,Delivery
8,4,Delivery,6,6,6,6,146,149,08:06,08:09,3,0,0.0,2,8.534,85.21,93.744,2,B94,delivery_service,Delivery,Delivery
8,5,Delivery,6,6,6,6,149,152,08:09,08:12,3,0,0.0,2,8.534,93.744,102.278,0,B100,delivery_service,Delivery,Delivery
8,6,Stay,6,6,6,6,152,686,08:12,17:06,534,0,0.0,534,57.722,102.278,160.0,0,B2330,parking_charging,Position,Pickup
8,7,Pickup,6,6,6,6,686,689,17:06,17:09,3,0,0.0,2,0.0,160.0,160.0,1,B2330,pickup_service,Pickup,Pickup
8,8,Pickup,6,6,6,6,689,692,17:09,17:12,3,0,0.0,2,0.0,160.0,160.0,2,B2289,pickup_service,Pickup,Pickup
8,9,Movement,6,1,6,1,692,699,17:12,17:19,7,7,23.39,0,0.0,160.0,136.61,2,B2289,passenger_flight,Position,Delivery
8,10,Delivery,1,1,1,1,699,702,17:19,17:22,3,0,0.0,2,8.534,136.61,145.144,1,B2289,delivery_service,Delivery,Delivery
8,11,Delivery,1,1,1,1,702,705,17:22,17:25,3,0,0.0,2,8.534,145.144,153.678,0,B2330,delivery_service,Delivery,Delivery
8,12,Stay,1,1,1,1,705,708,17:25,17:28,3,0,0.0,3,6.322,153.678,160.0,0,B2565,parking_charging,Position,Pickup
8,13,Pickup,1,1,1,1,708,711,17:28,17:31,3,0,0.0,2,0.0,160.0,160.0,1,B2565,pickup_service,Pickup,Pickup
8,14,Pickup,1,1,1,1,711,714,17:31,17:34,3,0,0.0,2,0.0,160.0,160.0,4,B2551,pickup_service,Pickup,Pickup
8,15,Movement,1,7,1,7,714,721,17:34,17:41,7,7,21.03,0,0.0,160.0,138.97,4,B2565,passenger_flight,Position,Delivery
8,16,Delivery,7,7,7,7,721,724,17:41,17:44,3,0,0.0,2,8.534,138.97,147.504,3,B2565,delivery_service,Delivery,Delivery
8,17,Delivery,7,7,7,7,724,727,17:44,17:47,3,0,0.0,2,8.534,147.504,156.038,0,B2551,delivery_service,Delivery,Delivery
8,18,Movement,7,9,7,9,727,739,17:47,17:59,12,12,40.12,0,0.0,156.038,115.918,0,,return_to_depot,Position,Depot
9,0,Stay,10,10,10,10,0,60,05:40,06:40,60,0,0.0,60,0.0,160.0,160.0,0,B32,parking_charging,Position,Pickup
9,1,Pickup,10,10,10,10,60,63,06:40,06:43,3,0,0.0,2,0.0,160.0,160.0,1,B32,pickup_service,Pickup,Pickup
9,2,Pickup,10,10,10,10,63,66,06:43,06:46,3,0,0.0,2,0.0,160.0,160.0,2,B35,pickup_service,Pickup,Pickup
9,3,Pickup,10,10,10,10,66,69,06:46,06:49,3,0,0.0,2,0.0,160.0,160.0,4,B29,pickup_service,Pickup,Pickup
9,4,Movement,10,3,10,3,69,84,06:49,07:04,15,15,54.92,0,0.0,160.0,105.08,4,B29,passenger_flight,Position,Delivery
9,5,Delivery,3,3,3,3,84,87,07:04,07:07,3,0,0.0,2,8.534,105.08,113.614,2,B29,delivery_service,Delivery,Delivery
9,6,Delivery,3,3,3,3,87,90,07:07,07:10,3,0,0.0,2,8.534,113.614,122.148,1,B35,delivery_service,Delivery,Delivery
9,7,Delivery,3,3,3,3,90,93,07:10,07:13,3,0,0.0,2,8.534,122.148,130.682,0,B32,delivery_service,Delivery,Delivery
9,8,Stay,3,3,3,3,93,680,07:13,17:00,587,0,0.0,587,29.318,130.682,160.0,0,B2263,parking_charging,Position,Pickup
9,9,Pickup,3,3,3,3,680,683,17:00,17:03,3,0,0.0,2,0.0,160.0,160.0,1,B2263,pickup_service,Pickup,Pickup
9,10,Pickup,3,3,3,3,683,686,17:03,17:06,3,0,0.0,2,0.0,160.0,160.0,4,B2297,pickup_service,Pickup,Pickup
9,11,Movement,3,4,3,4,686,693,17:06,17:13,7,7,12.6,0,0.0,160.0,147.4,4,B2263,passenger_flight,Position,Delivery
9,12,Delivery,4,4,4,4,693,696,17:13,17:16,3,0,0.0,2,8.534,147.4,155.934,3,B2263,delivery_service,Delivery,Delivery
9,13,Delivery,4,4,4,4,696,699,17:16,17:19,3,0,0.0,2,4.066,155.934,160.0,0,B2297,delivery_service,Delivery,Delivery
9,14,Stay,4,4,4,4,699,700,17:19,17:20,1,0,0.0,1,0.0,160.0,160.0,0,B2492,parking_charging,Position,Movement
9,15,Movement,4,2,4,2,700,706,17:20,17:26,6,6,16.13,0,0.0,160.0,143.87,0,B2492,empty_repositioning,Position,Pickup
9,16,Pickup,2,2,2,2,706,709,17:26,17:29,3,0,0.0,2,8.534,143.87,152.404,3,B2492,pickup_service,Pickup,Pickup
9,17,Movement,2,4,2,4,709,715,17:29,17:35,6,6,16.13,0,0.0,152.404,136.274,3,B2492,passenger_flight,Position,Delivery
9,18,Delivery,4,4,4,4,715,718,17:35,17:38,3,0,0.0,2,8.534,136.274,144.808,0,B2492,delivery_service,Delivery,Delivery
9,19,Pickup,4,4,4,4,718,721,17:38,17:41,3,0,0.0,2,8.534,144.808,153.342,1,B2622,pickup_service,Pickup,Pickup
9,20,Stay,4,4,4,4,721,724,17:41,17:44,3,0,0.0,3,6.658,153.342,160.0,1,B2622,parking_charging,Position,Movement
9,21,Movement,4,2,4,2,724,730,17:44,17:50,6,6,16.13,0,0.0,160.0,143.87,1,B2622,passenger_flight,Position,Delivery
9,22,Delivery,2,2,2,2,730,733,17:50,17:53,3,0,0.0,2,8.534,143.87,152.404,0,B2622,delivery_service,Delivery,Delivery
9,23,Pickup,2,2,2,2,733,736,17:53,17:56,3,0,0.0,2,7.596,152.404,160.0,1,B2790,pickup_service,Pickup,Pickup
9,24,Pickup,2,2,2,2,736,739,17:56,17:59,3,0,0.0,2,0.0,160.0,160.0,4,B2779,pickup_service,Pickup,Pickup
9,25,Movement,2,4,2,4,739,745,17:59,18:05,6,6,16.13,0,0.0,160.0,143.87,4,B2779,passenger_flight,Position,Delivery
9,26,Delivery,4,4,4,4,745,748,18:05,18:08,3,0,0.0,2,8.534,143.87,152.404,1,B2779,delivery_service,Delivery,Delivery
9,27,Delivery,4,4,4,4,748,751,18:08,18:11,3,0,0.0,2,7.596,152.404,160.0,0,B2790,delivery_service,Delivery,Delivery
9,28,Movement,4,10,4,10,751,763,18:11,18:23,12,12,42.86,0,0.0,160.0,117.14,0,,return_to_depot,Position,Depot
10,0,Stay,1,1,1,1,0,680,05:40,17:00,680,0,0.0,680,0.0,160.0,160.0,0,B2248,parking_charging,Position,Pickup
10,1,Pickup,1,1,1,1,680,683,17:00,17:03,3,0,0.0,2,0.0,160.0,160.0,2,B2248,pickup_service,Pickup,Pickup
10,2,Pickup,1,1,1,1,683,686,17:03,17:06,3,0,0.0,2,0.0,160.0,160.0,4,B2293,pickup_service,Pickup,Pickup
10,3,Movement,1,6,1,6,686,693,17:06,17:13,7,7,23.39,0,0.0,160.0,136.61,4,B2248,passenger_flight,Position,Delivery
10,4,Delivery,6,6,6,6,693,696,17:13,17:16,3,0,0.0,2,8.534,136.61,145.144,2,B2248,delivery_service,Delivery,Delivery
10,5,Movement,6,5,6,5,696,703,17:16,17:23,7,7,12.76,0,0.0,145.144,132.384,2,B2293,passenger_flight,Position,Delivery
10,6,Delivery,5,5,5,5,703,706,17:23,17:26,3,0,0.0,2,8.534,132.384,140.918,0,B2293,delivery_service,Delivery,Delivery
10,7,Movement,5,3,5,3,706,714,17:26,17:34,8,8,23.93,0,0.0,140.918,116.988,0,B2606,empty_repositioning,Position,Pickup
10,8,Pickup,3,3,3,3,714,717,17:34,17:37,3,0,0.0,2,8.534,116.988,125.522,1,B2606,pickup_service,Pickup,Pickup
10,9,Movement,3,1,3,1,717,723,17:37,17:43,6,6,9.61,0,0.0,125.522,115.912,1,B2606,passenger_flight,Position,Delivery
10,10,Delivery,1,1,1,1,723,726,17:43,17:46,3,0,0.0,2,8.534,115.912,124.446,0,B2606,delivery_service,Delivery,Delivery
10,11,Pickup,1,1,1,1,726,729,17:46,17:49,3,0,0.0,2,8.534,124.446,132.98,2,B2700,pickup_service,Pickup,Pickup
10,12,Movement,1,7,1,7,729,736,17:49,17:56,7,7,21.03,0,0.0,132.98,111.95,2,B2809,passenger_flight,Position,Pickup
10,13,Pickup,7,7,7,7,736,739,17:56,17:59,3,0,0.0,2,8.534,111.95,120.484,3,B2809,pickup_service,Pickup,Pickup
10,14,Delivery,7,7,7,7,739,742,17:59,18:02,3,0,0.0,2,8.534,120.484,129.018,1,B2700,delivery_service,Delivery,Delivery
10,15,Movement,7,1,7,1,742,749,18:02,18:09,7,7,21.03,0,0.0,129.018,107.988,1,B2809,passenger_flight,Position,Delivery
10,16,Delivery,1,1,1,1,749,752,18:09,18:12,3,0,0.0,2,8.534,107.988,116.522,0,B2809,delivery_service,Delivery,Delivery
11,0,Stay,2,2,2,2,0,695,05:40,17:15,695,0,0.0,695,0.0,160.0,160.0,0,B2433,parking_charging,Position,Pickup
11,1,Pickup,2,2,2,2,695,698,17:15,17:18,3,0,0.0,2,0.0,160.0,160.0,1,B2433,pickup_service,Pickup,Pickup
11,2,Stay,2,2,2,2,698,709,17:18,17:29,11,0,0.0,11,0.0,160.0,160.0,1,B2433,parking_charging,Position,Movement
11,3,Movement,2,4,2,4,709,715,17:29,17:35,6,6,16.13,0,0.0,160.0,143.87,1,B2433,passenger_flight,Position,Delivery
11,4,Delivery,4,4,4,4,715,718,17:35,17:38,3,0,0.0,2,8.534,143.87,152.404,0,B2433,delivery_service,Delivery,Delivery
11,5,Pickup,4,4,4,4,718,721,17:38,17:41,3,0,0.0,2,7.596,152.404,160.0,1,B2682,pickup_service,Pickup,Pickup
11,6,Stay,4,4,4,4,721,731,17:41,17:51,10,0,0.0,10,0.0,160.0,160.0,1,B2682,parking_charging,Position,Movement
11,7,Movement,4,2,4,2,731,737,17:51,17:57,6,6,16.13,0,0.0,160.0,143.87,1,B2682,passenger_flight,Position,Delivery
11,8,Delivery,2,2,2,2,737,740,17:57,18:00,3,0,0.0,2,8.534,143.87,152.404,0,B2682,delivery_service,Delivery,Delivery
12,0,Stay,3,3,3,3,0,685,05:40,17:05,685,0,0.0,685,0.0,160.0,160.0,0,B2317,parking_charging,Position,Pickup
12,1,Pickup,3,3,3,3,685,688,17:05,17:08,3,0,0.0,2,0.0,160.0,160.0,4,B2317,pickup_service,Pickup,Pickup
12,2,Movement,3,10,3,10,688,703,17:08,17:23,15,15,54.92,0,0.0,160.0,105.08,4,B2317,passenger_flight,Position,Delivery
12,3,Delivery,10,10,10,10,703,706,17:23,17:26,3,0,0.0,2,8.534,105.08,113.614,0,B2317,delivery_service,Delivery,Delivery
12,4,Stay,10,10,10,10,706,728,17:26,17:48,22,0,0.0,22,46.386,113.614,160.0,0,B2802,parking_charging,Position,Pickup
12,5,Pickup,10,10,10,10,728,731,17:48,17:51,3,0,0.0,2,0.0,160.0,160.0,2,B2802,pickup_service,Pickup,Pickup
12,6,Pickup,10,10,10,10,731,734,17:51,17:54,3,0,0.0,2,0.0,160.0,160.0,4,B2787,pickup_service,Pickup,Pickup
12,7,Movement,10,3,10,3,734,749,17:54,18:09,15,15,54.92,0,0.0,160.0,105.08,4,B2802,passenger_flight,Position,Delivery
12,8,Delivery,3,3,3,3,749,752,18:09,18:12,3,0,0.0,2,8.534,105.08,113.614,2,B2802,delivery_service,Delivery,Delivery
12,9,Delivery,3,3,3,3,752,755,18:12,18:15,3,0,0.0,2,8.534,113.614,122.148,0,B2787,delivery_service,Delivery,Delivery
13,0,Stay,4,4,4,4,0,684,05:40,17:04,684,0,0.0,684,0.0,160.0,160.0,0,B2308,parking_charging,Position,Pickup
13,1,Pickup,4,4,4,4,684,687,17:04,17:07,3,0,0.0,2,0.0,160.0,160.0,4,B2308,pickup_service,Pickup,Pickup
13,2,Movement,4,3,4,3,687,694,17:07,17:14,7,7,12.6,0,0.0,160.0,147.4,4,B2308,passenger_flight,Position,Delivery
13,3,Delivery,3,3,3,3,694,697,17:14,17:17,3,0,0.0,2,8.534,147.4,155.934,0,B2308,delivery_service,Delivery,Delivery
13,4,Pickup,3,3,3,3,697,700,17:17,17:20,3,0,0.0,2,4.066,155.934,160.0,2,B2326,pickup_service,Pickup,Pickup
13,5,Movement,3,5,3,5,700,708,17:20,17:28,8,8,23.93,0,0.0,160.0,136.07,2,B2326,passenger_flight,Position,Delivery
13,6,Delivery,5,5,5,5,708,711,17:28,17:31,3,0,0.0,2,8.534,136.07,144.604,0,B2326,delivery_service,Delivery,Delivery
13,7,Pickup,5,5,5,5,711,714,17:31,17:34,3,0,0.0,2,8.534,144.604,153.138,1,B2488,pickup_service,Pickup,Pickup
13,8,Movement,5,3,5,3,714,722,17:34,17:42,8,8,23.93,0,0.0,153.138,129.208,1,B2488,passenger_flight,Position,Delivery
13,9,Delivery,3,3,3,3,722,725,17:42,17:45,3,0,0.0,2,8.534,129.208,137.742,0,B2488,delivery_service,Delivery,Delivery
13,10,Pickup,3,3,3,3,725,728,17:45,17:48,3,0,0.0,2,8.534,137.742,146.276,4,B2756,pickup_service,Pickup,Pickup
13,11,Movement,3,5,3,5,728,736,17:48,17:56,8,8,23.93,0,0.0,146.276,122.346,4,B2756,passenger_flight,Position,Delivery
13,12,Delivery,5,5,5,5,736,739,17:56,17:59,3,0,0.0,2,8.534,122.346,130.88,0,B2756,delivery_service,Delivery,Delivery
13,13,Movement,5,4,5,4,739,745,17:59,18:05,6,6,11.45,0,0.0,130.88,119.43,0,,return_to_depot,Position,Depot
14,0,Stay,5,5,5,5,0,680,05:40,17:00,680,0,0.0,680,0.0,160.0,160.0,0,B2249,parking_charging,Position,Pickup
14,1,Pickup,5,5,5,5,680,683,17:00,17:03,3,0,0.0,2,0.0,160.0,160.0,1,B2249,pickup_service,Pickup,Pickup
14,2,Movement,5,2,5,2,683,691,17:03,17:11,8,8,27.57,0,0.0,160.0,132.43,1,B2335,passenger_flight,Position,Pickup
14,3,Pickup,2,2,2,2,691,694,17:11,17:14,3,0,0.0,2,8.534,132.43,140.964,2,B2335,pickup_service,Pickup,Pickup
14,4,Delivery,2,2,2,2,694,697,17:14,17:17,3,0,0.0,2,8.534,140.964,149.498,1,B2249,delivery_service,Delivery,Delivery
14,5,Pickup,2,2,2,2,697,700,17:17,17:20,3,0,0.0,2,8.534,149.498,158.032,3,B2397,pickup_service,Pickup,Pickup
14,6,Movement,2,5,2,5,700,708,17:20,17:28,8,8,27.57,0,0.0,158.032,130.462,3,B2335,passenger_flight,Position,Delivery
14,7,Delivery,5,5,5,5,708,711,17:28,17:31,3,0,0.0,2,8.534,130.462,138.996,2,B2335,delivery_service,Delivery,Delivery
14,8,Delivery,5,5,5,5,711,714,17:31,17:34,3,0,0.0,2,8.534,138.996,147.53,0,B2397,delivery_service,Delivery,Delivery
14,9,Pickup,5,5,5,5,714,717,17:34,17:37,3,0,0.0,2,8.534,147.53,156.064,1,B2571,pickup_service,Pickup,Pickup
14,10,Movement,5,10,5,10,717,727,17:37,17:47,10,10,33.52,0,0.0,156.064,122.544,1,B2571,passenger_flight,Position,Delivery
14,11,Delivery,10,10,10,10,727,730,17:47,17:50,3,0,0.0,2,8.534,122.544,131.078,0,B2571,delivery_service,Delivery,Delivery
14,12,Pickup,10,10,10,10,730,733,17:50,17:53,3,0,0.0,2,8.534,131.078,139.612,1,B2820,pickup_service,Pickup,Pickup
14,13,Pickup,10,10,10,10,733,736,17:53,17:56,3,0,0.0,2,8.534,139.612,148.146,2,B2848,pickup_service,Pickup,Pickup
14,14,Pickup,10,10,10,10,736,739,17:56,17:59,3,0,0.0,2,8.534,148.146,156.68,3,B2849,pickup_service,Pickup,Pickup
14,15,Movement,10,4,10,4,739,751,17:59,18:11,12,12,42.86,0,0.0,156.68,113.82,3,B2849,passenger_flight,Position,Delivery
14,16,Delivery,4,4,4,4,751,754,18:11,18:14,3,0,0.0,2,8.534,113.82,122.354,2,B2849,delivery_service,Delivery,Delivery
14,17,Movement,4,3,4,3,754,761,18:14,18:21,7,7,12.6,0,0.0,122.354,109.754,2,B2820,passenger_flight,Position,Delivery
14,18,Delivery,3,3,3,3,761,764,18:21,18:24,3,0,0.0,2,8.534,109.754,118.288,1,B2820,delivery_service,Delivery,Delivery
14,19,Delivery,3,3,3,3,764,767,18:24,18:27,3,0,0.0,2,8.534,118.288,126.822,0,B2848,delivery_service,Delivery,Delivery
14,20,Stay,3,3,3,3,767,800,18:27,19:00,33,0,0.0,33,33.178,126.822,160.0,0,B3283,parking_charging,Position,Movement
14,21,Movement,3,2,3,2,800,803,19:00,19:03,3,3,4.08,0,0.0,160.0,155.92,0,B3283,empty_repositioning,Position,Pickup
14,22,Pickup,2,2,2,2,803,806,19:03,19:06,3,0,0.0,2,4.08,155.92,160.0,3,B3283,pickup_service,Pickup,Pickup
14,23,Movement,2,5,2,5,806,814,19:06,19:14,8,8,27.57,0,0.0,160.0,132.43,3,B3283,passenger_flight,Position,Delivery
14,24,Delivery,5,5,5,5,814,817,19:14,19:17,3,0,0.0,2,8.534,132.43,140.964,0,B3283,delivery_service,Delivery,Delivery
15,0,Stay,6,6,6,6,0,694,05:40,17:14,694,0,0.0,694,0.0,160.0,160.0,0,B2430,parking_charging,Position,Pickup
15,1,Pickup,6,6,6,6,694,697,17:14,17:17,3,0,0.0,2,0.0,160.0,160.0,1,B2430,pickup_service,Pickup,Pickup
15,2,Stay,6,6,6,6,697,705,17:17,17:25,8,0,0.0,8,0.0,160.0,160.0,1,B2430,parking_charging,Position,Movement
15,3,Movement,6,1,6,1,705,712,17:25,17:32,7,7,23.39,0,0.0,160.0,136.61,1,B2430,passenger_flight,Position,Delivery
15,4,Delivery,1,1,1,1,712,715,17:32,17:35,3,0,0.0,2,8.534,136.61,145.144,0,B2430,delivery_service,Delivery,Delivery
15,5,Pickup,1,1,1,1,715,718,17:35,17:38,3,0,0.0,2,8.534,145.144,153.678,2,B2591,pickup_service,Pickup,Pickup
15,6,Stay,1,1,1,1,718,723,17:38,17:43,5,0,0.0,5,6.322,153.678,160.0,2,B2591,parking_charging,Position,Movement
15,7,Movement,1,7,1,7,723,730,17:43,17:50,7,7,21.03,0,0.0,160.0,138.97,2,B2591,passenger_flight,Position,Delivery
15,8,Delivery,7,7,7,7,730,733,17:50,17:53,3,0,0.0,2,8.534,138.97,147.504,0,B2591,delivery_service,Delivery,Delivery
15,9,Pickup,7,7,7,7,733,736,17:53,17:56,3,0,0.0,2,8.534,147.504,156.038,2,B2748,pickup_service,Pickup,Pickup
15,10,Movement,7,4,7,4,736,743,17:56,18:03,7,7,21.43,0,0.0,156.038,134.608,2,B2748,passenger_flight,Position,Delivery
15,11,Delivery,4,4,4,4,743,746,18:03,18:06,3,0,0.0,2,8.534,134.608,143.142,0,B2748,delivery_service,Delivery,Delivery
15,12,Movement,4,6,4,6,746,753,18:06,18:13,7,7,22.06,0,0.0,143.142,121.082,0,,return_to_depot,Position,Depot
16,0,Stay,7,7,7,7,0,680,05:40,17:00,680,0,0.0,680,0.0,160.0,160.0,0,B2211,parking_charging,Position,Pickup
16,1,Pickup,7,7,7,7,680,683,17:00,17:03,3,0,0.0,2,0.0,160.0,160.0,1,B2211,pickup_service,Pickup,Pickup
16,2,Pickup,7,7,7,7,683,686,17:03,17:06,3,0,0.0,2,0.0,160.0,160.0,4,B2278,pickup_service,Pickup,Pickup
16,3,Movement,7,4,7,4,686,693,17:06,17:13,7,7,21.43,0,0.0,160.0,138.57,4,B2211,passenger_flight,Position,Delivery
16,4,Delivery,4,4,4,4,693,696,17:13,17:16,3,0,0.0,2,8.534,138.57,147.104,3,B2211,delivery_service,Delivery,Delivery
16,5,Delivery,4,4,4,4,696,699,17:16,17:19,3,0,0.0,2,8.534,147.104,155.638,0,B2278,delivery_service,Delivery,Delivery
16,6,Stay,4,4,4,4,699,700,17:19,17:20,1,0,0.0,1,4.267,155.638,159.905,0,B2522,parking_charging,Position,Movement
16,7,Movement,4,7,4,7,700,707,17:20,17:27,7,7,21.43,0,0.0,159.905,138.475,0,B2522,empty_repositioning,Position,Pickup
16,8,Pickup,7,7,7,7,707,710,17:27,17:30,3,0,0.0,2,8.534,138.475,147.009,1,B2522,pickup_service,Pickup,Pickup
16,9,Movement,7,4,7,4,710,717,17:30,17:37,7,7,21.43,0,0.0,147.009,125.579,1,B2522,passenger_flight,Position,Delivery
16,10,Delivery,4,4,4,4,717,720,17:37,17:40,3,0,0.0,2,8.534,125.579,134.113,0,B2522,delivery_service,Delivery,Delivery
16,11,Stay,4,4,4,4,720,721,17:40,17:41,1,0,0.0,1,4.267,134.113,138.38,0,B2715,parking_charging,Position,Pickup
16,12,Pickup,4,4,4,4,721,724,17:41,17:44,3,0,0.0,2,8.534,138.38,146.914,3,B2715,pickup_service,Pickup,Pickup
16,13,Movement,4,2,4,2,724,730,17:44,17:50,6,6,16.13,0,0.0,146.914,130.784,3,B2715,passenger_flight,Position,Delivery
16,14,Delivery,2,2,2,2,730,733,17:50,17:53,3,0,0.0,2,8.534,130.784,139.318,0,B2715,delivery_service,Delivery,Delivery
16,15,Pickup,2,2,2,2,733,736,17:53,17:56,3,0,0.0,2,8.534,139.318,147.852,2,B2803,pickup_service,Pickup,Pickup
16,16,Pickup,2,2,2,2,736,739,17:56,17:59,3,0,0.0,2,8.534,147.852,156.386,4,B2766,pickup_service,Pickup,Pickup
16,17,Movement,2,1,2,1,739,746,17:59,18:06,7,7,13.61,0,0.0,156.386,142.776,4,B2766,passenger_flight,Position,Delivery
16,18,Delivery,1,1,1,1,746,749,18:06,18:09,3,0,0.0,2,8.534,142.776,151.31,2,B2766,delivery_service,Delivery,Delivery
16,19,Delivery,1,1,1,1,749,752,18:09,18:12,3,0,0.0,2,8.534,151.31,159.844,0,B2803,delivery_service,Delivery,Delivery
16,20,Stay,1,1,1,1,752,800,18:12,19:00,48,0,0.0,48,0.156,159.844,160.0,0,B3267,parking_charging,Position,Pickup
16,21,Pickup,1,1,1,1,800,803,19:00,19:03,3,0,0.0,2,0.0,160.0,160.0,1,B3267,pickup_service,Pickup,Pickup
16,22,Pickup,1,1,1,1,803,806,19:03,19:06,3,0,0.0,2,0.0,160.0,160.0,2,B3262,pickup_service,Pickup,Pickup
16,23,Movement,1,7,1,7,806,813,19:06,19:13,7,7,21.03,0,0.0,160.0,138.97,2,B3267,passenger_flight,Position,Delivery
16,24,Delivery,7,7,7,7,813,816,19:13,19:16,3,0,0.0,2,8.534,138.97,147.504,1,B3267,delivery_service,Delivery,Delivery
16,25,Delivery,7,7,7,7,816,819,19:16,19:19,3,0,0.0,2,8.534,147.504,156.038,0,B3262,delivery_service,Delivery,Delivery
17,0,Stay,8,8,8,8,0,702,05:40,17:22,702,0,0.0,702,0.0,160.0,160.0,0,B2511,parking_charging,Position,Pickup
17,1,Pickup,8,8,8,8,702,705,17:22,17:25,3,0,0.0,2,0.0,160.0,160.0,1,B2511,pickup_service,Pickup,Pickup
17,2,Stay,8,8,8,8,705,712,17:25,17:32,7,0,0.0,7,0.0,160.0,160.0,1,B2625,parking_charging,Position,Pickup
17,3,Pickup,8,8,8,8,712,715,17:32,17:35,3,0,0.0,2,0.0,160.0,160.0,2,B2625,pickup_service,Pickup,Pickup
17,4,Movement,8,3,8,3,715,725,17:35,17:45,10,10,35.17,0,0.0,160.0,124.83,2,B2511,passenger_flight,Position,Delivery
17,5,Delivery,3,3,3,3,725,728,17:45,17:48,3,0,0.0,2,8.534,124.83,133.364,1,B2511,delivery_service,Delivery,Delivery
17,6,Stay,3,3,3,3,728,731,17:48,17:51,3,0,0.0,3,12.801,133.364,146.165,1,B2625,parking_charging,Position,Delivery
17,7,Delivery,3,3,3,3,731,734,17:51,17:54,3,0,0.0,2,8.534,146.165,154.699,0,B2625,delivery_service,Delivery,Delivery
17,8,Stay,3,3,3,3,734,737,17:54,17:57,3,0,0.0,3,5.301,154.699,160.0,0,B2894,parking_charging,Position,Pickup
17,9,Pickup,3,3,3,3,737,740,17:57,18:00,3,0,0.0,2,0.0,160.0,160.0,4,B2894,pickup_service,Pickup,Pickup
17,10,Movement,3,5,3,5,740,748,18:00,18:08,8,8,23.93,0,0.0,160.0,136.07,4,B2894,passenger_flight,Position,Delivery
17,11,Delivery,5,5,5,5,748,751,18:08,18:11,3,0,0.0,2,8.534,136.07,144.604,0,B2894,delivery_service,Delivery,Delivery
17,12,Movement,5,8,5,8,751,765,18:11,18:25,14,14,47.79,0,0.0,144.604,96.814,0,,return_to_depot,Position,Depot
18,0,Stay,9,9,9,9,0,690,05:40,17:10,690,0,0.0,690,0.0,160.0,160.0,0,B2377,parking_charging,Position,Pickup
18,1,Pickup,9,9,9,9,690,693,17:10,17:13,3,0,0.0,2,0.0,160.0,160.0,4,B2377,pickup_service,Pickup,Pickup
18,2,Movement,9,4,9,4,693,708,17:13,17:28,15,15,55.47,0,0.0,160.0,104.53,4,B2377,passenger_flight,Position,Delivery
18,3,Delivery,4,4,4,4,708,711,17:28,17:31,3,0,0.0,2,8.534,104.53,113.064,0,B2377,delivery_service,Delivery,Delivery
18,4,Pickup,4,4,4,4,711,714,17:31,17:34,3,0,0.0,2,8.534,113.064,121.598,2,B2569,pickup_service,Pickup,Pickup
18,5,Pickup,4,4,4,4,714,717,17:34,17:37,3,0,0.0,2,8.534,121.598,130.132,4,B2559,pickup_service,Pickup,Pickup
18,6,Movement,4,3,4,3,717,724,17:37,17:44,7,7,12.6,0,0.0,130.132,117.532,4,B2569,passenger_flight,Position,Delivery
18,7,Delivery,3,3,3,3,724,727,17:44,17:47,3,0,0.0,2,8.534,117.532,126.066,2,B2569,delivery_service,Delivery,Delivery
18,8,Delivery,3,3,3,3,727,730,17:47,17:50,3,0,0.0,2,8.534,126.066,134.6,0,B2559,delivery_service,Delivery,Delivery
18,9,Pickup,3,3,3,3,730,733,17:50,17:53,3,0,0.0,2,8.534,134.6,143.134,1,B2726,pickup_service,Pickup,Pickup
18,10,Pickup,3,3,3,3,733,736,17:53,17:56,3,0,0.0,2,8.534,143.134,151.668,4,B2825,pickup_service,Pickup,Pickup
18,11,Movement,3,4,3,4,736,743,17:56,18:03,7,7,12.6,0,0.0,151.668,139.068,4,B2726,passenger_flight,Position,Delivery
18,12,Delivery,4,4,4,4,743,746,18:03,18:06,3,0,0.0,2,8.534,139.068,147.602,3,B2726,delivery_service,Delivery,Delivery
18,13,Stay,4,4,4,4,746,749,18:06,18:09,3,0,0.0,3,12.398,147.602,160.0,3,B2825,parking_charging,Position,Delivery
18,14,Delivery,4,4,4,4,749,752,18:09,18:12,3,0,0.0,2,0.0,160.0,160.0,0,B2825,delivery_service,Delivery,Delivery
18,15,Movement,4,9,4,9,752,767,18:12,18:27,15,15,55.47,0,0.0,160.0,104.53,0,,return_to_depot,Position,Depot
19,0,Stay,10,10,10,10,0,80,05:40,07:00,80,0,0.0,80,0.0,160.0,160.0,0,B44,parking_charging,Position,Pickup
19,1,Pickup,10,10,10,10,80,83,07:00,07:03,3,0,0.0,2,0.0,160.0,160.0,2,B44,pickup_service,Pickup,Pickup
19,2,Movement,10,4,10,4,83,95,07:03,07:15,12,12,42.86,0,0.0,160.0,117.14,2,B44,passenger_flight,Position,Delivery
19,3,Delivery,4,4,4,4,95,98,07:15,07:18,3,0,0.0,2,8.534,117.14,125.674,0,B44,delivery_service,Delivery,Delivery
19,4,Stay,4,4,4,4,98,680,07:18,17:00,582,0,0.0,582,34.326,125.674,160.0,0,B2256,parking_charging,Position,Pickup
19,5,Pickup,4,4,4,4,680,683,17:00,17:03,3,0,0.0,2,0.0,160.0,160.0,1,B2256,pickup_service,Pickup,Pickup
19,6,Stay,4,4,4,4,683,686,17:03,17:06,3,0,0.0,3,0.0,160.0,160.0,1,B2327,parking_charging,Position,Pickup
19,7,Pickup,4,4,4,4,686,689,17:06,17:09,3,0,0.0,2,0.0,160.0,160.0,4,B2327,pickup_service,Pickup,Pickup
19,8,Movement,4,2,4,2,689,695,17:09,17:15,6,6,16.13,0,0.0,160.0,143.87,4,B2256,passenger_flight,Position,Delivery
19,9,Delivery,2,2,2,2,695,698,17:15,17:18,3,0,0.0,2,8.534,143.87,152.404,3,B2256,delivery_service,Delivery,Delivery
19,10,Delivery,2,2,2,2,698,701,17:18,17:21,3,0,0.0,2,7.596,152.404,160.0,0,B2327,delivery_service,Delivery,Delivery
19,11,Pickup,2,2,2,2,701,704,17:21,17:24,3,0,0.0,2,0.0,160.0,160.0,1,B2411,pickup_service,Pickup,Pickup
19,12,Movement,2,4,2,4,704,710,17:24,17:30,6,6,16.13,0,0.0,160.0,143.87,1,B2411,passenger_flight,Position,Delivery
19,13,Delivery,4,4,4,4,710,713,17:30,17:33,3,0,0.0,2,8.534,143.87,152.404,0,B2411,delivery_service,Delivery,Delivery
19,14,Stay,4,4,4,4,713,720,17:33,17:40,7,0,0.0,7,7.596,152.404,160.0,0,B2650,parking_charging,Position,Pickup
19,15,Pickup,4,4,4,4,720,723,17:40,17:43,3,0,0.0,2,0.0,160.0,160.0,1,B2650,pickup_service,Pickup,Pickup
19,16,Stay,4,4,4,4,723,725,17:43,17:45,2,0,0.0,2,0.0,160.0,160.0,1,B2759,parking_charging,Position,Pickup
19,17,Pickup,4,4,4,4,725,728,17:45,17:48,3,0,0.0,2,0.0,160.0,160.0,4,B2759,pickup_service,Pickup,Pickup
19,18,Movement,4,7,4,7,728,735,17:48,17:55,7,7,21.43,0,0.0,160.0,138.57,4,B2650,passenger_flight,Position,Delivery
19,19,Delivery,7,7,7,7,735,738,17:55,17:58,3,0,0.0,2,8.534,138.57,147.104,3,B2650,delivery_service,Delivery,Delivery
19,20,Pickup,7,7,7,7,738,741,17:58,18:01,3,0,0.0,2,8.534,147.104,155.638,4,B2833,pickup_service,Pickup,Pickup
19,21,Delivery,7,7,7,7,741,744,18:01,18:04,3,0,0.0,2,4.362,155.638,160.0,1,B2759,delivery_service,Delivery,Delivery
19,22,Movement,7,1,7,1,744,751,18:04,18:11,7,7,21.03,0,0.0,160.0,138.97,1,B2833,passenger_flight,Position,Delivery
19,23,Delivery,1,1,1,1,751,754,18:11,18:14,3,0,0.0,2,8.534,138.97,147.504,0,B2833,delivery_service,Delivery,Delivery
19,24,Movement,1,10,1,10,754,767,18:14,18:27,13,13,47.44,0,0.0,147.504,100.064,0,,return_to_depot,Position,Depot
20,0,Stay,1,1,1,1,0,684,05:40,17:04,684,0,0.0,684,0.0,160.0,160.0,0,B2304,parking_charging,Position,Pickup
20,1,Pickup,1,1,1,1,684,687,17:04,17:07,3,0,0.0,2,0.0,160.0,160.0,2,B2304,pickup_service,Pickup,Pickup
20,2,Pickup,1,1,1,1,687,690,17:07,17:10,3,0,0.0,2,0.0,160.0,160.0,4,B2292,pickup_service,Pickup,Pickup
20,3,Movement,1,3,1,3,690,696,17:10,17:16,6,6,9.61,0,0.0,160.0,150.39,4,B2304,passenger_flight,Position,Delivery
20,4,Delivery,3,3,3,3,696,699,17:16,17:19,3,0,0.0,2,8.534,150.39,158.924,2,B2304,delivery_service,Delivery,Delivery
20,5,Delivery,3,3,3,3,699,702,17:19,17:22,3,0,0.0,2,1.076,158.924,160.0,0,B2292,delivery_service,Delivery,Delivery
20,6,Pickup,3,3,3,3,702,705,17:22,17:25,3,0,0.0,2,0.0,160.0,160.0,2,B2367,pickup_service,Pickup,Pickup
20,7,Movement,3,5,3,5,705,713,17:25,17:33,8,8,23.93,0,0.0,160.0,136.07,2,B2367,passenger_flight,Position,Delivery
20,8,Delivery,5,5,5,5,713,716,17:33,17:36,3,0,0.0,2,8.534,136.07,144.604,0,B2367,delivery_service,Delivery,Delivery
20,9,Pickup,5,5,5,5,716,719,17:36,17:39,3,0,0.0,2,8.534,144.604,153.138,1,B2570,pickup_service,Pickup,Pickup
20,10,Movement,5,3,5,3,719,727,17:39,17:47,8,8,23.93,0,0.0,153.138,129.208,1,B2570,passenger_flight,Position,Delivery
20,11,Delivery,3,3,3,3,727,730,17:47,17:50,3,0,0.0,2,8.534,129.208,137.742,0,B2570,delivery_service,Delivery,Delivery
20,12,Pickup,3,3,3,3,730,733,17:50,17:53,3,0,0.0,2,8.534,137.742,146.276,1,B2806,pickup_service,Pickup,Pickup
20,13,Stay,3,3,3,3,733,738,17:53,17:58,5,0,0.0,5,13.724,146.276,160.0,1,B2902,parking_charging,Position,Pickup
20,14,Pickup,3,3,3,3,738,741,17:58,18:01,3,0,0.0,2,0.0,160.0,160.0,4,B2902,pickup_service,Pickup,Pickup
20,15,Movement,3,4,3,4,741,748,18:01,18:08,7,7,12.6,0,0.0,160.0,147.4,4,B2806,passenger_flight,Position,Delivery
20,16,Delivery,4,4,4,4,748,751,18:08,18:11,3,0,0.0,2,8.534,147.4,155.934,3,B2806,delivery_service,Delivery,Delivery
20,17,Delivery,4,4,4,4,751,754,18:11,18:14,3,0,0.0,2,4.066,155.934,160.0,0,B2902,delivery_service,Delivery,Delivery
20,18,Stay,4,4,4,4,754,800,18:14,19:00,46,0,0.0,46,0.0,160.0,160.0,0,B3269,parking_charging,Position,Pickup
20,19,Pickup,4,4,4,4,800,803,19:00,19:03,3,0,0.0,2,0.0,160.0,160.0,1,B3269,pickup_service,Pickup,Pickup
20,20,Pickup,4,4,4,4,803,806,19:03,19:06,3,0,0.0,2,0.0,160.0,160.0,3,B3255,pickup_service,Pickup,Pickup
20,21,Movement,4,3,4,3,806,813,19:06,19:13,7,7,12.6,0,0.0,160.0,147.4,3,B3255,passenger_flight,Position,Delivery
20,22,Delivery,3,3,3,3,813,816,19:13,19:16,3,0,0.0,2,8.534,147.4,155.934,1,B3255,delivery_service,Delivery,Delivery
20,23,Delivery,3,3,3,3,816,819,19:16,19:19,3,0,0.0,2,4.066,155.934,160.0,0,B3269,delivery_service,Delivery,Delivery
20,24,Movement,3,1,3,1,819,825,19:19,19:25,6,6,9.61,0,0.0,160.0,150.39,0,,return_to_depot,Position,Depot
21,0,Stay,2,2,2,2,0,680,05:40,17:00,680,0,0.0,680,0.0,160.0,160.0,0,B2217,parking_charging,Position,Pickup
21,1,Pickup,2,2,2,2,680,683,17:00,17:03,3,0,0.0,2,0.0,160.0,160.0,1,B2217,pickup_service,Pickup,Pickup
21,2,Pickup,2,2,2,2,683,686,17:03,17:06,3,0,0.0,2,0.0,160.0,160.0,4,B2224,pickup_service,Pickup,Pickup
21,3,Movement,2,5,2,5,686,694,17:06,17:14,8,8,27.57,0,0.0,160.0,132.43,4,B2217,passenger_flight,Position,Delivery
21,4,Delivery,5,5,5,5,694,697,17:14,17:17,3,0,0.0,2,8.534,132.43,140.964,3,B2217,delivery_service,Delivery,Delivery
21,5,Delivery,5,5,5,5,697,700,17:17,17:20,3,0,0.0,2,8.534,140.964,149.498,0,B2224,delivery_service,Delivery,Delivery
21,6,Movement,5,3,5,3,700,708,17:20,17:28,8,8,23.93,0,0.0,149.498,125.568,0,B2467,empty_repositioning,Position,Pickup
21,7,Pickup,3,3,3,3,708,711,17:28,17:31,3,0,0.0,2,8.534,125.568,134.102,2,B2467,pickup_service,Pickup,Pickup
21,8,Movement,3,5,3,5,711,719,17:31,17:39,8,8,23.93,0,0.0,134.102,110.172,2,B2467,passenger_flight,Position,Delivery
21,9,Delivery,5,5,5,5,719,722,17:39,17:42,3,0,0.0,2,8.534,110.172,118.706,0,B2467,delivery_service,Delivery,Delivery
21,10,Stay,5,5,5,5,722,731,17:42,17:51,9,0,0.0,9,38.403,118.706,157.109,0,B2830,parking_charging,Position,Pickup
21,11,Pickup,5,5,5,5,731,734,17:51,17:54,3,0,0.0,2,2.891,157.109,160.0,1,B2830,pickup_service,Pickup,Pickup
21,12,Stay,5,5,5,5,734,737,17:54,17:57,3,0,0.0,3,0.0,160.0,160.0,1,B2830,parking_charging,Position,Movement
21,13,Movement,5,1,5,1,737,745,17:57,18:05,8,8,14.88,0,0.0,160.0,145.12,1,B2830,passenger_flight,Position,Delivery
21,14,Delivery,1,1,1,1,745,748,18:05,18:08,3,0,0.0,2,8.534,145.12,153.654,0,B2830,delivery_service,Delivery,Delivery
21,15,Stay,1,1,1,1,748,800,18:08,19:00,52,0,0.0,52,6.346,153.654,160.0,0,B3240,parking_charging,Position,Pickup
21,16,Pickup,1,1,1,1,800,803,19:00,19:03,3,0,0.0,2,0.0,160.0,160.0,2,B3240,pickup_service,Pickup,Pickup
21,17,Movement,1,2,1,2,803,810,19:03,19:10,7,7,13.61,0,0.0,160.0,146.39,2,B3240,passenger_flight,Position,Delivery
21,18,Delivery,2,2,2,2,810,813,19:10,19:13,3,0,0.0,2,8.534,146.39,154.924,0,B3240,delivery_service,Delivery,Delivery
22,0,Stay,3,3,3,3,0,696,05:40,17:16,696,0,0.0,696,0.0,160.0,160.0,0,B2445,parking_charging,Position,Pickup
22,1,Pickup,3,3,3,3,696,699,17:16,17:19,3,0,0.0,2,0.0,160.0,160.0,1,B2445,pickup_service,Pickup,Pickup
22,2,Stay,3,3,3,3,699,709,17:19,17:29,10,0,0.0,10,0.0,160.0,160.0,1,B2445,parking_charging,Position,Movement
22,3,Movement,3,4,3,4,709,716,17:29,17:36,7,7,12.6,0,0.0,160.0,147.4,1,B2445,passenger_flight,Position,Delivery
22,4,Delivery,4,4,4,4,716,719,17:36,17:39,3,0,0.0,2,8.534,147.4,155.934,0,B2445,delivery_service,Delivery,Delivery
22,5,Stay,4,4,4,4,719,720,17:39,17:40,1,0,0.0,1,4.066,155.934,160.0,0,B2688,parking_charging,Position,Movement
22,6,Movement,4,2,4,2,720,726,17:40,17:46,6,6,16.13,0,0.0,160.0,143.87,0,B2688,empty_repositioning,Position,Pickup
22,7,Pickup,2,2,2,2,726,729,17:46,17:49,3,0,0.0,2,8.534,143.87,152.404,1,B2688,pickup_service,Pickup,Pickup
22,8,Movement,2,4,2,4,729,735,17:49,17:55,6,6,16.13,0,0.0,152.404,136.274,1,B2688,passenger_flight,Position,Delivery
22,9,Delivery,4,4,4,4,735,738,17:55,17:58,3,0,0.0,2,8.534,136.274,144.808,0,B2688,delivery_service,Delivery,Delivery
22,10,Pickup,4,4,4,4,738,741,17:58,18:01,3,0,0.0,2,8.534,144.808,153.342,1,B2828,pickup_service,Pickup,Pickup
22,11,Stay,4,4,4,4,741,744,18:01,18:04,3,0,0.0,3,6.658,153.342,160.0,1,B2828,parking_charging,Position,Movement
22,12,Movement,4,3,4,3,744,751,18:04,18:11,7,7,12.6,0,0.0,160.0,147.4,1,B2828,passenger_flight,Position,Delivery
22,13,Delivery,3,3,3,3,751,754,18:11,18:14,3,0,0.0,2,8.534,147.4,155.934,0,B2828,delivery_service,Delivery,Delivery
23,0,Stay,4,4,4,4,0,682,05:40,17:02,682,0,0.0,682,0.0,160.0,160.0,0,B2287,parking_charging,Position,Pickup
23,1,Pickup,4,4,4,4,682,685,17:02,17:05,3,0,0.0,2,0.0,160.0,160.0,1,B2287,pickup_service,Pickup,Pickup
23,2,Stay,4,4,4,4,685,692,17:05,17:12,7,0,0.0,7,0.0,160.0,160.0,1,B2401,parking_charging,Position,Pickup
23,3,Pickup,4,4,4,4,692,695,17:12,17:15,3,0,0.0,2,0.0,160.0,160.0,4,B2401,pickup_service,Pickup,Pickup
23,4,Movement,4,2,4,2,695,701,17:15,17:21,6,6,16.13,0,0.0,160.0,143.87,4,B2287,passenger_flight,Position,Delivery
23,5,Delivery,2,2,2,2,701,704,17:21,17:24,3,0,0.0,2,8.534,143.87,152.404,3,B2287,delivery_service,Delivery,Delivery
23,6,Stay,2,2,2,2,704,707,17:24,17:27,3,0,0.0,3,7.596,152.404,160.0,3,B2401,parking_charging,Position,Delivery
23,7,Delivery,2,2,2,2,707,710,17:27,17:30,3,0,0.0,2,0.0,160.0,160.0,0,B2401,delivery_service,Delivery,Delivery
23,8,Pickup,2,2,2,2,710,713,17:30,17:33,3,0,0.0,2,0.0,160.0,160.0,1,B2525,pickup_service,Pickup,Pickup
23,9,Pickup,2,2,2,2,713,716,17:33,17:36,3,0,0.0,2,0.0,160.0,160.0,4,B2544,pickup_service,Pickup,Pickup
23,10,Movement,2,4,2,4,716,722,17:36,17:42,6,6,16.13,0,0.0,160.0,143.87,4,B2525,passenger_flight,Position,Delivery
23,11,Delivery,4,4,4,4,722,725,17:42,17:45,3,0,0.0,2,8.534,143.87,152.404,3,B2525,delivery_service,Delivery,Delivery
23,12,Delivery,4,4,4,4,725,728,17:45,17:48,3,0,0.0,2,7.596,152.404,160.0,0,B2544,delivery_service,Delivery,Delivery
23,13,Stay,4,4,4,4,728,731,17:48,17:51,3,0,0.0,3,0.0,160.0,160.0,0,B2827,parking_charging,Position,Pickup
23,14,Pickup,4,4,4,4,731,734,17:51,17:54,3,0,0.0,2,0.0,160.0,160.0,2,B2827,pickup_service,Pickup,Pickup
23,15,Pickup,4,4,4,4,734,737,17:54,17:57,3,0,0.0,2,0.0,160.0,160.0,4,B2758,pickup_service,Pickup,Pickup
23,16,Movement,4,2,4,2,737,743,17:57,18:03,6,6,16.13,0,0.0,160.0,143.87,4,B2758,passenger_flight,Position,Delivery
23,17,Delivery,2,2,2,2,743,746,18:03,18:06,3,0,0.0,2,8.534,143.87,152.404,2,B2758,delivery_service,Delivery,Delivery
23,18,Stay,2,2,2,2,746,749,18:06,18:09,3,0,0.0,3,7.596,152.404,160.0,2,B2827,parking_charging,Position,Delivery
23,19,Delivery,2,2,2,2,749,752,18:09,18:12,3,0,0.0,2,0.0,160.0,160.0,0,B2827,delivery_service,Delivery,Delivery
23,20,Stay,2,2,2,2,752,800,18:12,19:00,48,0,0.0,48,0.0,160.0,160.0,0,B3231,parking_charging,Position,Pickup
23,21,Pickup,2,2,2,2,800,803,19:00,19:03,3,0,0.0,2,0.0,160.0,160.0,2,B3231,pickup_service,Pickup,Pickup
23,22,Movement,2,5,2,5,803,811,19:03,19:11,8,8,27.57,0,0.0,160.0,132.43,2,B3231,passenger_flight,Position,Delivery
23,23,Delivery,5,5,5,5,811,814,19:11,19:14,3,0,0.0,2,8.534,132.43,140.964,0,B3231,delivery_service,Delivery,Delivery
23,24,Movement,5,4,5,4,814,820,19:14,19:20,6,6,11.45,0,0.0,140.964,129.514,0,,return_to_depot,Position,Depot
24,0,Stay,5,5,5,5,0,121,05:40,07:41,121,0,0.0,121,0.0,160.0,160.0,0,B110,parking_charging,Position,Movement
24,1,Movement,5,2,5,2,121,129,07:41,07:49,8,8,27.57,0,0.0,160.0,132.43,0,B110,empty_repositioning,Position,Pickup
24,2,Pickup,2,2,2,2,129,132,07:49,07:52,3,0,0.0,2,8.534,132.43,140.964,1,B110,pickup_service,Pickup,Pickup
24,3,Movement,2,4,2,4,132,138,07:52,07:58,6,6,16.13,0,0.0,140.964,124.834,1,B110,passenger_flight,Position,Delivery
24,4,Delivery,4,4,4,4,138,141,07:58,08:01,3,0,0.0,2,8.534,124.834,133.368,0,B110,delivery_service,Delivery,Delivery
24,5,Stay,4,4,4,4,141,696,08:01,17:16,555,0,0.0,555,26.632,133.368,160.0,0,B2447,parking_charging,Position,Pickup
24,6,Pickup,4,4,4,4,696,699,17:16,17:19,3,0,0.0,2,0.0,160.0,160.0,1,B2447,pickup_service,Pickup,Pickup
24,7,Stay,4,4,4,4,699,709,17:19,17:29,10,0,0.0,10,0.0,160.0,160.0,1,B2447,parking_charging,Position,Movement
24,8,Movement,4,2,4,2,709,715,17:29,17:35,6,6,16.13,0,0.0,160.0,143.87,1,B2447,passenger_flight,Position,Delivery
24,9,Delivery,2,2,2,2,715,718,17:35,17:38,3,0,0.0,2,8.534,143.87,152.404,0,B2447,delivery_service,Delivery,Delivery
24,10,Pickup,2,2,2,2,718,721,17:38,17:41,3,0,0.0,2,7.596,152.404,160.0,3,B2552,pickup_service,Pickup,Pickup
24,11,Movement,2,1,2,1,721,728,17:41,17:48,7,7,13.61,0,0.0,160.0,146.39,3,B2552,passenger_flight,Position,Delivery
24,12,Delivery,1,1,1,1,728,731,17:48,17:51,3,0,0.0,2,8.534,146.39,154.924,0,B2552,delivery_service,Delivery,Delivery
24,13,Movement,1,5,1,5,731,739,17:51,17:59,8,8,14.88,0,0.0,154.924,140.044,0,,return_to_depot,Position,Depot
25,0,Stay,6,6,6,6,0,123,05:40,07:43,123,0,0.0,123,0.0,160.0,160.0,0,B101,parking_charging,Position,Pickup
25,1,Pickup,6,6,6,6,123,126,07:43,07:46,3,0,0.0,2,0.0,160.0,160.0,2,B101,pickup_service,Pickup,Pickup
25,2,Movement,6,1,6,1,126,133,07:46,07:53,7,7,23.39,0,0.0,160.0,136.61,2,B101,passenger_flight,Position,Delivery
25,3,Delivery,1,1,1,1,133,136,07:53,07:56,3,0,0.0,2,8.534,136.61,145.144,0,B101,delivery_service,Delivery,Delivery
25,4,Stay,1,1,1,1,136,692,07:56,17:12,556,0,0.0,556,14.856,145.144,160.0,0,B2394,parking_charging,Position,Pickup
25,5,Pickup,1,1,1,1,692,695,17:12,17:15,3,0,0.0,2,0.0,160.0,160.0,2,B2394,pickup_service,Pickup,Pickup
25,6,Pickup,1,1,1,1,695,698,17:15,17:18,3,0,0.0,2,0.0,160.0,160.0,4,B2353,pickup_service,Pickup,Pickup
25,7,Movement,1,3,1,3,698,704,17:18,17:24,6,6,9.61,0,0.0,160.0,150.39,4,B2353,passenger_flight,Position,Delivery
25,8,Delivery,3,3,3,3,704,707,17:24,17:27,3,0,0.0,2,8.534,150.39,158.924,2,B2353,delivery_service,Delivery,Delivery
25,9,Movement,3,2,3,2,707,710,17:27,17:30,3,3,4.08,0,0.0,158.924,154.844,2,B2394,passenger_flight,Position,Delivery
25,10,Delivery,2,2,2,2,710,713,17:30,17:33,3,0,0.0,2,5.156,154.844,160.0,0,B2394,delivery_service,Delivery,Delivery
25,11,Stay,2,2,2,2,713,718,17:33,17:38,5,0,0.0,5,0.0,160.0,160.0,0,B2679,parking_charging,Position,Pickup
25,12,Pickup,2,2,2,2,718,721,17:38,17:41,3,0,0.0,2,0.0,160.0,160.0,1,B2679,pickup_service,Pickup,Pickup
25,13,Stay,2,2,2,2,721,730,17:41,17:50,9,0,0.0,9,0.0,160.0,160.0,1,B2679,parking_charging,Position,Movement
25,14,Movement,2,4,2,4,730,736,17:50,17:56,6,6,16.13,0,0.0,160.0,143.87,1,B2679,passenger_flight,Position,Delivery
25,15,Delivery,4,4,4,4,736,739,17:56,17:59,3,0,0.0,2,8.534,143.87,152.404,0,B2679,delivery_service,Delivery,Delivery
25,16,Movement,4,6,4,6,739,746,17:59,18:06,7,7,22.06,0,0.0,152.404,130.344,0,,return_to_depot,Position,Depot
26,0,Stay,7,7,7,7,0,692,05:40,17:12,692,0,0.0,692,0.0,160.0,160.0,0,B2404,parking_charging,Position,Pickup
26,1,Pickup,7,7,7,7,692,695,17:12,17:15,3,0,0.0,2,0.0,160.0,160.0,1,B2404,pickup_service,Pickup,Pickup
26,2,Stay,7,7,7,7,695,704,17:15,17:24,9,0,0.0,9,0.0,160.0,160.0,1,B2404,parking_charging,Position,Movement
26,3,Movement,7,4,7,4,704,711,17:24,17:31,7,7,21.43,0,0.0,160.0,138.57,1,B2404,passenger_flight,Position,Delivery
26,4,Delivery,4,4,4,4,711,714,17:31,17:34,3,0,0.0,2,8.534,138.57,147.104,0,B2404,delivery_service,Delivery,Delivery
26,5,Pickup,4,4,4,4,714,717,17:34,17:37,3,0,0.0,2,8.534,147.104,155.638,2,B2598,pickup_service,Pickup,Pickup
26,6,Pickup,4,4,4,4,717,720,17:37,17:40,3,0,0.0,2,4.362,155.638,160.0,4,B2584,pickup_service,Pickup,Pickup
26,7,Movement,4,7,4,7,720,727,17:40,17:47,7,7,21.43,0,0.0,160.0,138.57,4,B2584,passenger_flight,Position,Delivery
26,8,Delivery,7,7,7,7,727,730,17:47,17:50,3,0,0.0,2,8.534,138.57,147.104,2,B2584,delivery_service,Delivery,Delivery
26,9,Delivery,7,7,7,7,730,733,17:50,17:53,3,0,0.0,2,8.534,147.104,155.638,0,B2598,delivery_service,Delivery,Delivery
26,10,Stay,7,7,7,7,733,734,17:53,17:54,1,0,0.0,1,4.267,155.638,159.905,0,B2870,parking_charging,Position,Pickup
26,11,Pickup,7,7,7,7,734,737,17:54,17:57,3,0,0.0,2,0.095,159.905,160.0,2,B2870,pickup_service,Pickup,Pickup
26,12,Pickup,7,7,7,7,737,740,17:57,18:00,3,0,0.0,2,0.0,160.0,160.0,4,B2810,pickup_service,Pickup,Pickup
26,13,Movement,7,4,7,4,740,747,18:00,18:07,7,7,21.43,0,0.0,160.0,138.57,4,B2810,passenger_flight,Position,Delivery
26,14,Delivery,4,4,4,4,747,750,18:07,18:10,3,0,0.0,2,8.534,138.57,147.104,2,B2810,delivery_service,Delivery,Delivery
26,15,Stay,4,4,4,4,750,753,18:10,18:13,3,0,0.0,3,12.801,147.104,159.905,2,B2870,parking_charging,Position,Delivery
26,16,Delivery,4,4,4,4,753,756,18:13,18:16,3,0,0.0,2,0.095,159.905,160.0,0,B2870,delivery_service,Delivery,Delivery
26,17,Stay,4,4,4,4,756,800,18:16,19:00,44,0,0.0,44,0.0,160.0,160.0,0,B3288,parking_charging,Position,Pickup
26,18,Pickup,4,4,4,4,800,803,19:00,19:03,3,0,0.0,2,0.0,160.0,160.0,1,B3288,pickup_service,Pickup,Pickup
26,19,Pickup,4,4,4,4,803,806,19:03,19:06,3,0,0.0,2,0.0,160.0,160.0,2,B3293,pickup_service,Pickup,Pickup
26,20,Movement,4,7,4,7,806,813,19:06,19:13,7,7,21.43,0,0.0,160.0,138.57,2,B3288,passenger_flight,Position,Delivery
26,21,Delivery,7,7,7,7,813,816,19:13,19:16,3,0,0.0,2,8.534,138.57,147.104,1,B3288,delivery_service,Delivery,Delivery
26,22,Delivery,7,7,7,7,816,819,19:16,19:19,3,0,0.0,2,8.534,147.104,155.638,0,B3293,delivery_service,Delivery,Delivery
27,0,Stay,8,8,8,8,0,724,05:40,17:44,724,0,0.0,724,0.0,160.0,160.0,0,B2749,parking_charging,Position,Pickup
27,1,Pickup,8,8,8,8,724,727,17:44,17:47,3,0,0.0,2,0.0,160.0,160.0,1,B2749,pickup_service,Pickup,Pickup
27,2,Pickup,8,8,8,8,727,730,17:47,17:50,3,0,0.0,2,0.0,160.0,160.0,2,B2687,pickup_service,Pickup,Pickup
27,3,Movement,8,3,8,3,730,740,17:50,18:00,10,10,35.17,0,0.0,160.0,124.83,2,B2687,passenger_flight,Position,Delivery
27,4,Delivery,3,3,3,3,740,743,18:00,18:03,3,0,0.0,2,8.534,124.83,133.364,1,B2687,delivery_service,Delivery,Delivery
27,5,Stay,3,3,3,3,743,746,18:03,18:06,3,0,0.0,3,12.801,133.364,146.165,1,B2749,parking_charging,Position,Delivery
27,6,Delivery,3,3,3,3,746,749,18:06,18:09,3,0,0.0,2,8.534,146.165,154.699,0,B2749,delivery_service,Delivery,Delivery
27,7,Movement,3,8,3,8,749,759,18:09,18:19,10,10,35.17,0,0.0,154.699,119.529,0,,return_to_depot,Position,Depot
28,0,Stay,9,9,9,9,0,684,05:40,17:04,684,0,0.0,684,0.0,160.0,160.0,0,B2312,parking_charging,Position,Pickup
28,1,Pickup,9,9,9,9,684,687,17:04,17:07,3,0,0.0,2,0.0,160.0,160.0,2,B2312,pickup_service,Pickup,Pickup
28,2,Stay,9,9,9,9,687,688,17:07,17:08,1,0,0.0,1,0.0,160.0,160.0,2,B2351,parking_charging,Position,Pickup
28,3,Pickup,9,9,9,9,688,691,17:08,17:11,3,0,0.0,2,0.0,160.0,160.0,4,B2351,pickup_service,Pickup,Pickup
28,4,Movement,9,4,9,4,691,706,17:11,17:26,15,15,55.47,0,0.0,160.0,104.53,4,B2312,passenger_flight,Position,Delivery
28,5,Delivery,4,4,4,4,706,709,17:26,17:29,3,0,0.0,2,8.534,104.53,113.064,2,B2312,delivery_service,Delivery,Delivery
28,6,Movement,4,3,4,3,709,716,17:29,17:36,7,7,12.6,0,0.0,113.064,100.464,2,B2351,passenger_flight,Position,Delivery
28,7,Delivery,3,3,3,3,716,719,17:36,17:39,3,0,0.0,2,8.534,100.464,108.998,0,B2351,delivery_service,Delivery,Delivery
28,8,Pickup,3,3,3,3,719,722,17:39,17:42,3,0,0.0,2,8.534,108.998,117.532,4,B2671,pickup_service,Pickup,Pickup
28,9,Movement,3,5,3,5,722,730,17:42,17:50,8,8,23.93,0,0.0,117.532,93.602,4,B2671,passenger_flight,Position,Delivery
28,10,Delivery,5,5,5,5,730,733,17:50,17:53,3,0,0.0,2,8.534,93.602,102.136,0,B2671,delivery_service,Delivery,Delivery
28,11,Movement,5,9,5,9,733,750,17:53,18:10,17,17,62.04,0,0.0,102.136,40.096,0,,return_to_depot,Position,Depot
29,0,Stay,10,10,10,10,0,687,05:40,17:07,687,0,0.0,687,0.0,160.0,160.0,0,B2342,parking_charging,Position,Pickup
29,1,Pickup,10,10,10,10,687,690,17:07,17:10,3,0,0.0,2,0.0,160.0,160.0,2,B2342,pickup_service,Pickup,Pickup
29,2,Pickup,10,10,10,10,690,693,17:10,17:13,3,0,0.0,2,0.0,160.0,160.0,4,B2270,pickup_service,Pickup,Pickup
29,3,Movement,10,4,10,4,693,705,17:13,17:25,12,12,42.86,0,0.0,160.0,117.14,4,B2270,passenger_flight,Position,Delivery
29,4,Delivery,4,4,4,4,705,708,17:25,17:28,3,0,0.0,2,8.534,117.14,125.674,2,B2270,delivery_service,Delivery,Delivery
29,5,Stay,4,4,4,4,708,711,17:28,17:31,3,0,0.0,3,12.801,125.674,138.475,2,B2342,parking_charging,Position,Movement
29,6,Movement,4,3,4,3,711,718,17:31,17:38,7,7,12.6,0,0.0,138.475,125.875,2,B2342,passenger_flight,Position,Delivery
29,7,Delivery,3,3,3,3,718,721,17:38,17:41,3,0,0.0,2,8.534,125.875,134.409,0,B2342,delivery_service,Delivery,Delivery
29,8,Pickup,3,3,3,3,721,724,17:41,17:44,3,0,0.0,2,8.534,134.409,142.943,2,B2680,pickup_service,Pickup,Pickup
29,9,Pickup,3,3,3,3,724,727,17:44,17:47,3,0,0.0,2,8.534,142.943,151.477,4,B2641,pickup_service,Pickup,Pickup
29,10,Movement,3,4,3,4,727,734,17:47,17:54,7,7,12.6,0,0.0,151.477,138.877,4,B2641,passenger_flight,Position,Delivery
29,11,Delivery,4,4,4,4,734,737,17:54,17:57,3,0,0.0,2,8.534,138.877,147.411,2,B2641,delivery_service,Delivery,Delivery
29,12,Delivery,4,4,4,4,737,740,17:57,18:00,3,0,0.0,2,8.534,147.411,155.945,0,B2680,delivery_service,Delivery,Delivery
29,13,Movement,4,10,4,10,740,752,18:00,18:12,12,12,42.86,0,0.0,155.945,113.085,0,,return_to_depot,Position,Depot
30,0,Stay,1,1,1,1,0,680,05:40,17:00,680,0,0.0,680,0.0,160.0,160.0,0,B2240,parking_charging,Position,Pickup
30,1,Pickup,1,1,1,1,680,683,17:00,17:03,3,0,0.0,2,0.0,160.0,160.0,2,B2240,pickup_service,Pickup,Pickup
30,2,Pickup,1,1,1,1,683,686,17:03,17:06,3,0,0.0,2,0.0,160.0,160.0,4,B2247,pickup_service,Pickup,Pickup
30,3,Movement,1,5,1,5,686,694,17:06,17:14,8,8,14.88,0,0.0,160.0,145.12,4,B2240,passenger_flight,Position,Delivery
30,4,Delivery,5,5,5,5,694,697,17:14,17:17,3,0,0.0,2,8.534,145.12,153.654,2,B2240,delivery_service,Delivery,Delivery
30,5,Delivery,5,5,5,5,697,700,17:17,17:20,3,0,0.0,2,6.346,153.654,160.0,0,B2247,delivery_service,Delivery,Delivery
30,6,Movement,5,3,5,3,700,708,17:20,17:28,8,8,23.93,0,0.0,160.0,136.07,0,B2475,empty_repositioning,Position,Pickup
30,7,Pickup,3,3,3,3,708,711,17:28,17:31,3,0,0.0,2,8.534,136.07,144.604,2,B2475,pickup_service,Pickup,Pickup
30,8,Pickup,3,3,3,3,711,714,17:31,17:34,3,0,0.0,2,8.534,144.604,153.138,4,B2608,pickup_service,Pickup,Pickup
30,9,Movement,3,5,3,5,714,722,17:34,17:42,8,8,23.93,0,0.0,153.138,129.208,4,B2475,passenger_flight,Position,Delivery
30,10,Delivery,5,5,5,5,722,725,17:42,17:45,3,0,0.0,2,8.534,129.208,137.742,2,B2475,delivery_service,Delivery,Delivery
30,11,Movement,5,6,5,6,725,732,17:45,17:52,7,7,12.76,0,0.0,137.742,124.982,2,B2608,passenger_flight,Position,Delivery
30,12,Delivery,6,6,6,6,732,735,17:52,17:55,3,0,0.0,2,8.534,124.982,133.516,0,B2608,delivery_service,Delivery,Delivery
30,13,Pickup,6,6,6,6,735,738,17:55,17:58,3,0,0.0,2,8.534,133.516,142.05,3,B2747,pickup_service,Pickup,Pickup
30,14,Movement,6,7,6,7,738,750,17:58,18:10,12,12,43.48,0,0.0,142.05,98.57,3,B2747,passenger_flight,Position,Delivery
30,15,Delivery,7,7,7,7,750,753,18:10,18:13,3,0,0.0,2,8.534,98.57,107.104,0,B2747,delivery_service,Delivery,Delivery
30,16,Movement,7,1,7,1,753,760,18:13,18:20,7,7,21.03,0,0.0,107.104,86.074,0,,return_to_depot,Position,Depot
31,0,Stay,2,2,2,2,0,680,05:40,17:00,680,0,0.0,680,0.0,160.0,160.0,0,B2323,parking_charging,Position,Movement
31,1,Movement,2,1,2,1,680,687,17:00,17:07,7,7,13.61,0,0.0,160.0,146.39,0,B2323,empty_repositioning,Position,Pickup
31,2,Pickup,1,1,1,1,687,690,17:07,17:10,3,0,0.0,2,8.534,146.39,154.924,1,B2323,pickup_service,Pickup,Pickup
31,3,Movement,1,7,1,7,690,697,17:10,17:17,7,7,21.03,0,0.0,154.924,133.894,1,B2323,passenger_flight,Position,Delivery
31,4,Delivery,7,7,7,7,697,700,17:17,17:20,3,0,0.0,2,8.534,133.894,142.428,0,B2323,delivery_service,Delivery,Delivery
31,5,Stay,7,7,7,7,700,702,17:20,17:22,2,0,0.0,2,8.534,142.428,150.962,0,B2510,parking_charging,Position,Pickup
31,6,Pickup,7,7,7,7,702,705,17:22,17:25,3,0,0.0,2,8.534,150.962,159.496,2,B2510,pickup_service,Pickup,Pickup
31,7,Movement,7,3,7,3,705,712,17:25,17:32,7,7,13.33,0,0.0,159.496,146.166,2,B2567,passenger_flight,Position,Pickup
31,8,Pickup,3,3,3,3,712,715,17:32,17:35,3,0,0.0,2,8.534,146.166,154.7,4,B2567,pickup_service,Pickup,Pickup
31,9,Movement,3,4,3,4,715,722,17:35,17:42,7,7,12.6,0,0.0,154.7,142.1,4,B2510,passenger_flight,Position,Delivery
31,10,Delivery,4,4,4,4,722,725,17:42,17:45,3,0,0.0,2,8.534,142.1,150.634,2,B2510,delivery_service,Delivery,Delivery
31,11,Stay,4,4,4,4,725,728,17:45,17:48,3,0,0.0,3,9.366,150.634,160.0,2,B2567,parking_charging,Position,Delivery
31,12,Delivery,4,4,4,4,728,731,17:48,17:51,3,0,0.0,2,0.0,160.0,160.0,0,B2567,delivery_service,Delivery,Delivery
31,13,Pickup,4,4,4,4,731,734,17:51,17:54,3,0,0.0,2,0.0,160.0,160.0,2,B2716,pickup_service,Pickup,Pickup
31,14,Movement,4,3,4,3,734,741,17:54,18:01,7,7,12.6,0,0.0,160.0,147.4,2,B2716,passenger_flight,Position,Delivery
31,15,Delivery,3,3,3,3,741,744,18:01,18:04,3,0,0.0,2,8.534,147.4,155.934,0,B2716,delivery_service,Delivery,Delivery
31,16,Movement,3,2,3,2,744,747,18:04,18:07,3,3,4.08,0,0.0,155.934,151.854,0,,return_to_depot,Position,Depot
32,0,Stay,3,3,3,3,0,686,05:40,17:06,686,0,0.0,686,0.0,160.0,160.0,0,B2325,parking_charging,Position,Pickup
32,1,Pickup,3,3,3,3,686,689,17:06,17:09,3,0,0.0,2,0.0,160.0,160.0,2,B2325,pickup_service,Pickup,Pickup
32,2,Movement,3,1,3,1,689,695,17:09,17:15,6,6,9.61,0,0.0,160.0,150.39,2,B2325,passenger_flight,Position,Delivery
32,3,Delivery,1,1,1,1,695,698,17:15,17:18,3,0,0.0,2,8.534,150.39,158.924,0,B2325,delivery_service,Delivery,Delivery
32,4,Stay,1,1,1,1,698,700,17:18,17:20,2,0,0.0,2,1.076,158.924,160.0,0,B2434,parking_charging,Position,Movement
32,5,Movement,1,3,1,3,700,706,17:20,17:26,6,6,9.61,0,0.0,160.0,150.39,0,B2434,empty_repositioning,Position,Pickup
32,6,Pickup,3,3,3,3,706,709,17:26,17:29,3,0,0.0,2,8.534,150.39,158.924,2,B2434,pickup_service,Pickup,Pickup
32,7,Movement,3,4,3,4,709,716,17:29,17:36,7,7,12.6,0,0.0,158.924,146.324,2,B2434,passenger_flight,Position,Delivery
32,8,Delivery,4,4,4,4,716,719,17:36,17:39,3,0,0.0,2,8.534,146.324,154.858,0,B2434,delivery_service,Delivery,Delivery
32,9,Stay,4,4,4,4,719,728,17:39,17:48,9,0,0.0,9,5.142,154.858,160.0,0,B2796,parking_charging,Position,Pickup
32,10,Pickup,4,4,4,4,728,731,17:48,17:51,3,0,0.0,2,0.0,160.0,160.0,2,B2796,pickup_service,Pickup,Pickup
32,11,Stay,4,4,4,4,731,732,17:51,17:52,1,0,0.0,1,0.0,160.0,160.0,2,B2841,parking_charging,Position,Pickup
32,12,Pickup,4,4,4,4,732,735,17:52,17:55,3,0,0.0,2,0.0,160.0,160.0,4,B2841,pickup_service,Pickup,Pickup
32,13,Movement,4,2,4,2,735,741,17:55,18:01,6,6,16.13,0,0.0,160.0,143.87,4,B2841,passenger_flight,Position,Delivery
32,14,Delivery,2,2,2,2,741,744,18:01,18:04,3,0,0.0,2,8.534,143.87,152.404,2,B2841,delivery_service,Delivery,Delivery
32,15,Movement,2,3,2,3,744,747,18:04,18:07,3,3,4.08,0,0.0,152.404,148.324,2,B2796,passenger_flight,Position,Delivery
32,16,Delivery,3,3,3,3,747,750,18:07,18:10,3,0,0.0,2,8.534,148.324,156.858,0,B2796,delivery_service,Delivery,Delivery
33,0,Stay,4,4,4,4,0,680,05:40,17:00,680,0,0.0,680,0.0,160.0,160.0,0,B2199,parking_charging,Position,Pickup
33,1,Pickup,4,4,4,4,680,683,17:00,17:03,3,0,0.0,2,0.0,160.0,160.0,2,B2199,pickup_service,Pickup,Pickup
33,2,Movement,4,2,4,2,683,689,17:03,17:09,6,6,16.13,0,0.0,160.0,143.87,2,B2199,passenger_flight,Position,Delivery
33,3,Delivery,2,2,2,2,689,692,17:09,17:12,3,0,0.0,2,8.534,143.87,152.404,0,B2199,delivery_service,Delivery,Delivery
33,4,Stay,2,2,2,2,692,706,17:12,17:26,14,0,0.0,14,7.596,152.404,160.0,0,B2543,parking_charging,Position,Pickup
33,5,Pickup,2,2,2,2,706,709,17:26,17:29,3,0,0.0,2,0.0,160.0,160.0,1,B2543,pickup_service,Pickup,Pickup
33,6,Pickup,2,2,2,2,709,712,17:29,17:32,3,0,0.0,2,0.0,160.0,160.0,4,B2481,pickup_service,Pickup,Pickup
33,7,Movement,2,1,2,1,712,719,17:32,17:39,7,7,13.61,0,0.0,160.0,146.39,4,B2481,passenger_flight,Position,Delivery
33,8,Delivery,1,1,1,1,719,722,17:39,17:42,3,0,0.0,2,8.534,146.39,154.924,1,B2481,delivery_service,Delivery,Delivery
33,9,Stay,1,1,1,1,722,725,17:42,17:45,3,0,0.0,3,5.076,154.924,160.0,1,B2543,parking_charging,Position,Delivery
33,10,Delivery,1,1,1,1,725,728,17:45,17:48,3,0,0.0,2,0.0,160.0,160.0,0,B2543,delivery_service,Delivery,Delivery
33,11,Movement,1,3,1,3,728,734,17:48,17:54,6,6,9.61,0,0.0,160.0,150.39,0,B2742,empty_repositioning,Position,Pickup
33,12,Pickup,3,3,3,3,734,737,17:54,17:57,3,0,0.0,2,8.534,150.39,158.924,1,B2742,pickup_service,Pickup,Pickup
33,13,Movement,3,1,3,1,737,743,17:57,18:03,6,6,9.61,0,0.0,158.924,149.314,1,B2742,passenger_flight,Position,Delivery
33,14,Delivery,1,1,1,1,743,746,18:03,18:06,3,0,0.0,2,8.534,149.314,157.848,0,B2742,delivery_service,Delivery,Delivery
33,15,Movement,1,4,1,4,746,750,18:06,18:10,4,4,4.98,0,0.0,157.848,152.868,0,,return_to_depot,Position,Depot
34,0,Stay,5,5,5,5,0,690,05:40,17:10,690,0,0.0,690,0.0,160.0,160.0,0,B2370,parking_charging,Position,Pickup
34,1,Pickup,5,5,5,5,690,693,17:10,17:13,3,0,0.0,2,0.0,160.0,160.0,1,B2370,pickup_service,Pickup,Pickup
34,2,Stay,5,5,5,5,693,702,17:13,17:22,9,0,0.0,9,0.0,160.0,160.0,1,B2370,parking_charging,Position,Movement
34,3,Movement,5,1,5,1,702,710,17:22,17:30,8,8,14.88,0,0.0,160.0,145.12,1,B2370,passenger_flight,Position,Delivery
34,4,Delivery,1,1,1,1,710,713,17:30,17:33,3,0,0.0,2,8.534,145.12,153.654,0,B2370,delivery_service,Delivery,Delivery
34,5,Movement,1,3,1,3,713,719,17:33,17:39,6,6,9.61,0,0.0,153.654,144.044,0,B2594,empty_repositioning,Position,Pickup
34,6,Pickup,3,3,3,3,719,722,17:39,17:42,3,0,0.0,2,8.534,144.044,152.578,2,B2594,pickup_service,Pickup,Pickup
34,7,Movement,3,4,3,4,722,729,17:42,17:49,7,7,12.6,0,0.0,152.578,139.978,2,B2594,passenger_flight,Position,Delivery
34,8,Delivery,4,4,4,4,729,732,17:49,17:52,3,0,0.0,2,8.534,139.978,148.512,0,B2594,delivery_service,Delivery,Delivery
34,9,Pickup,4,4,4,4,732,735,17:52,17:55,3,0,0.0,2,8.534,148.512,157.046,2,B2829,pickup_service,Pickup,Pickup
34,10,Pickup,4,4,4,4,735,738,17:55,17:58,3,0,0.0,2,2.954,157.046,160.0,4,B2797,pickup_service,Pickup,Pickup
34,11,Movement,4,7,4,7,738,745,17:58,18:05,7,7,21.43,0,0.0,160.0,138.57,4,B2829,passenger_flight,Position,Delivery
34,12,Delivery,7,7,7,7,745,748,18:05,18:08,3,0,0.0,2,8.534,138.57,147.104,2,B2829,delivery_service,Delivery,Delivery
34,13,Delivery,7,7,7,7,748,751,18:08,18:11,3,0,0.0,2,8.534,147.104,155.638,0,B2797,delivery_service,Delivery,Delivery
34,14,Movement,7,5,7,5,751,761,18:11,18:21,10,10,32.24,0,0.0,155.638,123.398,0,,return_to_depot,Position,Depot
35,0,Stay,6,6,6,6,0,719,05:40,17:39,719,0,0.0,719,0.0,160.0,160.0,0,B2696,parking_charging,Position,Pickup
35,1,Pickup,6,6,6,6,719,722,17:39,17:42,3,0,0.0,2,0.0,160.0,160.0,1,B2696,pickup_service,Pickup,Pickup
35,2,Stay,6,6,6,6,722,727,17:42,17:47,5,0,0.0,5,0.0,160.0,160.0,1,B2696,parking_charging,Position,Movement
35,3,Movement,6,7,6,7,727,739,17:47,17:59,12,12,43.48,0,0.0,160.0,116.52,1,B2696,passenger_flight,Position,Delivery
35,4,Delivery,7,7,7,7,739,742,17:59,18:02,3,0,0.0,2,8.534,116.52,125.054,0,B2696,delivery_service,Delivery,Delivery
35,5,Movement,7,6,7,6,742,754,18:02,18:14,12,12,43.48,0,0.0,125.054,81.574,0,,return_to_depot,Position,Depot
36,0,Stay,7,7,7,7,0,100,05:40,07:20,100,0,0.0,100,0.0,160.0,160.0,0,B74,parking_charging,Position,Movement
36,1,Movement,7,2,7,2,100,106,07:20,07:26,6,6,10.2,0,0.0,160.0,149.8,0,B74,empty_repositioning,Position,Pickup
36,2,Pickup,2,2,2,2,106,109,07:26,07:29,3,0,0.0,2,8.534,149.8,158.334,1,B74,pickup_service,Pickup,Pickup
36,3,Pickup,2,2,2,2,109,112,07:29,07:32,3,0,0.0,2,1.666,158.334,160.0,3,B79,pickup_service,Pickup,Pickup
36,4,Movement,2,4,2,4,112,118,07:32,07:38,6,6,16.13,0,0.0,160.0,143.87,3,B74,passenger_flight,Position,Delivery
36,5,Delivery,4,4,4,4,118,121,07:38,07:41,3,0,0.0,2,8.534,143.87,152.404,2,B74,delivery_service,Delivery,Delivery
36,6,Delivery,4,4,4,4,121,124,07:41,07:44,3,0,0.0,2,7.596,152.404,160.0,0,B79,delivery_service,Delivery,Delivery
36,7,Stay,4,4,4,4,124,680,07:44,17:00,556,0,0.0,556,0.0,160.0,160.0,0,B2266,parking_charging,Position,Pickup
36,8,Pickup,4,4,4,4,680,683,17:00,17:03,3,0,0.0,2,0.0,160.0,160.0,2,B2266,pickup_service,Pickup,Pickup
36,9,Pickup,4,4,4,4,683,686,17:03,17:06,3,0,0.0,2,0.0,160.0,160.0,4,B2210,pickup_service,Pickup,Pickup
36,10,Movement,4,2,4,2,686,692,17:06,17:12,6,6,16.13,0,0.0,160.0,143.87,4,B2210,passenger_flight,Position,Delivery
36,11,Delivery,2,2,2,2,692,695,17:12,17:15,3,0,0.0,2,8.534,143.87,152.404,2,B2210,delivery_service,Delivery,Delivery
36,12,Delivery,2,2,2,2,695,698,17:15,17:18,3,0,0.0,2,7.596,152.404,160.0,0,B2266,delivery_service,Delivery,Delivery
36,13,Stay,2,2,2,2,698,700,17:18,17:20,2,0,0.0,2,0.0,160.0,160.0,0,B2356,parking_charging,Position,Pickup
36,14,Pickup,2,2,2,2,700,703,17:20,17:23,3,0,0.0,2,0.0,160.0,160.0,2,B2356,pickup_service,Pickup,Pickup
36,15,Movement,2,5,2,5,703,711,17:23,17:31,8,8,27.57,0,0.0,160.0,132.43,2,B2356,passenger_flight,Position,Delivery
36,16,Delivery,5,5,5,5,711,714,17:31,17:34,3,0,0.0,2,8.534,132.43,140.964,0,B2356,delivery_service,Delivery,Delivery
36,17,Stay,5,5,5,5,714,722,17:34,17:42,8,0,0.0,8,19.036,140.964,160.0,0,B2730,parking_charging,Position,Pickup
36,18,Pickup,5,5,5,5,722,725,17:42,17:45,3,0,0.0,2,0.0,160.0,160.0,1,B2730,pickup_service,Pickup,Pickup
36,19,Pickup,5,5,5,5,725,728,17:45,17:48,3,0,0.0,2,0.0,160.0,160.0,2,B2717,pickup_service,Pickup,Pickup
36,20,Movement,5,10,5,10,728,738,17:48,17:58,10,10,33.52,0,0.0,160.0,126.48,2,B2730,passenger_flight,Position,Delivery
36,21,Delivery,10,10,10,10,738,741,17:58,18:01,3,0,0.0,2,8.534,126.48,135.014,1,B2730,delivery_service,Delivery,Delivery
36,22,Delivery,10,10,10,10,741,744,18:01,18:04,3,0,0.0,2,8.534,135.014,143.548,0,B2717,delivery_service,Delivery,Delivery
36,23,Movement,10,7,10,7,744,760,18:04,18:20,16,16,57.99,0,0.0,143.548,85.558,0,,return_to_depot,Position,Depot
37,0,Stay,8,8,8,8,0,120,05:40,07:40,120,0,0.0,120,0.0,160.0,160.0,0,B91,parking_charging,Position,Pickup
37,1,Pickup,8,8,8,8,120,123,07:40,07:43,3,0,0.0,2,0.0,160.0,160.0,1,B91,pickup_service,Pickup,Pickup
37,2,Movement,8,2,8,2,123,133,07:43,07:53,10,10,32.38,0,0.0,160.0,127.62,1,B91,passenger_flight,Position,Delivery
37,3,Delivery,2,2,2,2,133,136,07:53,07:56,3,0,0.0,2,8.534,127.62,136.154,0,B91,delivery_service,Delivery,Delivery
37,4,Stay,2,2,2,2,136,700,07:56,17:20,564,0,0.0,564,23.846,136.154,160.0,0,B2482,parking_charging,Position,Pickup
37,5,Pickup,2,2,2,2,700,703,17:20,17:23,3,0,0.0,2,0.0,160.0,160.0,2,B2482,pickup_service,Pickup,Pickup
37,6,Pickup,2,2,2,2,703,706,17:23,17:26,3,0,0.0,2,0.0,160.0,160.0,4,B2474,pickup_service,Pickup,Pickup
37,7,Movement,2,4,2,4,706,712,17:26,17:32,6,6,16.13,0,0.0,160.0,143.87,4,B2482,passenger_flight,Position,Delivery
37,8,Delivery,4,4,4,4,712,715,17:32,17:35,3,0,0.0,2,8.534,143.87,152.404,2,B2482,delivery_service,Delivery,Delivery
37,9,Stay,4,4,4,4,715,716,17:35,17:36,1,0,0.0,1,4.267,152.404,156.671,2,B2474,parking_charging,Position,Delivery
37,10,Delivery,4,4,4,4,716,719,17:36,17:39,3,0,0.0,2,3.329,156.671,160.0,0,B2474,delivery_service,Delivery,Delivery
37,11,Stay,4,4,4,4,719,720,17:39,17:40,1,0,0.0,1,0.0,160.0,160.0,0,B2713,parking_charging,Position,Movement
37,12,Movement,4,2,4,2,720,726,17:40,17:46,6,6,16.13,0,0.0,160.0,143.87,0,B2713,empty_repositioning,Position,Pickup
37,13,Pickup,2,2,2,2,726,729,17:46,17:49,3,0,0.0,2,8.534,143.87,152.404,1,B2713,pickup_service,Pickup,Pickup
37,14,Pickup,2,2,2,2,729,732,17:49,17:52,3,0,0.0,2,7.596,152.404,160.0,2,B2701,pickup_service,Pickup,Pickup
37,15,Movement,2,4,2,4,732,738,17:52,17:58,6,6,16.13,0,0.0,160.0,143.87,2,B2701,passenger_flight,Position,Delivery
37,16,Delivery,4,4,4,4,738,741,17:58,18:01,3,0,0.0,2,8.534,143.87,152.404,1,B2701,delivery_service,Delivery,Delivery
37,17,Delivery,4,4,4,4,741,744,18:01,18:04,3,0,0.0,2,7.596,152.404,160.0,0,B2713,delivery_service,Delivery,Delivery
37,18,Stay,4,4,4,4,744,800,18:04,19:00,56,0,0.0,56,0.0,160.0,160.0,0,B3275,parking_charging,Position,Pickup
37,19,Pickup,4,4,4,4,800,803,19:00,19:03,3,0,0.0,2,0.0,160.0,160.0,2,B3275,pickup_service,Pickup,Pickup
37,20,Movement,4,8,4,8,803,814,19:03,19:14,11,11,39.54,0,0.0,160.0,120.46,2,B3275,passenger_flight,Position,Delivery
37,21,Delivery,8,8,8,8,814,817,19:14,19:17,3,0,0.0,2,8.534,120.46,128.994,0,B3275,delivery_service,Delivery,Delivery
38,0,Stay,9,9,9,9,0,724,05:40,17:44,724,0,0.0,724,0.0,160.0,160.0,0,B2750,parking_charging,Position,Pickup
38,1,Pickup,9,9,9,9,724,727,17:44,17:47,3,0,0.0,2,0.0,160.0,160.0,1,B2750,pickup_service,Pickup,Pickup
38,2,Pickup,9,9,9,9,727,730,17:47,17:50,3,0,0.0,2,0.0,160.0,160.0,4,B2786,pickup_service,Pickup,Pickup
38,3,Movement,9,4,9,4,730,745,17:50,18:05,15,15,55.47,0,0.0,160.0,104.53,4,B2750,passenger_flight,Position,Delivery
38,4,Delivery,4,4,4,4,745,748,18:05,18:08,3,0,0.0,2,8.534,104.53,113.064,3,B2750,delivery_service,Delivery,Delivery
38,5,Stay,4,4,4,4,748,751,18:08,18:11,3,0,0.0,3,12.801,113.064,125.865,3,B2786,parking_charging,Position,Delivery
38,6,Delivery,4,4,4,4,751,754,18:11,18:14,3,0,0.0,2,8.534,125.865,134.399,0,B2786,delivery_service,Delivery,Delivery
38,7,Movement,4,9,4,9,754,769,18:14,18:29,15,15,55.47,0,0.0,134.399,78.929,0,,return_to_depot,Position,Depot
39,0,Stay,10,10,10,10,0,720,05:40,17:40,720,0,0.0,720,0.0,160.0,160.0,0,B2601,parking_charging,Position,Pickup
39,1,Pickup,10,10,10,10,720,723,17:40,17:43,3,0,0.0,2,0.0,160.0,160.0,1,B2601,pickup_service,Pickup,Pickup
39,2,Movement,10,4,10,4,723,735,17:43,17:55,12,12,42.86,0,0.0,160.0,117.14,1,B2601,passenger_flight,Position,Delivery
39,3,Delivery,4,4,4,4,735,738,17:55,17:58,3,0,0.0,2,8.534,117.14,125.674,0,B2601,delivery_service,Delivery,Delivery
39,4,Pickup,4,4,4,4,738,741,17:58,18:01,3,0,0.0,2,8.534,125.674,134.208,1,B2807,pickup_service,Pickup,Pickup
39,5,Movement,4,2,4,2,741,747,18:01,18:07,6,6,16.13,0,0.0,134.208,118.078,1,B2807,passenger_flight,Position,Delivery
39,6,Delivery,2,2,2,2,747,750,18:07,18:10,3,0,0.0,2,8.534,118.078,126.612,0,B2807,delivery_service,Delivery,Delivery
39,7,Movement,2,10,2,10,750,766,18:10,18:26,16,16,57.66,0,0.0,126.612,68.952,0,,return_to_depot,Position,Depot
40,0,Stay,1,1,1,1,0,680,05:40,17:00,680,0,0.0,680,0.0,160.0,160.0,0,B2252,parking_charging,Position,Pickup
40,1,Pickup,1,1,1,1,680,683,17:00,17:03,3,0,0.0,2,0.0,160.0,160.0,2,B2252,pickup_service,Pickup,Pickup
40,2,Stay,1,1,1,1,683,687,17:03,17:07,4,0,0.0,4,0.0,160.0,160.0,2,B2332,parking_charging,Position,Pickup
40,3,Pickup,1,1,1,1,687,690,17:07,17:10,3,0,0.0,2,0.0,160.0,160.0,4,B2332,pickup_service,Pickup,Pickup
40,4,Movement,1,5,1,5,690,698,17:10,17:18,8,8,14.88,0,0.0,160.0,145.12,4,B2252,passenger_flight,Position,Delivery
40,5,Delivery,5,5,5,5,698,701,17:18,17:21,3,0,0.0,2,8.534,145.12,153.654,2,B2252,delivery_service,Delivery,Delivery
40,6,Delivery,5,5,5,5,701,704,17:21,17:24,3,0,0.0,2,6.346,153.654,160.0,0,B2332,delivery_service,Delivery,Delivery
40,7,Pickup,5,5,5,5,704,707,17:24,17:27,3,0,0.0,2,0.0,160.0,160.0,1,B2499,pickup_service,Pickup,Pickup
40,8,Stay,5,5,5,5,707,711,17:27,17:31,4,0,0.0,4,0.0,160.0,160.0,1,B2610,parking_charging,Position,Pickup
40,9,Pickup,5,5,5,5,711,714,17:31,17:34,3,0,0.0,2,0.0,160.0,160.0,2,B2610,pickup_service,Pickup,Pickup
40,10,Movement,5,2,5,2,714,722,17:34,17:42,8,8,27.57,0,0.0,160.0,132.43,2,B2499,passenger_flight,Position,Delivery
40,11,Delivery,2,2,2,2,722,725,17:42,17:45,3,0,0.0,2,8.534,132.43,140.964,1,B2499,delivery_service,Delivery,Delivery
40,12,Stay,2,2,2,2,725,728,17:45,17:48,3,0,0.0,3,12.801,140.964,153.765,1,B2610,parking_charging,Position,Movement
40,13,Movement,2,3,2,3,728,731,17:48,17:51,3,3,4.08,0,0.0,153.765,149.685,1,B2610,passenger_flight,Position,Delivery
40,14,Delivery,3,3,3,3,731,734,17:51,17:54,3,0,0.0,2,8.534,149.685,158.219,0,B2610,delivery_service,Delivery,Delivery
40,15,Pickup,3,3,3,3,734,737,17:54,17:57,3,0,0.0,2,1.781,158.219,160.0,2,B2735,pickup_service,Pickup,Pickup
40,16,Movement,3,1,3,1,737,743,17:57,18:03,6,6,9.61,0,0.0,160.0,150.39,2,B2735,passenger_flight,Position,Delivery
40,17,Delivery,1,1,1,1,743,746,18:03,18:06,3,0,0.0,2,8.534,150.39,158.924,0,B2735,delivery_service,Delivery,Delivery
41,0,Stay,2,2,2,2,0,100,05:40,07:20,100,0,0.0,100,0.0,160.0,160.0,0,B62,parking_charging,Position,Pickup
41,1,Pickup,2,2,2,2,100,103,07:20,07:23,3,0,0.0,2,0.0,160.0,160.0,1,B62,pickup_service,Pickup,Pickup
41,2,Movement,2,4,2,4,103,109,07:23,07:29,6,6,16.13,0,0.0,160.0,143.87,1,B62,passenger_flight,Position,Delivery
41,3,Delivery,4,4,4,4,109,112,07:29,07:32,3,0,0.0,2,8.534,143.87,152.404,0,B62,delivery_service,Delivery,Delivery
41,4,Stay,4,4,4,4,112,680,07:32,17:00,568,0,0.0,568,7.596,152.404,160.0,0,B2227,parking_charging,Position,Pickup
41,5,Pickup,4,4,4,4,680,683,17:00,17:03,3,0,0.0,2,0.0,160.0,160.0,2,B2227,pickup_service,Pickup,Pickup
41,6,Pickup,4,4,4,4,683,686,17:03,17:06,3,0,0.0,2,0.0,160.0,160.0,4,B2299,pickup_service,Pickup,Pickup
41,7,Movement,4,2,4,2,686,692,17:06,17:12,6,6,16.13,0,0.0,160.0,143.87,4,B2227,passenger_flight,Position,Delivery
41,8,Delivery,2,2,2,2,692,695,17:12,17:15,3,0,0.0,2,8.534,143.87,152.404,2,B2227,delivery_service,Delivery,Delivery
41,9,Delivery,2,2,2,2,695,698,17:15,17:18,3,0,0.0,2,7.596,152.404,160.0,0,B2299,delivery_service,Delivery,Delivery
41,10,Stay,2,2,2,2,698,705,17:18,17:25,7,0,0.0,7,0.0,160.0,160.0,0,B2533,parking_charging,Position,Pickup
41,11,Pickup,2,2,2,2,705,708,17:25,17:28,3,0,0.0,2,0.0,160.0,160.0,2,B2533,pickup_service,Pickup,Pickup
41,12,Pickup,2,2,2,2,708,711,17:28,17:31,3,0,0.0,2,0.0,160.0,160.0,4,B2514,pickup_service,Pickup,Pickup
41,13,Movement,2,4,2,4,711,717,17:31,17:37,6,6,16.13,0,0.0,160.0,143.87,4,B2533,passenger_flight,Position,Delivery
41,14,Delivery,4,4,4,4,717,720,17:37,17:40,3,0,0.0,2,8.534,143.87,152.404,2,B2533,delivery_service,Delivery,Delivery
41,15,Delivery,4,4,4,4,720,723,17:40,17:43,3,0,0.0,2,7.596,152.404,160.0,0,B2514,delivery_service,Delivery,Delivery
41,16,Stay,4,4,4,4,723,738,17:43,17:58,15,0,0.0,15,0.0,160.0,160.0,0,B2905,parking_charging,Position,Pickup
41,17,Pickup,4,4,4,4,738,741,17:58,18:01,3,0,0.0,2,0.0,160.0,160.0,2,B2905,pickup_service,Pickup,Pickup
41,18,Stay,4,4,4,4,741,747,18:01,18:07,6,0,0.0,6,0.0,160.0,160.0,2,B2905,parking_charging,Position,Movement
41,19,Movement,4,7,4,7,747,754,18:07,18:14,7,7,21.43,0,0.0,160.0,138.57,2,B2905,passenger_flight,Position,Delivery
41,20,Delivery,7,7,7,7,754,757,18:14,18:17,3,0,0.0,2,8.534,138.57,147.104,0,B2905,delivery_service,Delivery,Delivery
41,21,Movement,7,2,7,2,757,763,18:17,18:23,6,6,10.2,0,0.0,147.104,136.904,0,,return_to_depot,Position,Depot
42,0,Stay,3,3,3,3,0,680,05:40,17:00,680,0,0.0,680,0.0,160.0,160.0,0,B2265,parking_charging,Position,Pickup
42,1,Pickup,3,3,3,3,680,683,17:00,17:03,3,0,0.0,2,0.0,160.0,160.0,1,B2265,pickup_service,Pickup,Pickup
42,2,Stay,3,3,3,3,683,689,17:03,17:09,6,0,0.0,6,0.0,160.0,160.0,1,B2358,parking_charging,Position,Pickup
42,3,Pickup,3,3,3,3,689,692,17:09,17:12,3,0,0.0,2,0.0,160.0,160.0,4,B2358,pickup_service,Pickup,Pickup
42,4,Movement,3,10,3,10,692,707,17:12,17:27,15,15,54.92,0,0.0,160.0,105.08,4,B2265,passenger_flight,Position,Delivery
42,5,Delivery,10,10,10,10,707,710,17:27,17:30,3,0,0.0,2,8.534,105.08,113.614,3,B2265,delivery_service,Delivery,Delivery
42,6,Delivery,10,10,10,10,710,713,17:30,17:33,3,0,0.0,2,8.534,113.614,122.148,0,B2358,delivery_service,Delivery,Delivery
42,7,Movement,10,3,10,3,713,728,17:33,17:48,15,15,54.92,0,0.0,122.148,67.228,0,,return_to_depot,Position,Depot
43,0,Stay,4,4,4,4,0,685,05:40,17:05,685,0,0.0,685,0.0,160.0,160.0,0,B2318,parking_charging,Position,Pickup
43,1,Pickup,4,4,4,4,685,688,17:05,17:08,3,0,0.0,2,0.0,160.0,160.0,2,B2318,pickup_service,Pickup,Pickup
43,2,Stay,4,4,4,4,688,693,17:08,17:13,5,0,0.0,5,0.0,160.0,160.0,2,B2415,parking_charging,Position,Pickup
43,3,Pickup,4,4,4,4,693,696,17:13,17:16,3,0,0.0,2,0.0,160.0,160.0,4,B2415,pickup_service,Pickup,Pickup
43,4,Stay,4,4,4,4,696,698,17:16,17:18,2,0,0.0,2,0.0,160.0,160.0,4,B2318,parking_charging,Position,Movement
43,5,Movement,4,2,4,2,698,704,17:18,17:24,6,6,16.13,0,0.0,160.0,143.87,4,B2318,passenger_flight,Position,Delivery
43,6,Delivery,2,2,2,2,704,707,17:24,17:27,3,0,0.0,2,8.534,143.87,152.404,2,B2318,delivery_service,Delivery,Delivery
43,7,Stay,2,2,2,2,707,712,17:27,17:32,5,0,0.0,5,7.596,152.404,160.0,2,B2415,parking_charging,Position,Delivery
43,8,Delivery,2,2,2,2,712,715,17:32,17:35,3,0,0.0,2,0.0,160.0,160.0,0,B2415,delivery_service,Delivery,Delivery
43,9,Pickup,2,2,2,2,715,718,17:35,17:38,3,0,0.0,2,0.0,160.0,160.0,2,B2640,pickup_service,Pickup,Pickup
43,10,Pickup,2,2,2,2,718,721,17:38,17:41,3,0,0.0,2,0.0,160.0,160.0,4,B2553,pickup_service,Pickup,Pickup
43,11,Movement,2,4,2,4,721,727,17:41,17:47,6,6,16.13,0,0.0,160.0,143.87,4,B2553,passenger_flight,Position,Delivery
43,12,Delivery,4,4,4,4,727,730,17:47,17:50,3,0,0.0,2,8.534,143.87,152.404,2,B2553,delivery_service,Delivery,Delivery
43,13,Stay,4,4,4,4,730,733,17:50,17:53,3,0,0.0,3,7.596,152.404,160.0,2,B2640,parking_charging,Position,Delivery
43,14,Delivery,4,4,4,4,733,736,17:53,17:56,3,0,0.0,2,0.0,160.0,160.0,0,B2640,delivery_service,Delivery,Delivery
44,0,Stay,5,5,5,5,0,700,05:40,17:20,700,0,0.0,700,0.0,160.0,160.0,0,B2371,parking_charging,Position,Pickup
44,1,Pickup,5,5,5,5,700,703,17:20,17:23,3,0,0.0,2,0.0,160.0,160.0,1,B2371,pickup_service,Pickup,Pickup
44,2,Movement,5,2,5,2,703,711,17:23,17:31,8,8,27.57,0,0.0,160.0,132.43,1,B2371,passenger_flight,Position,Delivery
44,3,Delivery,2,2,2,2,711,714,17:31,17:34,3,0,0.0,2,8.534,132.43,140.964,0,B2371,delivery_service,Delivery,Delivery
44,4,Movement,2,3,2,3,714,717,17:34,17:37,3,3,4.08,0,0.0,140.964,136.884,0,B2556,empty_repositioning,Position,Pickup
44,5,Pickup,3,3,3,3,717,720,17:37,17:40,3,0,0.0,2,8.534,136.884,145.418,2,B2556,pickup_service,Pickup,Pickup
44,6,Movement,3,6,3,6,720,730,17:40,17:50,10,10,32.98,0,0.0,145.418,112.438,2,B2556,passenger_flight,Position,Delivery
44,7,Delivery,6,6,6,6,730,733,17:50,17:53,3,0,0.0,2,8.534,112.438,120.972,0,B2556,delivery_service,Delivery,Delivery
44,8,Pickup,6,6,6,6,733,736,17:53,17:56,3,0,0.0,2,8.534,120.972,129.506,2,B2844,pickup_service,Pickup,Pickup
44,9,Pickup,6,6,6,6,736,739,17:56,17:59,3,0,0.0,2,8.534,129.506,138.04,4,B2861,pickup_service,Pickup,Pickup
44,10,Movement,6,7,6,7,739,751,17:59,18:11,12,12,43.48,0,0.0,138.04,94.56,4,B2844,passenger_flight,Position,Delivery
44,11,Delivery,7,7,7,7,751,754,18:11,18:14,3,0,0.0,2,8.534,94.56,103.094,2,B2844,delivery_service,Delivery,Delivery
44,12,Delivery,7,7,7,7,754,757,18:14,18:17,3,0,0.0,2,8.534,103.094,111.628,0,B2861,delivery_service,Delivery,Delivery
44,13,Movement,7,5,7,5,757,767,18:17,18:27,10,10,32.24,0,0.0,111.628,79.388,0,,return_to_depot,Position,Depot
45,0,Stay,6,6,6,6,0,702,05:40,17:22,702,0,0.0,702,0.0,160.0,160.0,0,B2507,parking_charging,Position,Pickup
45,1,Pickup,6,6,6,6,702,705,17:22,17:25,3,0,0.0,2,0.0,160.0,160.0,1,B2507,pickup_service,Pickup,Pickup
45,2,Movement,6,1,6,1,705,712,17:25,17:32,7,7,23.39,0,0.0,160.0,136.61,1,B2542,passenger_flight,Position,Pickup
45,3,Pickup,1,1,1,1,712,715,17:32,17:35,3,0,0.0,2,8.534,136.61,145.144,2,B2542,pickup_service,Pickup,Pickup
45,4,Delivery,1,1,1,1,715,718,17:35,17:38,3,0,0.0,2,8.534,145.144,153.678,1,B2507,delivery_service,Delivery,Delivery
45,5,Movement,1,3,1,3,718,724,17:38,17:44,6,6,9.61,0,0.0,153.678,144.068,1,B2542,passenger_flight,Position,Delivery
45,6,Delivery,3,3,3,3,724,727,17:44,17:47,3,0,0.0,2,8.534,144.068,152.602,0,B2542,delivery_service,Delivery,Delivery
45,7,Pickup,3,3,3,3,727,730,17:47,17:50,3,0,0.0,2,7.398,152.602,160.0,1,B2705,pickup_service,Pickup,Pickup
45,8,Pickup,3,3,3,3,730,733,17:50,17:53,3,0,0.0,2,0.0,160.0,160.0,4,B2673,pickup_service,Pickup,Pickup
45,9,Movement,3,10,3,10,733,748,17:53,18:08,15,15,54.92,0,0.0,160.0,105.08,4,B2673,passenger_flight,Position,Delivery
45,10,Delivery,10,10,10,10,748,751,18:08,18:11,3,0,0.0,2,8.534,105.08,113.614,1,B2673,delivery_service,Delivery,Delivery
45,11,Delivery,10,10,10,10,751,754,18:11,18:14,3,0,0.0,2,8.534,113.614,122.148,0,B2705,delivery_service,Delivery,Delivery
45,12,Movement,10,6,10,6,754,765,18:14,18:25,11,11,35.74,0,0.0,122.148,86.408,0,,return_to_depot,Position,Depot
46,0,Stay,7,7,7,7,0,680,05:40,17:00,680,0,0.0,680,0.0,160.0,160.0,0,B2194,parking_charging,Position,Pickup
46,1,Pickup,7,7,7,7,680,683,17:00,17:03,3,0,0.0,2,0.0,160.0,160.0,2,B2194,pickup_service,Pickup,Pickup
46,2,Movement,7,4,7,4,683,690,17:03,17:10,7,7,21.43,0,0.0,160.0,138.57,2,B2194,passenger_flight,Position,Delivery
46,3,Delivery,4,4,4,4,690,693,17:10,17:13,3,0,0.0,2,8.534,138.57,147.104,0,B2194,delivery_service,Delivery,Delivery
46,4,Stay,4,4,4,4,693,701,17:13,17:21,8,0,0.0,8,12.896,147.104,160.0,0,B2495,parking_charging,Position,Pickup
46,5,Pickup,4,4,4,4,701,704,17:21,17:24,3,0,0.0,2,0.0,160.0,160.0,2,B2495,pickup_service,Pickup,Pickup
46,6,Pickup,4,4,4,4,704,707,17:24,17:27,3,0,0.0,2,0.0,160.0,160.0,4,B2429,pickup_service,Pickup,Pickup
46,7,Movement,4,2,4,2,707,713,17:27,17:33,6,6,16.13,0,0.0,160.0,143.87,4,B2429,passenger_flight,Position,Delivery
46,8,Delivery,2,2,2,2,713,716,17:33,17:36,3,0,0.0,2,8.534,143.87,152.404,2,B2429,delivery_service,Delivery,Delivery
46,9,Delivery,2,2,2,2,716,719,17:36,17:39,3,0,0.0,2,7.596,152.404,160.0,0,B2495,delivery_service,Delivery,Delivery
46,10,Stay,2,2,2,2,719,720,17:39,17:40,1,0,0.0,1,0.0,160.0,160.0,0,B2648,parking_charging,Position,Pickup
46,11,Pickup,2,2,2,2,720,723,17:40,17:43,3,0,0.0,2,0.0,160.0,160.0,2,B2648,pickup_service,Pickup,Pickup
46,12,Stay,2,2,2,2,723,725,17:43,17:45,2,0,0.0,2,0.0,160.0,160.0,2,B2754,parking_charging,Position,Pickup
46,13,Pickup,2,2,2,2,725,728,17:45,17:48,3,0,0.0,2,0.0,160.0,160.0,4,B2754,pickup_service,Pickup,Pickup
46,14,Stay,2,2,2,2,728,729,17:48,17:49,1,0,0.0,1,0.0,160.0,160.0,4,B2648,parking_charging,Position,Movement
46,15,Movement,2,4,2,4,729,735,17:49,17:55,6,6,16.13,0,0.0,160.0,143.87,4,B2648,passenger_flight,Position,Delivery
46,16,Delivery,4,4,4,4,735,738,17:55,17:58,3,0,0.0,2,8.534,143.87,152.404,2,B2648,delivery_service,Delivery,Delivery
46,17,Pickup,4,4,4,4,738,741,17:58,18:01,3,0,0.0,2,7.596,152.404,160.0,3,B2904,pickup_service,Pickup,Pickup
46,18,Stay,4,4,4,4,741,744,18:01,18:04,3,0,0.0,3,0.0,160.0,160.0,3,B2754,parking_charging,Position,Delivery
46,19,Delivery,4,4,4,4,744,747,18:04,18:07,3,0,0.0,2,0.0,160.0,160.0,1,B2754,delivery_service,Delivery,Delivery
46,20,Movement,4,2,4,2,747,753,18:07,18:13,6,6,16.13,0,0.0,160.0,143.87,1,B2904,passenger_flight,Position,Delivery
46,21,Delivery,2,2,2,2,753,756,18:13,18:16,3,0,0.0,2,8.534,143.87,152.404,0,B2904,delivery_service,Delivery,Delivery
46,22,Movement,2,7,2,7,756,762,18:16,18:22,6,6,10.2,0,0.0,152.404,142.204,0,,return_to_depot,Position,Depot
47,0,Stay,8,8,8,8,0,720,05:40,17:40,720,0,0.0,720,0.0,160.0,160.0,0,B2664,parking_charging,Position,Pickup
47,1,Pickup,8,8,8,8,720,723,17:40,17:43,3,0,0.0,2,0.0,160.0,160.0,1,B2664,pickup_service,Pickup,Pickup
47,2,Stay,8,8,8,8,723,726,17:43,17:46,3,0,0.0,3,0.0,160.0,160.0,1,B2775,parking_charging,Position,Pickup
47,3,Pickup,8,8,8,8,726,729,17:46,17:49,3,0,0.0,2,0.0,160.0,160.0,2,B2775,pickup_service,Pickup,Pickup
47,4,Stay,8,8,8,8,729,730,17:49,17:50,1,0,0.0,1,0.0,160.0,160.0,2,B2664,parking_charging,Position,Movement
47,5,Movement,8,4,8,4,730,741,17:50,18:01,11,11,39.54,0,0.0,160.0,120.46,2,B2664,passenger_flight,Position,Delivery
47,6,Delivery,4,4,4,4,741,744,18:01,18:04,3,0,0.0,2,8.534,120.46,128.994,1,B2664,delivery_service,Delivery,Delivery
47,7,Stay,4,4,4,4,744,748,18:04,18:08,4,0,0.0,4,17.068,128.994,146.062,1,B2775,parking_charging,Position,Delivery
47,8,Delivery,4,4,4,4,748,751,18:08,18:11,3,0,0.0,2,8.534,146.062,154.596,0,B2775,delivery_service,Delivery,Delivery
47,9,Movement,4,8,4,8,751,762,18:11,18:22,11,11,39.54,0,0.0,154.596,115.056,0,,return_to_depot,Position,Depot
48,0,Stay,9,9,9,9,0,715,05:40,17:35,715,0,0.0,715,0.0,160.0,160.0,0,B2653,parking_charging,Position,Pickup
48,1,Pickup,9,9,9,9,715,718,17:35,17:38,3,0,0.0,2,0.0,160.0,160.0,2,B2653,pickup_service,Pickup,Pickup
48,2,Pickup,9,9,9,9,718,721,17:38,17:41,3,0,0.0,2,0.0,160.0,160.0,4,B2637,pickup_service,Pickup,Pickup
48,3,Movement,9,4,9,4,721,736,17:41,17:56,15,15,55.47,0,0.0,160.0,104.53,4,B2653,passenger_flight,Position,Delivery
48,4,Delivery,4,4,4,4,736,739,17:56,17:59,3,0,0.0,2,8.534,104.53,113.064,2,B2653,delivery_service,Delivery,Delivery
48,5,Delivery,4,4,4,4,739,742,17:59,18:02,3,0,0.0,2,8.534,113.064,121.598,0,B2637,delivery_service,Delivery,Delivery
48,6,Movement,4,9,4,9,742,757,18:02,18:17,15,15,55.47,0,0.0,121.598,66.128,0,,return_to_depot,Position,Depot
50,0,Stay,1,1,1,1,0,683,05:40,17:03,683,0,0.0,683,0.0,160.0,160.0,0,B2294,parking_charging,Position,Pickup
50,1,Pickup,1,1,1,1,683,686,17:03,17:06,3,0,0.0,2,0.0,160.0,160.0,2,B2294,pickup_service,Pickup,Pickup
50,2,Stay,1,1,1,1,686,688,17:06,17:08,2,0,0.0,2,0.0,160.0,160.0,2,B2402,parking_charging,Position,Movement
50,3,Movement,1,4,1,4,688,692,17:08,17:12,4,4,4.98,0,0.0,160.0,155.02,2,B2402,passenger_flight,Position,Pickup
50,4,Pickup,4,4,4,4,692,695,17:12,17:15,3,0,0.0,2,4.98,155.02,160.0,4,B2402,pickup_service,Pickup,Pickup
50,5,Movement,4,7,4,7,695,702,17:15,17:22,7,7,21.43,0,0.0,160.0,138.57,4,B2294,passenger_flight,Position,Delivery
50,6,Delivery,7,7,7,7,702,705,17:22,17:25,3,0,0.0,2,8.534,138.57,147.104,2,B2294,delivery_service,Delivery,Delivery
50,7,Stay,7,7,7,7,705,708,17:25,17:28,3,0,0.0,3,12.801,147.104,159.905,2,B2402,parking_charging,Position,Delivery
50,8,Delivery,7,7,7,7,708,711,17:28,17:31,3,0,0.0,2,0.095,159.905,160.0,0,B2402,delivery_service,Delivery,Delivery
50,9,Stay,7,7,7,7,711,720,17:31,17:40,9,0,0.0,9,0.0,160.0,160.0,0,B2652,parking_charging,Position,Pickup
50,10,Pickup,7,7,7,7,720,723,17:40,17:43,3,0,0.0,2,0.0,160.0,160.0,1,B2652,pickup_service,Pickup,Pickup
50,11,Pickup,7,7,7,7,723,726,17:43,17:46,3,0,0.0,2,0.0,160.0,160.0,3,B2720,pickup_service,Pickup,Pickup
50,12,Movement,7,6,7,6,726,738,17:46,17:58,12,12,43.48,0,0.0,160.0,116.52,3,B2652,passenger_flight,Position,Delivery
50,13,Delivery,6,6,6,6,738,741,17:58,18:01,3,0,0.0,2,8.534,116.52,125.054,2,B2652,delivery_service,Delivery,Delivery
50,14,Stay,6,6,6,6,741,744,18:01,18:04,3,0,0.0,3,12.801,125.054,137.855,2,B2720,parking_charging,Position,Delivery
50,15,Delivery,6,6,6,6,744,747,18:04,18:07,3,0,0.0,2,8.534,137.855,146.389,0,B2720,delivery_service,Delivery,Delivery
50,16,Movement,6,1,6,1,747,754,18:07,18:14,7,7,23.39,0,0.0,146.389,122.999,0,,return_to_depot,Position,Depot
51,0,Stay,2,2,2,2,0,692,05:40,17:12,692,0,0.0,692,0.0,160.0,160.0,0,B2396,parking_charging,Position,Pickup
51,1,Pickup,2,2,2,2,692,695,17:12,17:15,3,0,0.0,2,0.0,160.0,160.0,2,B2396,pickup_service,Pickup,Pickup
51,2,Pickup,2,2,2,2,695,698,17:15,17:18,3,0,0.0,2,0.0,160.0,160.0,4,B2305,pickup_service,Pickup,Pickup
51,3,Movement,2,4,2,4,698,704,17:18,17:24,6,6,16.13,0,0.0,160.0,143.87,4,B2305,passenger_flight,Position,Delivery
51,4,Delivery,4,4,4,4,704,707,17:24,17:27,3,0,0.0,2,8.534,143.87,152.404,2,B2305,delivery_service,Delivery,Delivery
51,5,Stay,4,4,4,4,707,710,17:27,17:30,3,0,0.0,3,7.596,152.404,160.0,2,B2396,parking_charging,Position,Delivery
51,6,Delivery,4,4,4,4,710,713,17:30,17:33,3,0,0.0,2,0.0,160.0,160.0,0,B2396,delivery_service,Delivery,Delivery
51,7,Stay,4,4,4,4,713,720,17:33,17:40,7,0,0.0,7,0.0,160.0,160.0,0,B2694,parking_charging,Position,Pickup
51,8,Pickup,4,4,4,4,720,723,17:40,17:43,3,0,0.0,2,0.0,160.0,160.0,1,B2694,pickup_service,Pickup,Pickup
51,9,Movement,4,2,4,2,723,729,17:43,17:49,6,6,16.13,0,0.0,160.0,143.87,1,B2694,passenger_flight,Position,Delivery
51,10,Delivery,2,2,2,2,729,732,17:49,17:52,3,0,0.0,2,8.534,143.87,152.404,0,B2694,delivery_service,Delivery,Delivery
51,11,Pickup,2,2,2,2,732,735,17:52,17:55,3,0,0.0,2,7.596,152.404,160.0,1,B2778,pickup_service,Pickup,Pickup
51,12,Pickup,2,2,2,2,735,738,17:55,17:58,3,0,0.0,2,0.0,160.0,160.0,2,B2854,pickup_service,Pickup,Pickup
51,13,Pickup,2,2,2,2,738,741,17:58,18:01,3,0,0.0,2,0.0,160.0,160.0,4,B2822,pickup_service,Pickup,Pickup
51,14,Movement,2,1,2,1,741,748,18:01,18:08,7,7,13.61,0,0.0,160.0,146.39,4,B2778,passenger_flight,Position,Delivery
51,15,Delivery,1,1,1,1,748,751,18:08,18:11,3,0,0.0,2,8.534,146.39,154.924,3,B2778,delivery_service,Delivery,Delivery
51,16,Delivery,1,1,1,1,751,754,18:11,18:14,3,0,0.0,2,5.076,154.924,160.0,1,B2822,delivery_service,Delivery,Delivery
51,17,Delivery,1,1,1,1,754,757,18:14,18:17,3,0,0.0,2,0.0,160.0,160.0,0,B2854,delivery_service,Delivery,Delivery
51,18,Stay,1,1,1,1,757,800,18:17,19:00,43,0,0.0,43,0.0,160.0,160.0,0,B3257,parking_charging,Position,Pickup
51,19,Pickup,1,1,1,1,800,803,19:00,19:03,3,0,0.0,2,0.0,160.0,160.0,2,B3257,pickup_service,Pickup,Pickup
51,20,Pickup,1,1,1,1,803,806,19:03,19:06,3,0,0.0,2,0.0,160.0,160.0,4,B3301,pickup_service,Pickup,Pickup
51,21,Movement,1,3,1,3,806,812,19:06,19:12,6,6,9.61,0,0.0,160.0,150.39,4,B3257,passenger_flight,Position,Delivery
51,22,Delivery,3,3,3,3,812,815,19:12,19:15,3,0,0.0,2,8.534,150.39,158.924,2,B3257,delivery_service,Delivery,Delivery
51,23,Delivery,3,3,3,3,815,818,19:15,19:18,3,0,0.0,2,1.076,158.924,160.0,0,B3301,delivery_service,Delivery,Delivery
51,24,Movement,3,2,3,2,818,821,19:18,19:21,3,3,4.08,0,0.0,160.0,155.92,0,,return_to_depot,Position,Depot
52,0,Stay,3,3,3,3,0,697,05:40,17:17,697,0,0.0,697,0.0,160.0,160.0,0,B2458,parking_charging,Position,Pickup
52,1,Pickup,3,3,3,3,697,700,17:17,17:20,3,0,0.0,2,0.0,160.0,160.0,2,B2458,pickup_service,Pickup,Pickup
52,2,Stay,3,3,3,3,700,703,17:20,17:23,3,0,0.0,3,0.0,160.0,160.0,2,B2458,parking_charging,Position,Movement
52,3,Movement,3,4,3,4,703,710,17:23,17:30,7,7,12.6,0,0.0,160.0,147.4,2,B2458,passenger_flight,Position,Delivery
52,4,Delivery,4,4,4,4,710,713,17:30,17:33,3,0,0.0,2,8.534,147.4,155.934,0,B2458,delivery_service,Delivery,Delivery
52,5,Stay,4,4,4,4,713,720,17:33,17:40,7,0,0.0,7,4.066,155.934,160.0,0,B2743,parking_charging,Position,Movement
52,6,Movement,4,3,4,3,720,727,17:40,17:47,7,7,12.6,0,0.0,160.0,147.4,0,B2743,empty_repositioning,Position,Pickup
52,7,Pickup,3,3,3,3,727,730,17:47,17:50,3,0,0.0,2,8.534,147.4,155.934,2,B2743,pickup_service,Pickup,Pickup
52,8,Pickup,3,3,3,3,730,733,17:50,17:53,3,0,0.0,2,4.066,155.934,160.0,4,B2681,pickup_service,Pickup,Pickup
52,9,Movement,3,5,3,5,733,741,17:53,18:01,8,8,23.93,0,0.0,160.0,136.07,4,B2681,passenger_flight,Position,Delivery
52,10,Delivery,5,5,5,5,741,744,18:01,18:04,3,0,0.0,2,8.534,136.07,144.604,2,B2681,delivery_service,Delivery,Delivery
52,11,Delivery,5,5,5,5,744,747,18:04,18:07,3,0,0.0,2,8.534,144.604,153.138,0,B2743,delivery_service,Delivery,Delivery
52,12,Movement,5,3,5,3,747,755,18:07,18:15,8,8,23.93,0,0.0,153.138,129.208,0,,return_to_depot,Position,Depot
53,0,Stay,4,4,4,4,0,698,05:40,17:18,698,0,0.0,698,0.0,160.0,160.0,0,B2468,parking_charging,Position,Pickup
53,1,Pickup,4,4,4,4,698,701,17:18,17:21,3,0,0.0,2,0.0,160.0,160.0,2,B2468,pickup_service,Pickup,Pickup
53,2,Stay,4,4,4,4,701,704,17:21,17:24,3,0,0.0,3,0.0,160.0,160.0,2,B2468,parking_charging,Position,Movement
53,3,Movement,4,2,4,2,704,710,17:24,17:30,6,6,16.13,0,0.0,160.0,143.87,2,B2468,passenger_flight,Position,Delivery
53,4,Delivery,2,2,2,2,710,713,17:30,17:33,3,0,0.0,2,8.534,143.87,152.404,0,B2468,delivery_service,Delivery,Delivery
53,5,Pickup,2,2,2,2,713,716,17:33,17:36,3,0,0.0,2,7.596,152.404,160.0,2,B2577,pickup_service,Pickup,Pickup
53,6,Pickup,2,2,2,2,716,719,17:36,17:39,3,0,0.0,2,0.0,160.0,160.0,4,B2566,pickup_service,Pickup,Pickup
53,7,Movement,2,4,2,4,719,725,17:39,17:45,6,6,16.13,0,0.0,160.0,143.87,4,B2577,passenger_flight,Position,Delivery
53,8,Delivery,4,4,4,4,725,728,17:45,17:48,3,0,0.0,2,8.534,143.87,152.404,2,B2577,delivery_service,Delivery,Delivery
53,9,Delivery,4,4,4,4,728,731,17:48,17:51,3,0,0.0,2,7.596,152.404,160.0,0,B2566,delivery_service,Delivery,Delivery
53,10,Movement,4,3,4,3,731,738,17:51,17:58,7,7,12.6,0,0.0,160.0,147.4,0,B2769,empty_repositioning,Position,Pickup
53,11,Pickup,3,3,3,3,738,741,17:58,18:01,3,0,0.0,2,8.534,147.4,155.934,2,B2769,pickup_service,Pickup,Pickup
53,12,Movement,3,5,3,5,741,749,18:01,18:09,8,8,23.93,0,0.0,155.934,132.004,2,B2769,passenger_flight,Position,Delivery
53,13,Delivery,5,5,5,5,749,752,18:09,18:12,3,0,0.0,2,8.534,132.004,140.538,0,B2769,delivery_service,Delivery,Delivery
53,14,Movement,5,4,5,4,752,758,18:12,18:18,6,6,11.45,0,0.0,140.538,129.088,0,,return_to_depot,Position,Depot
54,0,Stay,5,5,5,5,0,700,05:40,17:20,700,0,0.0,700,0.0,160.0,160.0,0,B2450,parking_charging,Position,Pickup
54,1,Pickup,5,5,5,5,700,703,17:20,17:23,3,0,0.0,2,0.0,160.0,160.0,1,B2450,pickup_service,Pickup,Pickup
54,2,Movement,5,10,5,10,703,713,17:23,17:33,10,10,33.52,0,0.0,160.0,126.48,1,B2450,passenger_flight,Position,Delivery
54,3,Delivery,10,10,10,10,713,716,17:33,17:36,3,0,0.0,2,8.534,126.48,135.014,0,B2450,delivery_service,Delivery,Delivery
54,4,Movement,10,5,10,5,716,726,17:36,17:46,10,10,33.52,0,0.0,135.014,101.494,0,,return_to_depot,Position,Depot
55,0,Stay,6,6,6,6,0,40,05:40,06:20,40,0,0.0,40,0.0,160.0,160.0,0,B11,parking_charging,Position,Pickup
55,1,Pickup,6,6,6,6,40,43,06:20,06:23,3,0,0.0,2,0.0,160.0,160.0,2,B11,pickup_service,Pickup,Pickup
55,2,Movement,6,7,6,7,43,55,06:23,06:35,12,12,43.48,0,0.0,160.0,116.52,2,B11,passenger_flight,Position,Delivery
55,3,Delivery,7,7,7,7,55,58,06:35,06:38,3,0,0.0,2,8.534,116.52,125.054,0,B11,delivery_service,Delivery,Delivery
55,4,Stay,7,7,7,7,58,120,06:38,07:40,62,0,0.0,62,34.946,125.054,160.0,0,B87,parking_charging,Position,Pickup
55,5,Pickup,7,7,7,7,120,123,07:40,07:43,3,0,0.0,2,0.0,160.0,160.0,1,B87,pickup_service,Pickup,Pickup
55,6,Movement,7,4,7,4,123,130,07:43,07:50,7,7,21.43,0,0.0,160.0,138.57,1,B87,passenger_flight,Position,Delivery
55,7,Delivery,4,4,4,4,130,133,07:50,07:53,3,0,0.0,2,8.534,138.57,147.104,0,B87,delivery_service,Delivery,Delivery
55,8,Stay,4,4,4,4,133,700,07:53,17:20,567,0,0.0,567,12.896,147.104,160.0,0,B2487,parking_charging,Position,Pickup
55,9,Pickup,4,4,4,4,700,703,17:20,17:23,3,0,0.0,2,0.0,160.0,160.0,2,B2487,pickup_service,Pickup,Pickup
55,10,Pickup,4,4,4,4,703,706,17:23,17:26,3,0,0.0,2,0.0,160.0,160.0,4,B2448,pickup_service,Pickup,Pickup
55,11,Movement,4,7,4,7,706,713,17:26,17:33,7,7,21.43,0,0.0,160.0,138.57,4,B2487,passenger_flight,Position,Delivery
55,12,Delivery,7,7,7,7,713,716,17:33,17:36,3,0,0.0,2,8.534,138.57,147.104,2,B2487,delivery_service,Delivery,Delivery
55,13,Delivery,7,7,7,7,716,719,17:36,17:39,3,0,0.0,2,8.534,147.104,155.638,0,B2448,delivery_service,Delivery,Delivery
55,14,Stay,7,7,7,7,719,720,17:39,17:40,1,0,0.0,1,4.267,155.638,159.905,0,B2599,parking_charging,Position,Pickup
55,15,Pickup,7,7,7,7,720,723,17:40,17:43,3,0,0.0,2,0.095,159.905,160.0,1,B2599,pickup_service,Pickup,Pickup
55,16,Movement,7,4,7,4,723,730,17:43,17:50,7,7,21.43,0,0.0,160.0,138.57,1,B2599,passenger_flight,Position,Delivery
55,17,Delivery,4,4,4,4,730,733,17:50,17:53,3,0,0.0,2,8.534,138.57,147.104,0,B2599,delivery_service,Delivery,Delivery
55,18,Stay,4,4,4,4,733,800,17:53,19:00,67,0,0.0,67,12.896,147.104,160.0,0,B3287,parking_charging,Position,Pickup
55,19,Pickup,4,4,4,4,800,803,19:00,19:03,3,0,0.0,2,0.0,160.0,160.0,1,B3287,pickup_service,Pickup,Pickup
55,20,Pickup,4,4,4,4,803,806,19:03,19:06,3,0,0.0,2,0.0,160.0,160.0,2,B3300,pickup_service,Pickup,Pickup
55,21,Movement,4,6,4,6,806,813,19:06,19:13,7,7,22.06,0,0.0,160.0,137.94,2,B3287,passenger_flight,Position,Delivery
55,22,Delivery,6,6,6,6,813,816,19:13,19:16,3,0,0.0,2,8.534,137.94,146.474,1,B3287,delivery_service,Delivery,Delivery
55,23,Delivery,6,6,6,6,816,819,19:16,19:19,3,0,0.0,2,8.534,146.474,155.008,0,B3300,delivery_service,Delivery,Delivery
56,0,Stay,7,7,7,7,0,120,05:40,07:40,120,0,0.0,120,0.0,160.0,160.0,0,B95,parking_charging,Position,Pickup
56,1,Pickup,7,7,7,7,120,123,07:40,07:43,3,0,0.0,2,0.0,160.0,160.0,1,B95,pickup_service,Pickup,Pickup
56,2,Pickup,7,7,7,7,123,126,07:43,07:46,3,0,0.0,2,0.0,160.0,160.0,2,B103,pickup_service,Pickup,Pickup
56,3,Movement,7,4,7,4,126,133,07:46,07:53,7,7,21.43,0,0.0,160.0,138.57,2,B95,passenger_flight,Position,Delivery
56,4,Delivery,4,4,4,4,133,136,07:53,07:56,3,0,0.0,2,8.534,138.57,147.104,1,B95,delivery_service,Delivery,Delivery
56,5,Delivery,4,4,4,4,136,139,07:56,07:59,3,0,0.0,2,8.534,147.104,155.638,0,B103,delivery_service,Delivery,Delivery
56,6,Stay,4,4,4,4,139,691,07:59,17:11,552,0,0.0,552,4.362,155.638,160.0,0,B2390,parking_charging,Position,Pickup
56,7,Pickup,4,4,4,4,691,694,17:11,17:14,3,0,0.0,2,0.0,160.0,160.0,2,B2390,pickup_service,Pickup,Pickup
56,8,Movement,4,1,4,1,694,698,17:14,17:18,4,4,4.98,0,0.0,160.0,155.02,2,B2453,passenger_flight,Position,Pickup
56,9,Pickup,1,1,1,1,698,701,17:18,17:21,3,0,0.0,2,4.98,155.02,160.0,4,B2453,pickup_service,Pickup,Pickup
56,10,Movement,1,3,1,3,701,707,17:21,17:27,6,6,9.61,0,0.0,160.0,150.39,4,B2390,passenger_flight,Position,Delivery
56,11,Delivery,3,3,3,3,707,710,17:27,17:30,3,0,0.0,2,8.534,150.39,158.924,2,B2390,delivery_service,Delivery,Delivery
56,12,Stay,3,3,3,3,710,713,17:30,17:33,3,0,0.0,3,1.076,158.924,160.0,2,B2453,parking_charging,Position,Movement
56,13,Movement,3,2,3,2,713,716,17:33,17:36,3,3,4.08,0,0.0,160.0,155.92,2,B2453,passenger_flight,Position,Delivery
56,14,Delivery,2,2,2,2,716,719,17:36,17:39,3,0,0.0,2,4.08,155.92,160.0,0,B2453,delivery_service,Delivery,Delivery
56,15,Pickup,2,2,2,2,719,722,17:39,17:42,3,0,0.0,2,0.0,160.0,160.0,2,B2656,pickup_service,Pickup,Pickup
56,16,Stay,2,2,2,2,722,725,17:42,17:45,3,0,0.0,3,0.0,160.0,160.0,2,B2656,parking_charging,Position,Movement
56,17,Movement,2,4,2,4,725,731,17:45,17:51,6,6,16.13,0,0.0,160.0,143.87,2,B2656,passenger_flight,Position,Delivery
56,18,Delivery,4,4,4,4,731,734,17:51,17:54,3,0,0.0,2,8.534,143.87,152.404,0,B2656,delivery_service,Delivery,Delivery
56,19,Pickup,4,4,4,4,734,737,17:54,17:57,3,0,0.0,2,7.596,152.404,160.0,1,B2744,pickup_service,Pickup,Pickup
56,20,Movement,4,2,4,2,737,743,17:57,18:03,6,6,16.13,0,0.0,160.0,143.87,1,B2744,passenger_flight,Position,Delivery
56,21,Delivery,2,2,2,2,743,746,18:03,18:06,3,0,0.0,2,8.534,143.87,152.404,0,B2744,delivery_service,Delivery,Delivery
56,22,Movement,2,7,2,7,746,752,18:06,18:12,6,6,10.2,0,0.0,152.404,142.204,0,,return_to_depot,Position,Depot
58,0,Stay,9,9,9,9,0,714,05:40,17:34,714,0,0.0,714,0.0,160.0,160.0,0,B2645,parking_charging,Position,Pickup
58,1,Pickup,9,9,9,9,714,717,17:34,17:37,3,0,0.0,2,0.0,160.0,160.0,1,B2645,pickup_service,Pickup,Pickup
58,2,Stay,9,9,9,9,717,718,17:37,17:38,1,0,0.0,1,0.0,160.0,160.0,1,B2600,parking_charging,Position,Pickup
58,3,Pickup,9,9,9,9,718,721,17:38,17:41,3,0,0.0,2,0.0,160.0,160.0,2,B2600,pickup_service,Pickup,Pickup
58,4,Stay,9,9,9,9,721,724,17:41,17:44,3,0,0.0,3,0.0,160.0,160.0,2,B2600,parking_charging,Position,Movement
58,5,Movement,9,1,9,1,724,740,17:44,18:00,16,16,57.72,0,0.0,160.0,102.28,2,B2600,passenger_flight,Position,Delivery
58,6,Delivery,1,1,1,1,740,743,18:00,18:03,3,0,0.0,2,8.534,102.28,110.814,1,B2600,delivery_service,Delivery,Delivery
58,7,Delivery,1,1,1,1,743,746,18:03,18:06,3,0,0.0,2,8.534,110.814,119.348,0,B2645,delivery_service,Delivery,Delivery
58,8,Movement,1,9,1,9,746,762,18:06,18:22,16,16,57.72,0,0.0,119.348,61.628,0,,return_to_depot,Position,Depot
60,0,Stay,1,1,1,1,0,697,05:40,17:17,697,0,0.0,697,0.0,160.0,160.0,0,B2455,parking_charging,Position,Pickup
60,1,Pickup,1,1,1,1,697,700,17:17,17:20,3,0,0.0,2,0.0,160.0,160.0,2,B2455,pickup_service,Pickup,Pickup
60,2,Stay,1,1,1,1,700,710,17:20,17:30,10,0,0.0,10,0.0,160.0,160.0,2,B2455,parking_charging,Position,Movement
60,3,Movement,1,7,1,7,710,717,17:30,17:37,7,7,21.03,0,0.0,160.0,138.97,2,B2455,passenger_flight,Position,Delivery
60,4,Delivery,7,7,7,7,717,720,17:37,17:40,3,0,0.0,2,8.534,138.97,147.504,0,B2455,delivery_service,Delivery,Delivery
60,5,Movement,7,3,7,3,720,727,17:40,17:47,7,7,13.33,0,0.0,147.504,134.174,0,B2782,empty_repositioning,Position,Pickup
60,6,Pickup,3,3,3,3,727,730,17:47,17:50,3,0,0.0,2,8.534,134.174,142.708,2,B2782,pickup_service,Pickup,Pickup
60,7,Pickup,3,3,3,3,730,733,17:50,17:53,3,0,0.0,2,8.534,142.708,151.242,4,B2693,pickup_service,Pickup,Pickup
60,8,Movement,3,5,3,5,733,741,17:53,18:01,8,8,23.93,0,0.0,151.242,127.312,4,B2693,passenger_flight,Position,Delivery
60,9,Delivery,5,5,5,5,741,744,18:01,18:04,3,0,0.0,2,8.534,127.312,135.846,2,B2693,delivery_service,Delivery,Delivery
60,10,Delivery,5,5,5,5,744,747,18:04,18:07,3,0,0.0,2,8.534,135.846,144.38,0,B2782,delivery_service,Delivery,Delivery
60,11,Movement,5,1,5,1,747,755,18:07,18:15,8,8,14.88,0,0.0,144.38,129.5,0,,return_to_depot,Position,Depot
61,0,Stay,2,2,2,2,0,687,05:40,17:07,687,0,0.0,687,0.0,160.0,160.0,0,B2333,parking_charging,Position,Pickup
61,1,Pickup,2,2,2,2,687,690,17:07,17:10,3,0,0.0,2,0.0,160.0,160.0,2,B2333,pickup_service,Pickup,Pickup
61,2,Pickup,2,2,2,2,690,693,17:10,17:13,3,0,0.0,2,0.0,160.0,160.0,4,B2296,pickup_service,Pickup,Pickup
61,3,Movement,2,1,2,1,693,700,17:13,17:20,7,7,13.61,0,0.0,160.0,146.39,4,B2333,passenger_flight,Position,Delivery
61,4,Delivery,1,1,1,1,700,703,17:20,17:23,3,0,0.0,2,8.534,146.39,154.924,2,B2333,delivery_service,Delivery,Delivery
61,5,Delivery,1,1,1,1,703,706,17:23,17:26,3,0,0.0,2,5.076,154.924,160.0,0,B2296,delivery_service,Delivery,Delivery
61,6,Pickup,1,1,1,1,706,709,17:26,17:29,3,0,0.0,2,0.0,160.0,160.0,1,B2503,pickup_service,Pickup,Pickup
61,7,Pickup,1,1,1,1,709,712,17:29,17:32,3,0,0.0,2,0.0,160.0,160.0,3,B2456,pickup_service,Pickup,Pickup
61,8,Movement,1,10,1,10,712,725,17:32,17:45,13,13,47.44,0,0.0,160.0,112.56,3,B2456,passenger_flight,Position,Delivery
61,9,Delivery,10,10,10,10,725,728,17:45,17:48,3,0,0.0,2,8.534,112.56,121.094,1,B2456,delivery_service,Delivery,Delivery
61,10,Delivery,10,10,10,10,728,731,17:48,17:51,3,0,0.0,2,8.534,121.094,129.628,0,B2503,delivery_service,Delivery,Delivery
61,11,Movement,10,2,10,2,731,747,17:51,18:07,16,16,57.66,0,0.0,129.628,71.968,0,,return_to_depot,Position,Depot
62,0,Stay,3,3,3,3,0,701,05:40,17:21,701,0,0.0,701,0.0,160.0,160.0,0,B2493,parking_charging,Position,Pickup
62,1,Pickup,3,3,3,3,701,704,17:21,17:24,3,0,0.0,2,0.0,160.0,160.0,1,B2493,pickup_service,Pickup,Pickup
62,2,Stay,3,3,3,3,704,706,17:24,17:26,2,0,0.0,2,0.0,160.0,160.0,1,B2547,parking_charging,Position,Pickup
62,3,Pickup,3,3,3,3,706,709,17:26,17:29,3,0,0.0,2,0.0,160.0,160.0,4,B2547,pickup_service,Pickup,Pickup
62,4,Movement,3,4,3,4,709,716,17:29,17:36,7,7,12.6,0,0.0,160.0,147.4,4,B2493,passenger_flight,Position,Delivery
62,5,Delivery,4,4,4,4,716,719,17:36,17:39,3,0,0.0,2,8.534,147.4,155.934,3,B2493,delivery_service,Delivery,Delivery
62,6,Pickup,4,4,4,4,719,722,17:39,17:42,3,0,0.0,2,4.066,155.934,160.0,4,B2634,pickup_service,Pickup,Pickup
62,7,Delivery,4,4,4,4,722,725,17:42,17:45,3,0,0.0,2,0.0,160.0,160.0,1,B2547,delivery_service,Delivery,Delivery
62,8,Movement,4,2,4,2,725,731,17:45,17:51,6,6,16.13,0,0.0,160.0,143.87,1,B2634,passenger_flight,Position,Delivery
62,9,Delivery,2,2,2,2,731,734,17:51,17:54,3,0,0.0,2,8.534,143.87,152.404,0,B2634,delivery_service,Delivery,Delivery
62,10,Pickup,2,2,2,2,734,737,17:54,17:57,3,0,0.0,2,7.596,152.404,160.0,2,B2753,pickup_service,Pickup,Pickup
62,11,Movement,2,1,2,1,737,744,17:57,18:04,7,7,13.61,0,0.0,160.0,146.39,2,B2753,passenger_flight,Position,Delivery
62,12,Delivery,1,1,1,1,744,747,18:04,18:07,3,0,0.0,2,8.534,146.39,154.924,0,B2753,delivery_service,Delivery,Delivery
62,13,Stay,1,1,1,1,747,800,18:07,19:00,53,0,0.0,53,5.076,154.924,160.0,0,B3253,parking_charging,Position,Pickup
62,14,Pickup,1,1,1,1,800,803,19:00,19:03,3,0,0.0,2,0.0,160.0,160.0,2,B3253,pickup_service,Pickup,Pickup
62,15,Pickup,1,1,1,1,803,806,19:03,19:06,3,0,0.0,2,0.0,160.0,160.0,4,B3295,pickup_service,Pickup,Pickup
62,16,Movement,1,3,1,3,806,812,19:06,19:12,6,6,9.61,0,0.0,160.0,150.39,4,B3253,passenger_flight,Position,Delivery
62,17,Delivery,3,3,3,3,812,815,19:12,19:15,3,0,0.0,2,8.534,150.39,158.924,2,B3253,delivery_service,Delivery,Delivery
62,18,Delivery,3,3,3,3,815,818,19:15,19:18,3,0,0.0,2,1.076,158.924,160.0,0,B3295,delivery_service,Delivery,Delivery
63,0,Stay,4,4,4,4,0,699,05:40,17:19,699,0,0.0,699,0.0,160.0,160.0,0,B2476,parking_charging,Position,Pickup
63,1,Pickup,4,4,4,4,699,702,17:19,17:22,3,0,0.0,2,0.0,160.0,160.0,2,B2476,pickup_service,Pickup,Pickup
63,2,Stay,4,4,4,4,702,711,17:22,17:31,9,0,0.0,9,0.0,160.0,160.0,2,B2476,parking_charging,Position,Movement
63,3,Movement,4,7,4,7,711,718,17:31,17:38,7,7,21.43,0,0.0,160.0,138.57,2,B2476,passenger_flight,Position,Delivery
63,4,Delivery,7,7,7,7,718,721,17:38,17:41,3,0,0.0,2,8.534,138.57,147.104,0,B2476,delivery_service,Delivery,Delivery
63,5,Movement,7,3,7,3,721,728,17:41,17:48,7,7,13.33,0,0.0,147.104,133.774,0,B2727,empty_repositioning,Position,Pickup
63,6,Pickup,3,3,3,3,728,731,17:48,17:51,3,0,0.0,2,8.534,133.774,142.308,1,B2727,pickup_service,Pickup,Pickup
63,7,Pickup,3,3,3,3,731,734,17:51,17:54,3,0,0.0,2,8.534,142.308,150.842,2,B2816,pickup_service,Pickup,Pickup
63,8,Pickup,3,3,3,3,734,737,17:54,17:57,3,0,0.0,2,8.534,150.842,159.376,4,B2793,pickup_service,Pickup,Pickup
63,9,Movement,3,5,3,5,737,745,17:57,18:05,8,8,23.93,0,0.0,159.376,135.446,4,B2727,passenger_flight,Position,Delivery
63,10,Delivery,5,5,5,5,745,748,18:05,18:08,3,0,0.0,2,8.534,135.446,143.98,3,B2727,delivery_service,Delivery,Delivery
63,11,Delivery,5,5,5,5,748,751,18:08,18:11,3,0,0.0,2,8.534,143.98,152.514,2,B2816,delivery_service,Delivery,Delivery
63,12,Delivery,5,5,5,5,751,754,18:11,18:14,3,0,0.0,2,7.486,152.514,160.0,0,B2793,delivery_service,Delivery,Delivery
63,13,Movement,5,4,5,4,754,760,18:14,18:20,6,6,11.45,0,0.0,160.0,148.55,0,,return_to_depot,Position,Depot
64,0,Stay,5,5,5,5,0,700,05:40,17:20,700,0,0.0,700,0.0,160.0,160.0,0,B2449,parking_charging,Position,Pickup
64,1,Pickup,5,5,5,5,700,703,17:20,17:23,3,0,0.0,2,0.0,160.0,160.0,1,B2449,pickup_service,Pickup,Pickup
64,2,Movement,5,3,5,3,703,711,17:23,17:31,8,8,23.93,0,0.0,160.0,136.07,1,B2449,passenger_flight,Position,Delivery
64,3,Delivery,3,3,3,3,711,714,17:31,17:34,3,0,0.0,2,8.534,136.07,144.604,0,B2449,delivery_service,Delivery,Delivery
64,4,Stay,3,3,3,3,714,720,17:34,17:40,6,0,0.0,6,15.396,144.604,160.0,0,B2692,parking_charging,Position,Pickup
64,5,Pickup,3,3,3,3,720,723,17:40,17:43,3,0,0.0,2,0.0,160.0,160.0,2,B2692,pickup_service,Pickup,Pickup
64,6,Stay,3,3,3,3,723,728,17:43,17:48,5,0,0.0,5,0.0,160.0,160.0,2,B2792,parking_charging,Position,Pickup
64,7,Pickup,3,3,3,3,728,731,17:48,17:51,3,0,0.0,2,0.0,160.0,160.0,4,B2792,pickup_service,Pickup,Pickup
64,8,Movement,3,4,3,4,731,738,17:51,17:58,7,7,12.6,0,0.0,160.0,147.4,4,B2692,passenger_flight,Position,Delivery
64,9,Delivery,4,4,4,4,738,741,17:58,18:01,3,0,0.0,2,8.534,147.4,155.934,2,B2692,delivery_service,Delivery,Delivery
64,10,Stay,4,4,4,4,741,744,18:01,18:04,3,0,0.0,3,4.066,155.934,160.0,2,B2792,parking_charging,Position,Delivery
64,11,Delivery,4,4,4,4,744,747,18:04,18:07,3,0,0.0,2,0.0,160.0,160.0,0,B2792,delivery_service,Delivery,Delivery
64,12,Movement,4,5,4,5,747,753,18:07,18:13,6,6,11.45,0,0.0,160.0,148.55,0,,return_to_depot,Position,Depot
65,0,Stay,6,6,6,6,0,120,05:40,07:40,120,0,0.0,120,0.0,160.0,160.0,0,B97,parking_charging,Position,Pickup
65,1,Pickup,6,6,6,6,120,123,07:40,07:43,3,0,0.0,2,0.0,160.0,160.0,2,B97,pickup_service,Pickup,Pickup
65,2,Movement,6,1,6,1,123,130,07:43,07:50,7,7,23.39,0,0.0,160.0,136.61,2,B97,passenger_flight,Position,Delivery
65,3,Delivery,1,1,1,1,130,133,07:50,07:53,3,0,0.0,2,8.534,136.61,145.144,0,B97,delivery_service,Delivery,Delivery
65,4,Stay,1,1,1,1,133,700,07:53,17:20,567,0,0.0,567,14.856,145.144,160.0,0,B2483,parking_charging,Position,Movement
65,5,Movement,1,3,1,3,700,706,17:20,17:26,6,6,9.61,0,0.0,160.0,150.39,0,B2483,empty_repositioning,Position,Pickup
65,6,Pickup,3,3,3,3,706,709,17:26,17:29,3,0,0.0,2,8.534,150.39,158.924,2,B2483,pickup_service,Pickup,Pickup
65,7,Stay,3,3,3,3,709,710,17:29,17:30,1,0,0.0,1,1.076,158.924,160.0,2,B2595,parking_charging,Position,Pickup
65,8,Pickup,3,3,3,3,710,713,17:30,17:33,3,0,0.0,2,0.0,160.0,160.0,4,B2595,pickup_service,Pickup,Pickup
65,9,Movement,3,4,3,4,713,720,17:33,17:40,7,7,12.6,0,0.0,160.0,147.4,4,B2483,passenger_flight,Position,Delivery
65,10,Delivery,4,4,4,4,720,723,17:40,17:43,3,0,0.0,2,8.534,147.4,155.934,2,B2483,delivery_service,Delivery,Delivery
65,11,Stay,4,4,4,4,723,726,17:43,17:46,3,0,0.0,3,4.066,155.934,160.0,2,B2595,parking_charging,Position,Movement
65,12,Movement,4,5,4,5,726,732,17:46,17:52,6,6,11.45,0,0.0,160.0,148.55,2,B2595,passenger_flight,Position,Delivery
65,13,Delivery,5,5,5,5,732,735,17:52,17:55,3,0,0.0,2,8.534,148.55,157.084,0,B2595,delivery_service,Delivery,Delivery
65,14,Stay,5,5,5,5,735,800,17:55,19:00,65,0,0.0,65,2.916,157.084,160.0,0,B3322,parking_charging,Position,Movement
65,15,Movement,5,4,5,4,800,806,19:00,19:06,6,6,11.45,0,0.0,160.0,148.55,0,B3322,empty_repositioning,Position,Pickup
65,16,Pickup,4,4,4,4,806,809,19:06,19:09,3,0,0.0,2,8.534,148.55,157.084,2,B3322,pickup_service,Pickup,Pickup
65,17,Movement,4,6,4,6,809,816,19:09,19:16,7,7,22.06,0,0.0,157.084,135.024,2,B3322,passenger_flight,Position,Delivery
65,18,Delivery,6,6,6,6,816,819,19:16,19:19,3,0,0.0,2,8.534,135.024,143.558,0,B3322,delivery_service,Delivery,Delivery
66,0,Stay,7,7,7,7,0,683,05:40,17:03,683,0,0.0,683,0.0,160.0,160.0,0,B2301,parking_charging,Position,Pickup
66,1,Pickup,7,7,7,7,683,686,17:03,17:06,3,0,0.0,2,0.0,160.0,160.0,2,B2301,pickup_service,Pickup,Pickup
66,2,Pickup,7,7,7,7,686,689,17:06,17:09,3,0,0.0,2,0.0,160.0,160.0,4,B2250,pickup_service,Pickup,Pickup
66,3,Movement,7,4,7,4,689,696,17:09,17:16,7,7,21.43,0,0.0,160.0,138.57,4,B2250,passenger_flight,Position,Delivery
66,4,Delivery,4,4,4,4,696,699,17:16,17:19,3,0,0.0,2,8.534,138.57,147.104,2,B2250,delivery_service,Delivery,Delivery
66,5,Delivery,4,4,4,4,699,702,17:19,17:22,3,0,0.0,2,8.534,147.104,155.638,0,B2301,delivery_service,Delivery,Delivery
66,6,Stay,4,4,4,4,702,705,17:22,17:25,3,0,0.0,3,4.362,155.638,160.0,0,B2604,parking_charging,Position,Movement
66,7,Movement,4,2,4,2,705,711,17:25,17:31,6,6,16.13,0,0.0,160.0,143.87,0,B2604,empty_repositioning,Position,Pickup
66,8,Pickup,2,2,2,2,711,714,17:31,17:34,3,0,0.0,2,8.534,143.87,152.404,2,B2604,pickup_service,Pickup,Pickup
66,9,Pickup,2,2,2,2,714,717,17:34,17:37,3,0,0.0,2,7.596,152.404,160.0,4,B2545,pickup_service,Pickup,Pickup
66,10,Movement,2,5,2,5,717,725,17:37,17:45,8,8,27.57,0,0.0,160.0,132.43,4,B2604,passenger_flight,Position,Delivery
66,11,Delivery,5,5,5,5,725,728,17:45,17:48,3,0,0.0,2,8.534,132.43,140.964,2,B2604,delivery_service,Delivery,Delivery
66,12,Delivery,5,5,5,5,728,731,17:48,17:51,3,0,0.0,2,8.534,140.964,149.498,0,B2545,delivery_service,Delivery,Delivery
66,13,Movement,5,7,5,7,731,741,17:51,18:01,10,10,32.24,0,0.0,149.498,117.258,0,,return_to_depot,Position,Depot
67,0,Stay,8,8,8,8,0,723,05:40,17:43,723,0,0.0,723,0.0,160.0,160.0,0,B2740,parking_charging,Position,Pickup
67,1,Pickup,8,8,8,8,723,726,17:43,17:46,3,0,0.0,2,0.0,160.0,160.0,1,B2740,pickup_service,Pickup,Pickup
67,2,Movement,8,7,8,7,726,733,17:46,17:53,7,7,22.2,0,0.0,160.0,137.8,1,B2761,passenger_flight,Position,Pickup
67,3,Pickup,7,7,7,7,733,736,17:53,17:56,3,0,0.0,2,8.534,137.8,146.334,2,B2761,pickup_service,Pickup,Pickup
67,4,Movement,7,1,7,1,736,743,17:56,18:03,7,7,21.03,0,0.0,146.334,125.304,2,B2761,passenger_flight,Position,Delivery
67,5,Delivery,1,1,1,1,743,746,18:03,18:06,3,0,0.0,2,8.534,125.304,133.838,1,B2761,delivery_service,Delivery,Delivery
67,6,Delivery,1,1,1,1,746,749,18:06,18:09,3,0,0.0,2,8.534,133.838,142.372,0,B2740,delivery_service,Delivery,Delivery
67,7,Movement,1,8,1,8,749,761,18:09,18:21,12,12,41.05,0,0.0,142.372,101.322,0,,return_to_depot,Position,Depot
68,0,Stay,9,9,9,9,0,725,05:40,17:45,725,0,0.0,725,0.0,160.0,160.0,0,B2763,parking_charging,Position,Pickup
68,1,Pickup,9,9,9,9,725,728,17:45,17:48,3,0,0.0,2,0.0,160.0,160.0,1,B2763,pickup_service,Pickup,Pickup
68,2,Pickup,9,9,9,9,728,731,17:48,17:51,3,0,0.0,2,0.0,160.0,160.0,3,B2722,pickup_service,Pickup,Pickup
68,3,Pickup,9,9,9,9,731,734,17:51,17:54,3,0,0.0,2,0.0,160.0,160.0,4,B2835,pickup_service,Pickup,Pickup
68,4,Movement,9,1,9,1,734,750,17:54,18:10,16,16,57.72,0,0.0,160.0,102.28,4,B2763,passenger_flight,Position,Delivery
68,5,Delivery,1,1,1,1,750,753,18:10,18:13,3,0,0.0,2,8.534,102.28,110.814,3,B2763,delivery_service,Delivery,Delivery
68,6,Delivery,1,1,1,1,753,756,18:13,18:16,3,0,0.0,2,8.534,110.814,119.348,1,B2722,delivery_service,Delivery,Delivery
68,7,Delivery,1,1,1,1,756,759,18:16,18:19,3,0,0.0,2,8.534,119.348,127.882,0,B2835,delivery_service,Delivery,Delivery
68,8,Movement,1,9,1,9,759,775,18:19,18:35,16,16,57.72,0,0.0,127.882,70.162,0,,return_to_depot,Position,Depot
70,0,Stay,1,1,1,1,0,680,05:40,17:00,680,0,0.0,680,0.0,160.0,160.0,0,B2202,parking_charging,Position,Pickup
70,1,Pickup,1,1,1,1,680,683,17:00,17:03,3,0,0.0,2,0.0,160.0,160.0,1,B2202,pickup_service,Pickup,Pickup
70,2,Movement,1,3,1,3,683,689,17:03,17:09,6,6,9.61,0,0.0,160.0,150.39,1,B2202,passenger_flight,Position,Delivery
70,3,Delivery,3,3,3,3,689,692,17:09,17:12,3,0,0.0,2,8.534,150.39,158.924,0,B2202,delivery_service,Delivery,Delivery
70,4,Stay,3,3,3,3,692,693,17:12,17:13,1,0,0.0,1,1.076,158.924,160.0,0,B2413,parking_charging,Position,Pickup
70,5,Pickup,3,3,3,3,693,696,17:13,17:16,3,0,0.0,2,0.0,160.0,160.0,2,B2413,pickup_service,Pickup,Pickup
70,6,Pickup,3,3,3,3,696,699,17:16,17:19,3,0,0.0,2,0.0,160.0,160.0,4,B2357,pickup_service,Pickup,Pickup
70,7,Movement,3,5,3,5,699,707,17:19,17:27,8,8,23.93,0,0.0,160.0,136.07,4,B2413,passenger_flight,Position,Delivery
70,8,Delivery,5,5,5,5,707,710,17:27,17:30,3,0,0.0,2,8.534,136.07,144.604,2,B2413,delivery_service,Delivery,Delivery
70,9,Delivery,5,5,5,5,710,713,17:30,17:33,3,0,0.0,2,8.534,144.604,153.138,0,B2357,delivery_service,Delivery,Delivery
70,10,Stay,5,5,5,5,713,720,17:33,17:40,7,0,0.0,7,6.862,153.138,160.0,0,B2737,parking_charging,Position,Movement
70,11,Movement,5,4,5,4,720,726,17:40,17:46,6,6,11.45,0,0.0,160.0,148.55,0,B2737,empty_repositioning,Position,Pickup
70,12,Pickup,4,4,4,4,726,729,17:46,17:49,3,0,0.0,2,8.534,148.55,157.084,1,B2737,pickup_service,Pickup,Pickup
70,13,Pickup,4,4,4,4,729,732,17:49,17:52,3,0,0.0,2,2.916,157.084,160.0,2,B2706,pickup_service,Pickup,Pickup
70,14,Movement,4,2,4,2,732,738,17:52,17:58,6,6,16.13,0,0.0,160.0,143.87,2,B2706,passenger_flight,Position,Delivery
70,15,Delivery,2,2,2,2,738,741,17:58,18:01,3,0,0.0,2,8.534,143.87,152.404,1,B2706,delivery_service,Delivery,Delivery
70,16,Delivery,2,2,2,2,741,744,18:01,18:04,3,0,0.0,2,7.596,152.404,160.0,0,B2737,delivery_service,Delivery,Delivery
70,17,Stay,2,2,2,2,744,800,18:04,19:00,56,0,0.0,56,0.0,160.0,160.0,0,B3230,parking_charging,Position,Pickup
70,18,Pickup,2,2,2,2,800,803,19:00,19:03,3,0,0.0,2,0.0,160.0,160.0,2,B3230,pickup_service,Pickup,Pickup
70,19,Movement,2,1,2,1,803,810,19:03,19:10,7,7,13.61,0,0.0,160.0,146.39,2,B3230,passenger_flight,Position,Delivery
70,20,Delivery,1,1,1,1,810,813,19:10,19:13,3,0,0.0,2,8.534,146.39,154.924,0,B3230,delivery_service,Delivery,Delivery
71,0,Stay,2,2,2,2,0,689,05:40,17:09,689,0,0.0,689,0.0,160.0,160.0,0,B2355,parking_charging,Position,Pickup
71,1,Pickup,2,2,2,2,689,692,17:09,17:12,3,0,0.0,2,0.0,160.0,160.0,2,B2355,pickup_service,Pickup,Pickup
71,2,Stay,2,2,2,2,692,698,17:12,17:18,6,0,0.0,6,0.0,160.0,160.0,2,B2465,parking_charging,Position,Pickup
71,3,Pickup,2,2,2,2,698,701,17:18,17:21,3,0,0.0,2,0.0,160.0,160.0,4,B2465,pickup_service,Pickup,Pickup
71,4,Movement,2,1,2,1,701,708,17:21,17:28,7,7,13.61,0,0.0,160.0,146.39,4,B2355,passenger_flight,Position,Delivery
71,5,Delivery,1,1,1,1,708,711,17:28,17:31,3,0,0.0,2,8.534,146.39,154.924,2,B2355,delivery_service,Delivery,Delivery
71,6,Delivery,1,1,1,1,711,714,17:31,17:34,3,0,0.0,2,5.076,154.924,160.0,0,B2465,delivery_service,Delivery,Delivery
71,7,Stay,1,1,1,1,714,720,17:34,17:40,6,0,0.0,6,0.0,160.0,160.0,0,B2589,parking_charging,Position,Pickup
71,8,Pickup,1,1,1,1,720,723,17:40,17:43,3,0,0.0,2,0.0,160.0,160.0,1,B2589,pickup_service,Pickup,Pickup
71,9,Movement,1,3,1,3,723,729,17:43,17:49,6,6,9.61,0,0.0,160.0,150.39,1,B2589,passenger_flight,Position,Delivery
71,10,Delivery,3,3,3,3,729,732,17:49,17:52,3,0,0.0,2,8.534,150.39,158.924,0,B2589,delivery_service,Delivery,Delivery
71,11,Pickup,3,3,3,3,732,735,17:52,17:55,3,0,0.0,2,1.076,158.924,160.0,2,B2704,pickup_service,Pickup,Pickup
71,12,Movement,3,5,3,5,735,743,17:55,18:03,8,8,23.93,0,0.0,160.0,136.07,2,B2704,passenger_flight,Position,Delivery
71,13,Delivery,5,5,5,5,743,746,18:03,18:06,3,0,0.0,2,8.534,136.07,144.604,0,B2704,delivery_service,Delivery,Delivery
71,14,Movement,5,2,5,2,746,754,18:06,18:14,8,8,27.57,0,0.0,144.604,117.034,0,,return_to_depot,Position,Depot
72,0,Stay,3,3,3,3,0,685,05:40,17:05,685,0,0.0,685,0.0,160.0,160.0,0,B2316,parking_charging,Position,Pickup
72,1,Pickup,3,3,3,3,685,688,17:05,17:08,3,0,0.0,2,0.0,160.0,160.0,2,B2316,pickup_service,Pickup,Pickup
72,2,Pickup,3,3,3,3,688,691,17:08,17:11,3,0,0.0,2,0.0,160.0,160.0,4,B2276,pickup_service,Pickup,Pickup
72,3,Movement,3,5,3,5,691,699,17:11,17:19,8,8,23.93,0,0.0,160.0,136.07,4,B2316,passenger_flight,Position,Delivery
72,4,Delivery,5,5,5,5,699,702,17:19,17:22,3,0,0.0,2,8.534,136.07,144.604,2,B2316,delivery_service,Delivery,Delivery
72,5,Delivery,5,5,5,5,702,705,17:22,17:25,3,0,0.0,2,8.534,144.604,153.138,0,B2276,delivery_service,Delivery,Delivery
72,6,Movement,5,3,5,3,705,713,17:25,17:33,8,8,23.93,0,0.0,153.138,129.208,0,,return_to_depot,Position,Depot
73,0,Stay,4,4,4,4,0,700,05:40,17:20,700,0,0.0,700,0.0,160.0,160.0,0,B2369,parking_charging,Position,Pickup
73,1,Pickup,4,4,4,4,700,703,17:20,17:23,3,0,0.0,2,0.0,160.0,160.0,1,B2369,pickup_service,Pickup,Pickup
73,2,Movement,4,2,4,2,703,709,17:23,17:29,6,6,16.13,0,0.0,160.0,143.87,1,B2369,passenger_flight,Position,Delivery
73,3,Delivery,2,2,2,2,709,712,17:29,17:32,3,0,0.0,2,8.534,143.87,152.404,0,B2369,delivery_service,Delivery,Delivery
73,4,Stay,2,2,2,2,712,717,17:32,17:37,5,0,0.0,5,7.596,152.404,160.0,0,B2669,parking_charging,Position,Pickup
73,5,Pickup,2,2,2,2,717,720,17:37,17:40,3,0,0.0,2,0.0,160.0,160.0,2,B2669,pickup_service,Pickup,Pickup
73,6,Stay,2,2,2,2,720,729,17:40,17:49,9,0,0.0,9,0.0,160.0,160.0,2,B2669,parking_charging,Position,Movement
73,7,Movement,2,5,2,5,729,737,17:49,17:57,8,8,27.57,0,0.0,160.0,132.43,2,B2669,passenger_flight,Position,Delivery
73,8,Delivery,5,5,5,5,737,740,17:57,18:00,3,0,0.0,2,8.534,132.43,140.964,0,B2669,delivery_service,Delivery,Delivery
73,9,Movement,5,4,5,4,740,746,18:00,18:06,6,6,11.45,0,0.0,140.964,129.514,0,,return_to_depot,Position,Depot
75,0,Stay,6,6,6,6,0,700,05:40,17:20,700,0,0.0,700,0.0,160.0,160.0,0,B2461,parking_charging,Position,Pickup
75,1,Pickup,6,6,6,6,700,703,17:20,17:23,3,0,0.0,2,0.0,160.0,160.0,1,B2461,pickup_service,Pickup,Pickup
75,2,Stay,6,6,6,6,703,705,17:23,17:25,2,0,0.0,2,0.0,160.0,160.0,1,B2537,parking_charging,Position,Pickup
75,3,Pickup,6,6,6,6,705,708,17:25,17:28,3,0,0.0,2,0.0,160.0,160.0,2,B2537,pickup_service,Pickup,Pickup
75,4,Movement,6,3,6,3,708,718,17:28,17:38,10,10,32.98,0,0.0,160.0,127.02,2,B2461,passenger_flight,Position,Delivery
75,5,Delivery,3,3,3,3,718,721,17:38,17:41,3,0,0.0,2,8.534,127.02,135.554,1,B2461,delivery_service,Delivery,Delivery
75,6,Stay,3,3,3,3,721,724,17:41,17:44,3,0,0.0,3,12.801,135.554,148.355,1,B2537,parking_charging,Position,Delivery
75,7,Delivery,3,3,3,3,724,727,17:44,17:47,3,0,0.0,2,8.534,148.355,156.889,0,B2537,delivery_service,Delivery,Delivery
75,8,Stay,3,3,3,3,727,735,17:47,17:55,8,0,0.0,8,3.111,156.889,160.0,0,B2874,parking_charging,Position,Pickup
75,9,Pickup,3,3,3,3,735,738,17:55,17:58,3,0,0.0,2,0.0,160.0,160.0,2,B2874,pickup_service,Pickup,Pickup
75,10,Pickup,3,3,3,3,738,741,17:58,18:01,3,0,0.0,2,0.0,160.0,160.0,4,B2837,pickup_service,Pickup,Pickup
75,11,Movement,3,1,3,1,741,747,18:01,18:07,6,6,9.61,0,0.0,160.0,150.39,4,B2874,passenger_flight,Position,Delivery
75,12,Delivery,1,1,1,1,747,750,18:07,18:10,3,0,0.0,2,8.534,150.39,158.924,2,B2874,delivery_service,Delivery,Delivery
75,13,Delivery,1,1,1,1,750,753,18:10,18:13,3,0,0.0,2,1.076,158.924,160.0,0,B2837,delivery_service,Delivery,Delivery
75,14,Movement,1,6,1,6,753,760,18:13,18:20,7,7,23.39,0,0.0,160.0,136.61,0,,return_to_depot,Position,Depot
76,0,Stay,7,7,7,7,0,689,05:40,17:09,689,0,0.0,689,0.0,160.0,160.0,0,B2360,parking_charging,Position,Pickup
76,1,Pickup,7,7,7,7,689,692,17:09,17:12,3,0,0.0,2,0.0,160.0,160.0,1,B2360,pickup_service,Pickup,Pickup
76,2,Pickup,7,7,7,7,692,695,17:12,17:15,3,0,0.0,2,0.0,160.0,160.0,3,B2349,pickup_service,Pickup,Pickup
76,3,Pickup,7,7,7,7,695,698,17:15,17:18,3,0,0.0,2,0.0,160.0,160.0,4,B2439,pickup_service,Pickup,Pickup
76,4,Movement,7,4,7,4,698,705,17:18,17:25,7,7,21.43,0,0.0,160.0,138.57,4,B2360,passenger_flight,Position,Delivery
76,5,Delivery,4,4,4,4,705,708,17:25,17:28,3,0,0.0,2,8.534,138.57,147.104,3,B2360,delivery_service,Delivery,Delivery
76,6,Delivery,4,4,4,4,708,711,17:28,17:31,3,0,0.0,2,8.534,147.104,155.638,1,B2349,delivery_service,Delivery,Delivery
76,7,Movement,4,1,4,1,711,715,17:31,17:35,4,4,4.98,0,0.0,155.638,150.658,1,B2439,passenger_flight,Position,Delivery
76,8,Delivery,1,1,1,1,715,718,17:35,17:38,3,0,0.0,2,8.534,150.658,159.192,0,B2439,delivery_service,Delivery,Delivery
76,9,Stay,1,1,1,1,718,720,17:38,17:40,2,0,0.0,2,0.808,159.192,160.0,0,B2642,parking_charging,Position,Movement
76,10,Movement,1,3,1,3,720,726,17:40,17:46,6,6,9.61,0,0.0,160.0,150.39,0,B2642,empty_repositioning,Position,Pickup
76,11,Pickup,3,3,3,3,726,729,17:46,17:49,3,0,0.0,2,8.534,150.39,158.924,2,B2642,pickup_service,Pickup,Pickup
76,12,Movement,3,5,3,5,729,737,17:49,17:57,8,8,23.93,0,0.0,158.924,134.994,2,B2642,passenger_flight,Position,Delivery
76,13,Delivery,5,5,5,5,737,740,17:57,18:00,3,0,0.0,2,8.534,134.994,143.528,0,B2642,delivery_service,Delivery,Delivery
76,14,Movement,5,7,5,7,740,750,18:00,18:10,10,10,32.24,0,0.0,143.528,111.288,0,,return_to_depot,Position,Depot
78,0,Stay,9,9,9,9,0,725,05:40,17:45,725,0,0.0,725,0.0,160.0,160.0,0,B2764,parking_charging,Position,Pickup
78,1,Pickup,9,9,9,9,725,728,17:45,17:48,3,0,0.0,2,0.0,160.0,160.0,1,B2764,pickup_service,Pickup,Pickup
78,2,Pickup,9,9,9,9,728,731,17:48,17:51,3,0,0.0,2,0.0,160.0,160.0,2,B2801,pickup_service,Pickup,Pickup
78,3,Stay,9,9,9,9,731,737,17:51,17:57,6,0,0.0,6,0.0,160.0,160.0,2,B2898,parking_charging,Position,Pickup
78,4,Pickup,9,9,9,9,737,740,17:57,18:00,3,0,0.0,2,0.0,160.0,160.0,4,B2898,pickup_service,Pickup,Pickup
78,5,Movement,9,4,9,4,740,755,18:00,18:15,15,15,55.47,0,0.0,160.0,104.53,4,B2764,passenger_flight,Position,Delivery
78,6,Delivery,4,4,4,4,755,758,18:15,18:18,3,0,0.0,2,8.534,104.53,113.064,3,B2764,delivery_service,Delivery,Delivery
78,7,Delivery,4,4,4,4,758,761,18:18,18:21,3,0,0.0,2,8.534,113.064,121.598,2,B2801,delivery_service,Delivery,Delivery
78,8,Movement,4,5,4,5,761,767,18:21,18:27,6,6,11.45,0,0.0,121.598,110.148,2,B2898,passenger_flight,Position,Delivery
78,9,Delivery,5,5,5,5,767,770,18:27,18:30,3,0,0.0,2,8.534,110.148,118.682,0,B2898,delivery_service,Delivery,Delivery
78,10,Movement,5,9,5,9,770,787,18:30,18:47,17,17,62.04,0,0.0,118.682,56.642,0,,return_to_depot,Position,Depot
