time_min,time_hhmm,route_node_id,physical_node_id,physical_address,vehicle_count,vehicle_ids
0,05:40,1,1,서울역,12,"0,10,20,30,40,50,60,70,80,90,100,110"
0,05:40,10,10,인천공항,12,"9,19,29,39,49,59,69,79,89,99,109,119"
0,05:40,2,2,수서,12,"1,11,21,31,41,51,61,71,81,91,101,111"
0,05:40,3,3,삼성,12,"2,12,22,32,42,52,62,72,82,92,102,112"
0,05:40,4,4,여의도,12,"3,13,23,33,43,53,63,73,83,93,103,113"
0,05:40,5,5,김포공항,12,"4,14,24,34,44,54,64,74,84,94,104,114"
0,05:40,6,6,일산,12,"5,15,25,35,45,55,65,75,85,95,105,115"
0,05:40,7,7,판교,12,"6,16,26,36,46,56,66,76,86,96,106,116"
0,05:40,8,8,동탄/용인,12,"7,17,27,37,47,57,67,77,87,97,107,117"
0,05:40,9,9,평택,12,"8,18,28,38,48,58,68,78,88,98,108,118"
1,05:41,1,1,서울역,12,"0,10,20,30,40,50,60,70,80,90,100,110"
1,05:41,10,10,인천공항,12,"9,19,29,39,49,59,69,79,89,99,109,119"
1,05:41,2,2,수서,12,"1,11,21,31,41,51,61,71,81,91,101,111"
1,05:41,3,3,삼성,12,"2,12,22,32,42,52,62,72,82,92,102,112"
1,05:41,4,4,여의도,12,"3,13,23,33,43,53,63,73,83,93,103,113"
1,05:41,5,5,김포공항,12,"4,14,24,34,44,54,64,74,84,94,104,114"
1,05:41,6,6,일산,12,"5,15,25,35,45,55,65,75,85,95,105,115"
1,05:41,7,7,판교,12,"6,16,26,36,46,56,66,76,86,96,106,116"
1,05:41,8,8,동탄/용인,12,"7,17,27,37,47,57,67,77,87,97,107,117"
1,05:41,9,9,평택,12,"8,18,28,38,48,58,68,78,88,98,108,118"
2,05:42,1,1,서울역,12,"0,10,20,30,40,50,60,70,80,90,100,110"
2,05:42,10,10,인천공항,12,"9,19,29,39,49,59,69,79,89,99,109,119"
2,05:42,2,2,수서,12,"1,11,21,31,41,51,61,71,81,91,101,111"
2,05:42,3,3,삼성,12,"2,12,22,32,42,52,62,72,82,92,102,112"
2,05:42,4,4,여의도,12,"3,13,23,33,43,53,63,73,83,93,103,113"
2,05:42,5,5,김포공항,12,"4,14,24,34,44,54,64,74,84,94,104,114"
2,05:42,6,6,일산,12,"5,15,25,35,45,55,65,75,85,95,105,115"
2,05:42,7,7,판교,12,"6,16,26,36,46,56,66,76,86,96,106,116"
2,05:42,8,8,동탄/용인,12,"7,17,27,37,47,57,67,77,87,97,107,117"
2,05:42,9,9,평택,12,"8,18,28,38,48,58,68,78,88,98,108,118"
3,05:43,1,1,서울역,12,"0,10,20,30,40,50,60,70,80,90,100,110"
3,05:43,10,10,인천공항,12,"9,19,29,39,49,59,69,79,89,99,109,119"
3,05:43,2,2,수서,12,"1,11,21,31,41,51,61,71,81,91,101,111"
3,05:43,3,3,삼성,12,"2,12,22,32,42,52,62,72,82,92,102,112"
3,05:43,4,4,여의도,12,"3,13,23,33,43,53,63,73,83,93,103,113"
3,05:43,5,5,김포공항,12,"4,14,24,34,44,54,64,74,84,94,104,114"
3,05:43,6,6,일산,12,"5,15,25,35,45,55,65,75,85,95,105,115"
3,05:43,7,7,판교,12,"6,16,26,36,46,56,66,76,86,96,106,116"
3,05:43,8,8,동탄/용인,12,"7,17,27,37,47,57,67,77,87,97,107,117"
3,05:43,9,9,평택,12,"8,18,28,38,48,58,68,78,88,98,108,118"
4,05:44,1,1,서울역,12,"0,10,20,30,40,50,60,70,80,90,100,110"
4,05:44,10,10,인천공항,12,"9,19,29,39,49,59,69,79,89,99,109,119"
4,05:44,2,2,수서,12,"1,11,21,31,41,51,61,71,81,91,101,111"
4,05:44,3,3,삼성,12,"2,12,22,32,42,52,62,72,82,92,102,112"
4,05:44,4,4,여의도,12,"3,13,23,33,43,53,63,73,83,93,103,113"
4,05:44,5,5,김포공항,12,"4,14,24,34,44,54,64,74,84,94,104,114"
4,05:44,6,6,일산,12,"5,15,25,35,45,55,65,75,85,95,105,115"
4,05:44,7,7,판교,12,"6,16,26,36,46,56,66,76,86,96,106,116"
4,05:44,8,8,동탄/용인,12,"7,17,27,37,47,57,67,77,87,97,107,117"
4,05:44,9,9,평택,12,"8,18,28,38,48,58,68,78,88,98,108,118"
5,05:45,1,1,서울역,12,"0,10,20,30,40,50,60,70,80,90,100,110"
5,05:45,10,10,인천공항,12,"9,19,29,39,49,59,69,79,89,99,109,119"
5,05:45,2,2,수서,12,"1,11,21,31,41,51,61,71,81,91,101,111"
5,05:45,3,3,삼성,12,"2,12,22,32,42,52,62,72,82,92,102,112"
5,05:45,4,4,여의도,12,"3,13,23,33,43,53,63,73,83,93,103,113"
5,05:45,5,5,김포공항,12,"4,14,24,34,44,54,64,74,84,94,104,114"
5,05:45,6,6,일산,12,"5,15,25,35,45,55,65,75,85,95,105,115"
5,05:45,7,7,판교,12,"6,16,26,36,46,56,66,76,86,96,106,116"
5,05:45,8,8,동탄/용인,12,"7,17,27,37,47,57,67,77,87,97,107,117"
5,05:45,9,9,평택,12,"8,18,28,38,48,58,68,78,88,98,108,118"
6,05:46,1,1,서울역,12,"0,10,20,30,40,50,60,70,80,90,100,110"
6,05:46,10,10,인천공항,12,"9,19,29,39,49,59,69,79,89,99,109,119"
6,05:46,2,2,수서,12,"1,11,21,31,41,51,61,71,81,91,101,111"
6,05:46,3,3,삼성,12,"2,12,22,32,42,52,62,72,82,92,102,112"
6,05:46,4,4,여의도,12,"3,13,23,33,43,53,63,73,83,93,103,113"
6,05:46,5,5,김포공항,12,"4,14,24,34,44,54,64,74,84,94,104,114"
6,05:46,6,6,일산,12,"5,15,25,35,45,55,65,75,85,95,105,115"
6,05:46,7,7,판교,12,"6,16,26,36,46,56,66,76,86,96,106,116"
6,05:46,8,8,동탄/용인,12,"7,17,27,37,47,57,67,77,87,97,107,117"
6,05:46,9,9,평택,12,"8,18,28,38,48,58,68,78,88,98,108,118"
7,05:47,1,1,서울역,12,"0,10,20,30,40,50,60,70,80,90,100,110"
7,05:47,10,10,인천공항,12,"9,19,29,39,49,59,69,79,89,99,109,119"
7,05:47,2,2,수서,12,"1,11,21,31,41,51,61,71,81,91,101,111"
7,05:47,3,3,삼성,12,"2,12,22,32,42,52,62,72,82,92,102,112"
7,05:47,4,4,여의도,12,"3,13,23,33,43,53,63,73,83,93,103,113"
7,05:47,5,5,김포공항,12,"4,14,24,34,44,54,64,74,84,94,104,114"
7,05:47,6,6,일산,12,"5,15,25,35,45,55,65,75,85,95,105,115"
7,05:47,7,7,판교,12,"6,16,26,36,46,56,66,76,86,96,106,116"
7,05:47,8,8,동탄/용인,12,"7,17,27,37,47,57,67,77,87,97,107,117"
7,05:47,9,9,평택,12,"8,18,28,38,48,58,68,78,88,98,108,118"
8,05:48,1,1,서울역,12,"0,10,20,30,40,50,60,70,80,90,100,110"
8,05:48,10,10,인천공항,12,"9,19,29,39,49,59,69,79,89,99,109,119"
8,05:48,2,2,수서,12,"1,11,21,31,41,51,61,71,81,91,101,111"
8,05:48,3,3,삼성,12,"2,12,22,32,42,52,62,72,82,92,102,112"
8,05:48,4,4,여의도,12,"3,13,23,33,43,53,63,73,83,93,103,113"
8,05:48,5,5,김포공항,12,"4,14,24,34,44,54,64,74,84,94,104,114"
8,05:48,6,6,일산,12,"5,15,25,35,45,55,65,75,85,95,105,115"
8,05:48,7,7,판교,12,"6,16,26,36,46,56,66,76,86,96,106,116"
8,05:48,8,8,동탄/용인,12,"7,17,27,37,47,57,67,77,87,97,107,117"
8,05:48,9,9,평택,12,"8,18,28,38,48,58,68,78,88,98,108,118"
9,05:49,1,1,서울역,12,"0,10,20,30,40,50,60,70,80,90,100,110"
9,05:49,10,10,인천공항,12,"9,19,29,39,49,59,69,79,89,99,109,119"
9,05:49,2,2,수서,12,"1,11,21,31,41,51,61,71,81,91,101,111"
9,05:49,3,3,삼성,12,"2,12,22,32,42,52,62,72,82,92,102,112"
9,05:49,4,4,여의도,12,"3,13,23,33,43,53,63,73,83,93,103,113"
9,05:49,5,5,김포공항,12,"4,14,24,34,44,54,64,74,84,94,104,114"
9,05:49,6,6,일산,12,"5,15,25,35,45,55,65,75,85,95,105,115"
9,05:49,7,7,판교,12,"6,16,26,36,46,56,66,76,86,96,106,116"
9,05:49,8,8,동탄/용인,12,"7,17,27,37,47,57,67,77,87,97,107,117"
9,05:49,9,9,평택,12,"8,18,28,38,48,58,68,78,88,98,108,118"
10,05:50,1,1,서울역,12,"0,10,20,30,40,50,60,70,80,90,100,110"
10,05:50,10,10,인천공항,12,"9,19,29,39,49,59,69,79,89,99,109,119"
10,05:50,2,2,수서,12,"1,11,21,31,41,51,61,71,81,91,101,111"
10,05:50,3,3,삼성,12,"2,12,22,32,42,52,62,72,82,92,102,112"
10,05:50,4,4,여의도,12,"3,13,23,33,43,53,63,73,83,93,103,113"
10,05:50,5,5,김포공항,12,"4,14,24,34,44,54,64,74,84,94,104,114"
10,05:50,6,6,일산,12,"5,15,25,35,45,55,65,75,85,95,105,115"
10,05:50,7,7,판교,12,"6,16,26,36,46,56,66,76,86,96,106,116"
10,05:50,8,8,동탄/용인,12,"7,17,27,37,47,57,67,77,87,97,107,117"
10,05:50,9,9,평택,12,"8,18,28,38,48,58,68,78,88,98,108,118"
11,05:51,1,1,서울역,12,"0,10,20,30,40,50,60,70,80,90,100,110"
11,05:51,10,10,인천공항,12,"9,19,29,39,49,59,69,79,89,99,109,119"
11,05:51,2,2,수서,12,"1,11,21,31,41,51,61,71,81,91,101,111"
11,05:51,3,3,삼성,12,"2,12,22,32,42,52,62,72,82,92,102,112"
11,05:51,4,4,여의도,12,"3,13,23,33,43,53,63,73,83,93,103,113"
11,05:51,5,5,김포공항,12,"4,14,24,34,44,54,64,74,84,94,104,114"
11,05:51,6,6,일산,12,"5,15,25,35,45,55,65,75,85,95,105,115"
11,05:51,7,7,판교,12,"6,16,26,36,46,56,66,76,86,96,106,116"
11,05:51,8,8,동탄/용인,12,"7,17,27,37,47,57,67,77,87,97,107,117"
11,05:51,9,9,평택,12,"8,18,28,38,48,58,68,78,88,98,108,118"
12,05:52,1,1,서울역,12,"0,10,20,30,40,50,60,70,80,90,100,110"
12,05:52,10,10,인천공항,12,"9,19,29,39,49,59,69,79,89,99,109,119"
12,05:52,2,2,수서,12,"1,11,21,31,41,51,61,71,81,91,101,111"
12,05:52,3,3,삼성,12,"2,12,22,32,42,52,62,72,82,92,102,112"
12,05:52,4,4,여의도,12,"3,13,23,33,43,53,63,73,83,93,103,113"
12,05:52,5,5,김포공항,12,"4,14,24,34,44,54,64,74,84,94,104,114"
12,05:52,6,6,일산,12,"5,15,25,35,45,55,65,75,85,95,105,115"
12,05:52,7,7,판교,12,"6,16,26,36,46,56,66,76,86,96,106,116"
12,05:52,8,8,동탄/용인,12,"7,17,27,37,47,57,67,77,87,97,107,117"
12,05:52,9,9,평택,12,"8,18,28,38,48,58,68,78,88,98,108,118"
13,05:53,1,1,서울역,12,"0,10,20,30,40,50,60,70,80,90,100,110"
13,05:53,10,10,인천공항,12,"9,19,29,39,49,59,69,79,89,99,109,119"
13,05:53,2,2,수서,12,"1,11,21,31,41,51,61,71,81,91,101,111"
13,05:53,3,3,삼성,12,"2,12,22,32,42,52,62,72,82,92,102,112"
13,05:53,4,4,여의도,12,"3,13,23,33,43,53,63,73,83,93,103,113"
13,05:53,5,5,김포공항,12,"4,14,24,34,44,54,64,74,84,94,104,114"
13,05:53,6,6,일산,12,"5,15,25,35,45,55,65,75,85,95,105,115"
13,05:53,7,7,판교,12,"6,16,26,36,46,56,66,76,86,96,106,116"
13,05:53,8,8,동탄/용인,12,"7,17,27,37,47,57,67,77,87,97,107,117"
13,05:53,9,9,평택,12,"8,18,28,38,48,58,68,78,88,98,108,118"
14,05:54,1,1,서울역,12,"0,10,20,30,40,50,60,70,80,90,100,110"
14,05:54,10,10,인천공항,12,"9,19,29,39,49,59,69,79,89,99,109,119"
14,05:54,2,2,수서,12,"1,11,21,31,41,51,61,71,81,91,101,111"
14,05:54,3,3,삼성,12,"2,12,22,32,42,52,62,72,82,92,102,112"
14,05:54,4,4,여의도,12,"3,13,23,33,43,53,63,73,83,93,103,113"
14,05:54,5,5,김포공항,12,"4,14,24,34,44,54,64,74,84,94,104,114"
14,05:54,6,6,일산,12,"5,15,25,35,45,55,65,75,85,95,105,115"
14,05:54,7,7,판교,12,"6,16,26,36,46,56,66,76,86,96,106,116"
14,05:54,8,8,동탄/용인,12,"7,17,27,37,47,57,67,77,87,97,107,117"
14,05:54,9,9,평택,12,"8,18,28,38,48,58,68,78,88,98,108,118"
15,05:55,1,1,서울역,12,"0,10,20,30,40,50,60,70,80,90,100,110"
15,05:55,10,10,인천공항,12,"9,19,29,39,49,59,69,79,89,99,109,119"
15,05:55,2,2,수서,12,"1,11,21,31,41,51,61,71,81,91,101,111"
15,05:55,3,3,삼성,12,"2,12,22,32,42,52,62,72,82,92,102,112"
15,05:55,4,4,여의도,12,"3,13,23,33,43,53,63,73,83,93,103,113"
15,05:55,5,5,김포공항,12,"4,14,24,34,44,54,64,74,84,94,104,114"
15,05:55,6,6,일산,12,"5,15,25,35,45,55,65,75,85,95,105,115"
15,05:55,7,7,판교,12,"6,16,26,36,46,56,66,76,86,96,106,116"
15,05:55,8,8,동탄/용인,12,"7,17,27,37,47,57,67,77,87,97,107,117"
15,05:55,9,9,평택,12,"8,18,28,38,48,58,68,78,88,98,108,118"
16,05:56,1,1,서울역,12,"0,10,20,30,40,50,60,70,80,90,100,110"
16,05:56,10,10,인천공항,12,"9,19,29,39,49,59,69,79,89,99,109,119"
16,05:56,2,2,수서,12,"1,11,21,31,41,51,61,71,81,91,101,111"
16,05:56,3,3,삼성,12,"2,12,22,32,42,52,62,72,82,92,102,112"
16,05:56,4,4,여의도,12,"3,13,23,33,43,53,63,73,83,93,103,113"
16,05:56,5,5,김포공항,12,"4,14,24,34,44,54,64,74,84,94,104,114"
16,05:56,6,6,일산,12,"5,15,25,35,45,55,65,75,85,95,105,115"
16,05:56,7,7,판교,12,"6,16,26,36,46,56,66,76,86,96,106,116"
16,05:56,8,8,동탄/용인,12,"7,17,27,37,47,57,67,77,87,97,107,117"
16,05:56,9,9,평택,12,"8,18,28,38,48,58,68,78,88,98,108,118"
17,05:57,1,1,서울역,12,"0,10,20,30,40,50,60,70,80,90,100,110"
17,05:57,10,10,인천공항,12,"9,19,29,39,49,59,69,79,89,99,109,119"
17,05:57,2,2,수서,12,"1,11,21,31,41,51,61,71,81,91,101,111"
17,05:57,3,3,삼성,12,"2,12,22,32,42,52,62,72,82,92,102,112"
17,05:57,4,4,여의도,12,"3,13,23,33,43,53,63,73,83,93,103,113"
17,05:57,5,5,김포공항,12,"4,14,24,34,44,54,64,74,84,94,104,114"
17,05:57,6,6,일산,12,"5,15,25,35,45,55,65,75,85,95,105,115"
17,05:57,7,7,판교,12,"6,16,26,36,46,56,66,76,86,96,106,116"
17,05:57,8,8,동탄/용인,12,"7,17,27,37,47,57,67,77,87,97,107,117"
17,05:57,9,9,평택,12,"8,18,28,38,48,58,68,78,88,98,108,118"
18,05:58,1,1,서울역,12,"0,10,20,30,40,50,60,70,80,90,100,110"
18,05:58,10,10,인천공항,12,"9,19,29,39,49,59,69,79,89,99,109,119"
18,05:58,2,2,수서,12,"1,11,21,31,41,51,61,71,81,91,101,111"
18,05:58,3,3,삼성,12,"2,12,22,32,42,52,62,72,82,92,102,112"
18,05:58,4,4,여의도,12,"3,13,23,33,43,53,63,73,83,93,103,113"
18,05:58,5,5,김포공항,12,"4,14,24,34,44,54,64,74,84,94,104,114"
18,05:58,6,6,일산,12,"5,15,25,35,45,55,65,75,85,95,105,115"
18,05:58,7,7,판교,12,"6,16,26,36,46,56,66,76,86,96,106,116"
18,05:58,8,8,동탄/용인,12,"7,17,27,37,47,57,67,77,87,97,107,117"
18,05:58,9,9,평택,12,"8,18,28,38,48,58,68,78,88,98,108,118"
19,05:59,1,1,서울역,12,"0,10,20,30,40,50,60,70,80,90,100,110"
19,05:59,10,10,인천공항,12,"9,19,29,39,49,59,69,79,89,99,109,119"
19,05:59,2,2,수서,12,"1,11,21,31,41,51,61,71,81,91,101,111"
19,05:59,3,3,삼성,12,"2,12,22,32,42,52,62,72,82,92,102,112"
19,05:59,4,4,여의도,12,"3,13,23,33,43,53,63,73,83,93,103,113"
19,05:59,5,5,김포공항,12,"4,14,24,34,44,54,64,74,84,94,104,114"
19,05:59,6,6,일산,12,"5,15,25,35,45,55,65,75,85,95,105,115"
19,05:59,7,7,판교,12,"6,16,26,36,46,56,66,76,86,96,106,116"
19,05:59,8,8,동탄/용인,12,"7,17,27,37,47,57,67,77,87,97,107,117"
19,05:59,9,9,평택,12,"8,18,28,38,48,58,68,78,88,98,108,118"
20,06:00,1,1,서울역,12,"0,10,20,30,40,50,60,70,80,90,100,110"
20,06:00,10,10,인천공항,12,"9,19,29,39,49,59,69,79,89,99,109,119"
20,06:00,2,2,수서,12,"1,11,21,31,41,51,61,71,81,91,101,111"
20,06:00,3,3,삼성,12,"2,12,22,32,42,52,62,72,82,92,102,112"
20,06:00,4,4,여의도,12,"3,13,23,33,43,53,63,73,83,93,103,113"
20,06:00,5,5,김포공항,12,"4,14,24,34,44,54,64,74,84,94,104,114"
20,06:00,6,6,일산,12,"5,15,25,35,45,55,65,75,85,95,105,115"
20,06:00,7,7,판교,12,"6,16,26,36,46,56,66,76,86,96,106,116"
20,06:00,8,8,동탄/용인,12,"7,17,27,37,47,57,67,77,87,97,107,117"
20,06:00,9,9,평택,12,"8,18,28,38,48,58,68,78,88,98,108,118"
21,06:01,1,1,서울역,12,"0,10,20,30,40,50,60,70,80,90,100,110"
21,06:01,10,10,인천공항,12,"9,19,29,39,49,59,69,79,89,99,109,119"
21,06:01,2,2,수서,12,"1,11,21,31,41,51,61,71,81,91,101,111"
21,06:01,3,3,삼성,12,"2,12,22,32,42,52,62,72,82,92,102,112"
21,06:01,4,4,여의도,12,"3,13,23,33,43,53,63,73,83,93,103,113"
21,06:01,5,5,김포공항,12,"4,14,24,34,44,54,64,74,84,94,104,114"
21,06:01,6,6,일산,12,"5,15,25,35,45,55,65,75,85,95,105,115"
21,06:01,7,7,판교,12,"6,16,26,36,46,56,66,76,86,96,106,116"
21,06:01,8,8,동탄/용인,12,"7,17,27,37,47,57,67,77,87,97,107,117"
21,06:01,9,9,평택,12,"8,18,28,38,48,58,68,78,88,98,108,118"
22,06:02,1,1,서울역,12,"0,10,20,30,40,50,60,70,80,90,100,110"
22,06:02,10,10,인천공항,12,"9,19,29,39,49,59,69,79,89,99,109,119"
22,06:02,2,2,수서,12,"1,11,21,31,41,51,61,71,81,91,101,111"
22,06:02,3,3,삼성,12,"2,12,22,32,42,52,62,72,82,92,102,112"
22,06:02,4,4,여의도,12,"3,13,23,33,43,53,63,73,83,93,103,113"
22,06:02,5,5,김포공항,12,"4,14,24,34,44,54,64,74,84,94,104,114"
22,06:02,6,6,일산,12,"5,15,25,35,45,55,65,75,85,95,105,115"
22,06:02,7,7,판교,12,"6,16,26,36,46,56,66,76,86,96,106,116"
22,06:02,8,8,동탄/용인,12,"7,17,27,37,47,57,67,77,87,97,107,117"
22,06:02,9,9,평택,12,"8,18,28,38,48,58,68,78,88,98,108,118"
23,06:03,1,1,서울역,12,"0,10,20,30,40,50,60,70,80,90,100,110"
23,06:03,10,10,인천공항,12,"9,19,29,39,49,59,69,79,89,99,109,119"
23,06:03,2,2,수서,12,"1,11,21,31,41,51,61,71,81,91,101,111"
23,06:03,3,3,삼성,12,"2,12,22,32,42,52,62,72,82,92,102,112"
23,06:03,4,4,여의도,12,"3,13,23,33,43,53,63,73,83,93,103,113"
23,06:03,5,5,김포공항,12,"4,14,24,34,44,54,64,74,84,94,104,114"
23,06:03,6,6,일산,12,"5,15,25,35,45,55,65,75,85,95,105,115"
23,06:03,7,7,판교,12,"6,16,26,36,46,56,66,76,86,96,106,116"
23,06:03,8,8,동탄/용인,12,"7,17,27,37,47,57,67,77,87,97,107,117"
23,06:03,9,9,평택,12,"8,18,28,38,48,58,68,78,88,98,108,118"
24,06:04,1,1,서울역,12,"0,10,20,30,40,50,60,70,80,90,100,110"
24,06:04,10,10,인천공항,12,"9,19,29,39,49,59,69,79,89,99,109,119"
24,06:04,2,2,수서,12,"1,11,21,31,41,51,61,71,81,91,101,111"
24,06:04,3,3,삼성,12,"2,12,22,32,42,52,62,72,82,92,102,112"
24,06:04,4,4,여의도,12,"3,13,23,33,43,53,63,73,83,93,103,113"
24,06:04,5,5,김포공항,12,"4,14,24,34,44,54,64,74,84,94,104,114"
24,06:04,6,6,일산,12,"5,15,25,35,45,55,65,75,85,95,105,115"
24,06:04,7,7,판교,12,"6,16,26,36,46,56,66,76,86,96,106,116"
24,06:04,8,8,동탄/용인,12,"7,17,27,37,47,57,67,77,87,97,107,117"
24,06:04,9,9,평택,12,"8,18,28,38,48,58,68,78,88,98,108,118"
25,06:05,1,1,서울역,12,"0,10,20,30,40,50,60,70,80,90,100,110"
25,06:05,10,10,인천공항,12,"9,19,29,39,49,59,69,79,89,99,109,119"
25,06:05,2,2,수서,12,"1,11,21,31,41,51,61,71,81,91,101,111"
25,06:05,3,3,삼성,12,"2,12,22,32,42,52,62,72,82,92,102,112"
25,06:05,4,4,여의도,12,"3,13,23,33,43,53,63,73,83,93,103,113"
25,06:05,5,5,김포공항,12,"4,14,24,34,44,54,64,74,84,94,104,114"
25,06:05,6,6,일산,11,"5,25,35,45,55,65,75,85,95,105,115"
25,06:05,7,7,판교,12,"6,16,26,36,46,56,66,76,86,96,106,116"
25,06:05,8,8,동탄/용인,12,"7,17,27,37,47,57,67,77,87,97,107,117"
25,06:05,9,9,평택,12,"8,18,28,38,48,58,68,78,88,98,108,118"
26,06:06,1,1,서울역,12,"0,10,20,30,40,50,60,70,80,90,100,110"
26,06:06,10,10,인천공항,12,"9,19,29,39,49,59,69,79,89,99,109,119"
26,06:06,2,2,수서,12,"1,11,21,31,41,51,61,71,81,91,101,111"
26,06:06,3,3,삼성,12,"2,12,22,32,42,52,62,72,82,92,102,112"
26,06:06,4,4,여의도,11,"3,23,33,43,53,63,73,83,93,103,113"
26,06:06,5,5,김포공항,12,"4,14,24,34,44,54,64,74,84,94,104,114"
26,06:06,6,6,일산,11,"5,25,35,45,55,65,75,85,95,105,115"
26,06:06,7,7,판교,12,"6,16,26,36,46,56,66,76,86,96,106,116"
26,06:06,8,8,동탄/용인,12,"7,17,27,37,47,57,67,77,87,97,107,117"
26,06:06,9,9,평택,12,"8,18,28,38,48,58,68,78,88,98,108,118"
27,06:07,1,1,서울역,12,"0,10,20,30,40,50,60,70,80,90,100,110"
27,06:07,10,10,인천공항,12,"9,19,29,39,49,59,69,79,89,99,109,119"
27,06:07,2,2,수서,12,"1,11,21,31,41,51,61,71,81,91,101,111"
27,06:07,3,3,삼성,12,"2,12,22,32,42,52,62,72,82,92,102,112"
27,06:07,4,4,여의도,10,"23,33,43,53,63,73,83,93,103,113"
27,06:07,5,5,김포공항,12,"4,14,24,34,44,54,64,74,84,94,104,114"
27,06:07,6,6,일산,10,"5,25,45,55,65,75,85,95,105,115"
27,06:07,7,7,판교,11,"16,26,36,46,56,66,76,86,96,106,116"
27,06:07,8,8,동탄/용인,12,"7,17,27,37,47,57,67,77,87,97,107,117"
27,06:07,9,9,평택,12,"8,18,28,38,48,58,68,78,88,98,108,118"
28,06:08,1,1,서울역,12,"0,10,20,30,40,50,60,70,80,90,100,110"
28,06:08,10,10,인천공항,11,"9,29,39,49,59,69,79,89,99,109,119"
28,06:08,2,2,수서,12,"1,11,21,31,41,51,61,71,81,91,101,111"
28,06:08,3,3,삼성,12,"2,12,22,32,42,52,62,72,82,92,102,112"
28,06:08,4,4,여의도,10,"23,33,43,53,63,73,83,93,103,113"
28,06:08,5,5,김포공항,12,"4,14,24,34,44,54,64,74,84,94,104,114"
28,06:08,6,6,일산,10,"5,25,45,55,65,75,85,95,105,115"
28,06:08,7,7,판교,11,"16,26,36,46,56,66,76,86,96,106,116"
28,06:08,8,8,동탄/용인,12,"7,17,27,37,47,57,67,77,87,97,107,117"
28,06:08,9,9,평택,12,"8,18,28,38,48,58,68,78,88,98,108,118"
29,06:09,1,1,서울역,12,"0,10,20,30,40,50,60,70,80,90,100,110"
29,06:09,10,10,인천공항,11,"9,29,39,49,59,69,79,89,99,109,119"
29,06:09,2,2,수서,12,"1,11,21,31,41,51,61,71,81,91,101,111"
29,06:09,3,3,삼성,12,"2,12,22,32,42,52,62,72,82,92,102,112"
29,06:09,4,4,여의도,10,"23,33,43,53,63,73,83,93,103,113"
29,06:09,5,5,김포공항,12,"4,14,24,34,44,54,64,74,84,94,104,114"
29,06:09,6,6,일산,10,"5,25,45,55,65,75,85,95,105,115"
29,06:09,7,7,판교,11,"16,26,36,46,56,66,76,86,96,106,116"
29,06:09,8,8,동탄/용인,12,"7,17,27,37,47,57,67,77,87,97,107,117"
29,06:09,9,9,평택,12,"8,18,28,38,48,58,68,78,88,98,108,118"
30,06:10,1,1,서울역,12,"0,10,20,30,40,50,60,70,80,90,100,110"
30,06:10,10,10,인천공항,11,"9,29,39,49,59,69,79,89,99,109,119"
30,06:10,2,2,수서,12,"1,11,21,31,41,51,61,71,81,91,101,111"
30,06:10,3,3,삼성,12,"2,12,22,32,42,52,62,72,82,92,102,112"
30,06:10,4,4,여의도,10,"23,33,43,53,63,73,83,93,103,113"
30,06:10,5,5,김포공항,12,"4,14,24,34,44,54,64,74,84,94,104,114"
30,06:10,6,6,일산,10,"5,25,45,55,65,75,85,95,105,115"
30,06:10,7,7,판교,11,"16,26,36,46,56,66,76,86,96,106,116"
30,06:10,8,8,동탄/용인,12,"7,17,27,37,47,57,67,77,87,97,107,117"
30,06:10,9,9,평택,11,"18,28,38,48,58,68,78,88,98,108,118"
31,06:11,1,1,서울역,12,"0,10,20,30,40,50,60,70,80,90,100,110"
31,06:11,10,10,인천공항,11,"9,29,39,49,59,69,79,89,99,109,119"
31,06:11,2,2,수서,12,"1,11,21,31,41,51,61,71,81,91,101,111"
31,06:11,3,3,삼성,12,"2,12,22,32,42,52,62,72,82,92,102,112"
31,06:11,4,4,여의도,10,"23,33,43,53,63,73,83,93,103,113"
31,06:11,5,5,김포공항,12,"4,14,24,34,44,54,64,74,84,94,104,114"
31,06:11,6,6,일산,10,"5,25,45,55,65,75,85,95,105,115"
31,06:11,7,7,판교,11,"16,26,36,46,56,66,76,86,96,106,116"
31,06:11,8,8,동탄/용인,12,"7,17,27,37,47,57,67,77,87,97,107,117"
31,06:11,9,9,평택,11,"18,28,38,48,58,68,78,88,98,108,118"
32,06:12,1,1,서울역,12,"0,10,20,30,40,50,60,70,80,90,100,110"
32,06:12,10,10,인천공항,10,"9,39,49,59,69,79,89,99,109,119"
32,06:12,2,2,수서,12,"1,11,21,31,41,51,61,71,81,91,101,111"
32,06:12,3,3,삼성,12,"2,12,22,32,42,52,62,72,82,92,102,112"
32,06:12,4,4,여의도,10,"23,33,43,53,63,73,83,93,103,113"
32,06:12,5,5,김포공항,12,"4,14,24,34,44,54,64,74,84,94,104,114"
32,06:12,6,6,일산,10,"5,25,45,55,65,75,85,95,105,115"
32,06:12,7,7,판교,11,"16,26,36,46,56,66,76,86,96,106,116"
32,06:12,8,8,동탄/용인,12,"7,17,27,37,47,57,67,77,87,97,107,117"
32,06:12,9,9,평택,11,"18,28,38,48,58,68,78,88,98,108,118"
33,06:13,1,1,서울역,12,"0,10,20,30,40,50,60,70,80,90,100,110"
33,06:13,10,10,인천공항,9,"39,49,59,69,79,89,99,109,119"
33,06:13,2,2,수서,12,"1,11,21,31,41,51,61,71,81,91,101,111"
33,06:13,3,3,삼성,12,"2,12,22,32,42,52,62,72,82,92,102,112"
33,06:13,4,4,여의도,10,"23,33,43,53,63,73,83,93,103,113"
33,06:13,5,5,김포공항,12,"4,14,24,34,44,54,64,74,84,94,104,114"
33,06:13,6,6,일산,9,"5,25,55,65,75,85,95,105,115"
33,06:13,7,7,판교,11,"16,26,36,46,56,66,76,86,96,106,116"
33,06:13,8,8,동탄/용인,12,"7,17,27,37,47,57,67,77,87,97,107,117"
33,06:13,9,9,평택,11,"18,28,38,48,58,68,78,88,98,108,118"
34,06:14,1,1,서울역,12,"0,10,20,30,40,50,60,70,80,90,100,110"
34,06:14,10,10,인천공항,9,"39,49,59,69,79,89,99,109,119"
34,06:14,2,2,수서,12,"1,11,21,31,41,51,61,71,81,91,101,111"
34,06:14,3,3,삼성,12,"2,12,22,32,42,52,62,72,82,92,102,112"
34,06:14,4,4,여의도,10,"23,33,43,53,63,73,83,93,103,113"
34,06:14,5,5,김포공항,12,"4,14,24,34,44,54,64,74,84,94,104,114"
34,06:14,6,6,일산,9,"5,25,55,65,75,85,95,105,115"
34,06:14,7,7,판교,11,"16,26,36,46,56,66,76,86,96,106,116"
34,06:14,8,8,동탄/용인,12,"7,17,27,37,47,57,67,77,87,97,107,117"
34,06:14,9,9,평택,11,"18,28,38,48,58,68,78,88,98,108,118"
35,06:15,1,1,서울역,12,"0,10,20,30,40,50,60,70,80,90,100,110"
35,06:15,10,10,인천공항,9,"39,49,59,69,79,89,99,109,119"
35,06:15,2,2,수서,12,"1,11,21,31,41,51,61,71,81,91,101,111"
35,06:15,3,3,삼성,12,"2,12,22,32,42,52,62,72,82,92,102,112"
35,06:15,4,4,여의도,10,"23,33,43,53,63,73,83,93,103,113"
35,06:15,5,5,김포공항,12,"4,14,24,34,44,54,64,74,84,94,104,114"
35,06:15,6,6,일산,7,"55,65,75,85,95,105,115"
35,06:15,7,7,판교,11,"16,26,36,46,56,66,76,86,96,106,116"
35,06:15,8,8,동탄/용인,12,"7,17,27,37,47,57,67,77,87,97,107,117"
35,06:15,9,9,평택,11,"18,28,38,48,58,68,78,88,98,108,118"
36,06:16,1,1,서울역,12,"0,10,20,30,40,50,60,70,80,90,100,110"
36,06:16,10,10,인천공항,9,"39,49,59,69,79,89,99,109,119"
36,06:16,2,2,수서,13,"1,11,15,21,31,41,51,61,71,81,91,101,111"
36,06:16,3,3,삼성,12,"2,12,22,32,42,52,62,72,82,92,102,112"
36,06:16,4,4,여의도,10,"23,33,43,53,63,73,83,93,103,113"
36,06:16,5,5,김포공항,12,"4,14,24,34,44,54,64,74,84,94,104,114"
36,06:16,6,6,일산,7,"55,65,75,85,95,105,115"
36,06:16,7,7,판교,11,"16,26,36,46,56,66,76,86,96,106,116"
36,06:16,8,8,동탄/용인,12,"7,17,27,37,47,57,67,77,87,97,107,117"
36,06:16,9,9,평택,11,"18,28,38,48,58,68,78,88,98,108,118"
37,06:17,1,1,서울역,12,"0,10,20,30,40,50,60,70,80,90,100,110"
37,06:17,10,10,인천공항,9,"39,49,59,69,79,89,99,109,119"
37,06:17,2,2,수서,13,"1,11,15,21,31,41,51,61,71,81,91,101,111"
37,06:17,3,3,삼성,12,"2,12,22,32,42,52,62,72,82,92,102,112"
37,06:17,4,4,여의도,10,"23,33,43,53,63,73,83,93,103,113"
37,06:17,5,5,김포공항,12,"4,14,24,34,44,54,64,74,84,94,104,114"
37,06:17,6,6,일산,7,"55,65,75,85,95,105,115"
37,06:17,7,7,판교,11,"16,26,36,46,56,66,76,86,96,106,116"
37,06:17,8,8,동탄/용인,12,"7,17,27,37,47,57,67,77,87,97,107,117"
37,06:17,9,9,평택,11,"18,28,38,48,58,68,78,88,98,108,118"
38,06:18,1,1,서울역,12,"0,10,20,30,40,50,60,70,80,90,100,110"
38,06:18,10,10,인천공항,9,"39,49,59,69,79,89,99,109,119"
38,06:18,2,2,수서,13,"1,11,15,21,31,41,51,61,71,81,91,101,111"
38,06:18,3,3,삼성,12,"2,12,22,32,42,52,62,72,82,92,102,112"
38,06:18,4,4,여의도,10,"23,33,43,53,63,73,83,93,103,113"
38,06:18,5,5,김포공항,12,"4,14,24,34,44,54,64,74,84,94,104,114"
38,06:18,6,6,일산,7,"55,65,75,85,95,105,115"
38,06:18,7,7,판교,11,"16,26,36,46,56,66,76,86,96,106,116"
38,06:18,8,8,동탄/용인,12,"7,17,27,37,47,57,67,77,87,97,107,117"
38,06:18,9,9,평택,11,"18,28,38,48,58,68,78,88,98,108,118"
39,06:19,1,1,서울역,10,"10,20,40,50,60,70,80,90,100,110"
39,06:19,10,10,인천공항,9,"39,49,59,69,79,89,99,109,119"
39,06:19,2,2,수서,13,"1,11,15,21,31,41,51,61,71,81,91,101,111"
39,06:19,3,3,삼성,12,"2,12,22,32,42,52,62,72,82,92,102,112"
39,06:19,4,4,여의도,10,"23,33,43,53,63,73,83,93,103,113"
39,06:19,5,5,김포공항,12,"4,14,24,34,44,54,64,74,84,94,104,114"
39,06:19,6,6,일산,7,"55,65,75,85,95,105,115"
39,06:19,7,7,판교,12,"16,26,35,36,46,56,66,76,86,96,106,116"
39,06:19,8,8,동탄/용인,12,"7,17,27,37,47,57,67,77,87,97,107,117"
39,06:19,9,9,평택,11,"18,28,38,48,58,68,78,88,98,108,118"
40,06:20,1,1,서울역,10,"10,20,40,50,60,70,80,90,100,110"
40,06:20,10,10,인천공항,9,"39,49,59,69,79,89,99,109,119"
40,06:20,2,2,수서,13,"1,11,15,21,31,41,51,61,71,81,91,101,111"
40,06:20,3,3,삼성,12,"2,12,22,32,42,52,62,72,82,92,102,112"
40,06:20,4,4,여의도,10,"23,33,43,53,63,73,83,93,103,113"
40,06:20,5,5,김포공항,11,"14,24,34,44,54,64,74,84,94,104,114"
40,06:20,6,6,일산,7,"55,65,75,85,95,105,115"
40,06:20,7,7,판교,12,"16,26,35,36,46,56,66,76,86,96,106,116"
40,06:20,8,8,동탄/용인,12,"7,17,27,37,47,57,67,77,87,97,107,117"
40,06:20,9,9,평택,11,"18,28,38,48,58,68,78,88,98,108,118"
41,06:21,1,1,서울역,10,"10,20,40,50,60,70,80,90,100,110"
41,06:21,10,10,인천공항,9,"39,49,59,69,79,89,99,109,119"
41,06:21,2,2,수서,13,"1,11,15,21,31,41,51,61,71,81,91,101,111"
41,06:21,3,3,삼성,12,"2,12,22,32,42,52,62,72,82,92,102,112"
41,06:21,4,4,여의도,10,"23,33,43,53,63,73,83,93,103,113"
41,06:21,5,5,김포공항,11,"14,24,34,44,54,64,74,84,94,104,114"
41,06:21,6,6,일산,6,"65,75,85,95,105,115"
41,06:21,7,7,판교,12,"16,26,35,36,46,56,66,76,86,96,106,116"
41,06:21,8,8,동탄/용인,12,"7,17,27,37,47,57,67,77,87,97,107,117"
41,06:21,9,9,평택,12,"13,18,28,38,48,58,68,78,88,98,108,118"
42,06:22,1,1,서울역,10,"10,20,40,50,60,70,80,90,100,110"
42,06:22,10,10,인천공항,9,"39,49,59,69,79,89,99,109,119"
42,06:22,2,2,수서,13,"1,11,15,21,31,41,51,61,71,81,91,101,111"
42,06:22,3,3,삼성,12,"2,12,22,32,42,52,62,72,82,92,102,112"
42,06:22,4,4,여의도,10,"23,33,43,53,63,73,83,93,103,113"
42,06:22,5,5,김포공항,11,"14,24,34,44,54,64,74,84,94,104,114"
42,06:22,6,6,일산,6,"65,75,85,95,105,115"
42,06:22,7,7,판교,12,"16,26,35,36,46,56,66,76,86,96,106,116"
42,06:22,8,8,동탄/용인,12,"7,17,27,37,47,57,67,77,87,97,107,117"
42,06:22,9,9,평택,13,"3,13,18,28,38,48,58,68,78,88,98,108,118"
43,06:23,1,1,서울역,10,"10,20,40,50,60,70,80,90,100,110"
43,06:23,10,10,인천공항,10,"6,39,49,59,69,79,89,99,109,119"
43,06:23,2,2,수서,12,"11,15,21,31,41,51,61,71,81,91,101,111"
43,06:23,3,3,삼성,12,"12,19,22,32,42,52,62,72,82,92,102,112"
43,06:23,4,4,여의도,10,"23,33,43,53,63,73,83,93,103,113"
43,06:23,5,5,김포공항,11,"14,24,34,44,54,64,74,84,94,104,114"
43,06:23,6,6,일산,5,"75,85,95,105,115"
43,06:23,7,7,판교,12,"16,26,35,36,46,56,66,76,86,96,106,116"
43,06:23,8,8,동탄/용인,12,"7,17,27,37,47,57,67,77,87,97,107,117"
43,06:23,9,9,평택,13,"3,13,18,28,38,48,58,68,78,88,98,108,118"
44,06:24,1,1,서울역,10,"10,20,40,50,60,70,80,90,100,110"
44,06:24,10,10,인천공항,10,"6,39,49,59,69,79,89,99,109,119"
44,06:24,2,2,수서,12,"11,15,21,31,41,51,61,71,81,91,101,111"
44,06:24,3,3,삼성,12,"12,19,22,32,42,52,62,72,82,92,102,112"
44,06:24,4,4,여의도,10,"23,33,43,53,63,73,83,93,103,113"
44,06:24,5,5,김포공항,11,"14,24,34,44,54,64,74,84,94,104,114"
44,06:24,6,6,일산,5,"75,85,95,105,115"
44,06:24,7,7,판교,12,"16,26,35,36,46,56,66,76,86,96,106,116"
44,06:24,8,8,동탄/용인,12,"7,17,27,37,47,57,67,77,87,97,107,117"
44,06:24,9,9,평택,13,"3,13,18,28,38,48,58,68,78,88,98,108,118"
45,06:25,1,1,서울역,10,"10,20,40,50,60,70,80,90,100,110"
45,06:25,10,10,인천공항,10,"6,39,49,59,69,79,89,99,109,119"
45,06:25,2,2,수서,12,"11,15,21,31,41,51,61,71,81,91,101,111"
45,06:25,3,3,삼성,12,"12,19,22,32,42,52,62,72,82,92,102,112"
45,06:25,4,4,여의도,12,"8,9,23,33,43,53,63,73,83,93,103,113"
45,06:25,5,5,김포공항,11,"14,24,34,44,54,64,74,84,94,104,114"
45,06:25,6,6,일산,5,"75,85,95,105,115"
45,06:25,7,7,판교,13,"16,26,35,36,45,46,56,66,76,86,96,106,116"
45,06:25,8,8,동탄/용인,12,"7,17,27,37,47,57,67,77,87,97,107,117"
45,06:25,9,9,평택,13,"3,13,18,28,38,48,58,68,78,88,98,108,118"
46,06:26,1,1,서울역,10,"10,20,40,50,60,70,80,90,100,110"
46,06:26,10,10,인천공항,11,"6,25,39,49,59,69,79,89,99,109,119"
46,06:26,2,2,수서,12,"11,15,21,31,41,51,61,71,81,91,101,111"
46,06:26,3,3,삼성,12,"12,19,22,32,42,52,62,72,82,92,102,112"
46,06:26,4,4,여의도,12,"8,9,23,33,43,53,63,73,83,93,103,113"
46,06:26,5,5,김포공항,11,"14,24,34,44,54,64,74,84,94,104,114"
46,06:26,6,6,일산,5,"75,85,95,105,115"
46,06:26,7,7,판교,13,"16,26,35,36,45,46,56,66,76,86,96,106,116"
46,06:26,8,8,동탄/용인,12,"7,17,27,37,47,57,67,77,87,97,107,117"
46,06:26,9,9,평택,13,"3,13,18,28,38,48,58,68,78,88,98,108,118"
47,06:27,1,1,서울역,9,"20,40,50,60,70,80,90,100,110"
47,06:27,10,10,인천공항,11,"6,25,39,49,59,69,79,89,99,109,119"
47,06:27,2,2,수서,12,"11,15,21,31,41,51,61,71,81,91,101,111"
47,06:27,3,3,삼성,13,"12,19,22,29,32,42,52,62,72,82,92,102,112"
47,06:27,4,4,여의도,12,"8,9,23,33,43,53,63,73,83,93,103,113"
47,06:27,5,5,김포공항,11,"14,24,34,44,54,64,74,84,94,104,114"
47,06:27,6,6,일산,5,"75,85,95,105,115"
47,06:27,7,7,판교,14,"5,16,26,35,36,45,46,56,66,76,86,96,106,116"
47,06:27,8,8,동탄/용인,12,"7,17,27,37,47,57,67,77,87,97,107,117"
47,06:27,9,9,평택,13,"3,13,18,28,38,48,58,68,78,88,98,108,118"
48,06:28,1,1,서울역,9,"20,40,50,60,70,80,90,100,110"
48,06:28,10,10,인천공항,11,"6,25,39,49,59,69,79,89,99,109,119"
48,06:28,2,2,수서,12,"11,15,21,31,41,51,61,71,81,91,101,111"
48,06:28,3,3,삼성,13,"12,19,22,29,32,42,52,62,72,82,92,102,112"
48,06:28,4,4,여의도,12,"8,9,23,33,43,53,63,73,83,93,103,113"
48,06:28,5,5,김포공항,11,"14,24,34,44,54,64,74,84,94,104,114"
48,06:28,6,6,일산,5,"75,85,95,105,115"
48,06:28,7,7,판교,14,"5,16,26,35,36,45,46,56,66,76,86,96,106,116"
48,06:28,8,8,동탄/용인,12,"7,17,27,37,47,57,67,77,87,97,107,117"
48,06:28,9,9,평택,13,"3,13,18,28,38,48,58,68,78,88,98,108,118"
49,06:29,1,1,서울역,9,"20,40,50,60,70,80,90,100,110"
49,06:29,10,10,인천공항,11,"6,25,39,49,59,69,79,89,99,109,119"
49,06:29,2,2,수서,12,"11,15,21,31,41,51,61,71,81,91,101,111"
49,06:29,3,3,삼성,13,"12,19,22,29,32,42,52,62,72,82,92,102,112"
49,06:29,4,4,여의도,12,"8,9,23,33,43,53,63,73,83,93,103,113"
49,06:29,5,5,김포공항,11,"14,24,34,44,54,64,74,84,94,104,114"
49,06:29,6,6,일산,5,"75,85,95,105,115"
49,06:29,7,7,판교,14,"5,16,26,35,36,45,46,56,66,76,86,96,106,116"
49,06:29,8,8,동탄/용인,12,"7,17,27,37,47,57,67,77,87,97,107,117"
49,06:29,9,9,평택,13,"3,13,18,28,38,48,58,68,78,88,98,108,118"
50,06:30,1,1,서울역,9,"20,40,50,60,70,80,90,100,110"
50,06:30,10,10,인천공항,11,"6,25,39,49,59,69,79,89,99,109,119"
50,06:30,2,2,수서,12,"11,15,21,31,41,51,61,71,81,91,101,111"
50,06:30,3,3,삼성,13,"12,19,22,29,32,42,52,62,72,82,92,102,112"
50,06:30,4,4,여의도,12,"8,9,23,33,43,53,63,73,83,93,103,113"
50,06:30,5,5,김포공항,11,"14,24,34,44,54,64,74,84,94,104,114"
50,06:30,6,6,일산,5,"75,85,95,105,115"
50,06:30,7,7,판교,14,"5,16,26,35,36,45,46,56,66,76,86,96,106,116"
50,06:30,8,8,동탄/용인,12,"7,17,27,37,47,57,67,77,87,97,107,117"
50,06:30,9,9,평택,13,"3,13,18,28,38,48,58,68,78,88,98,108,118"
51,06:31,1,1,서울역,9,"20,40,50,60,70,80,90,100,110"
51,06:31,10,10,인천공항,11,"6,25,39,49,59,69,79,89,99,109,119"
51,06:31,2,2,수서,11,"15,21,31,41,51,61,71,81,91,101,111"
51,06:31,3,3,삼성,13,"12,19,22,29,32,42,52,62,72,82,92,102,112"
51,06:31,4,4,여의도,12,"8,9,23,33,43,53,63,73,83,93,103,113"
51,06:31,5,5,김포공항,11,"14,24,34,44,54,64,74,84,94,104,114"
51,06:31,6,6,일산,5,"75,85,95,105,115"
51,06:31,7,7,판교,14,"5,16,26,35,36,45,46,56,66,76,86,96,106,116"
51,06:31,8,8,동탄/용인,12,"7,17,27,37,47,57,67,77,87,97,107,117"
51,06:31,9,9,평택,13,"3,13,18,28,38,48,58,68,78,88,98,108,118"
52,06:32,1,1,서울역,8,"40,50,60,70,80,90,100,110"
52,06:32,10,10,인천공항,12,"0,6,25,39,49,59,69,79,89,99,109,119"
52,06:32,2,2,수서,11,"15,21,31,41,51,61,71,81,91,101,111"
52,06:32,3,3,삼성,13,"12,19,22,29,32,42,52,62,72,82,92,102,112"
52,06:32,4,4,여의도,12,"8,9,23,33,43,53,63,73,83,93,103,113"
52,06:32,5,5,김포공항,11,"14,24,34,44,54,64,74,84,94,104,114"
52,06:32,6,6,일산,5,"75,85,95,105,115"
52,06:32,7,7,판교,14,"5,16,26,35,36,45,46,56,66,76,86,96,106,116"
52,06:32,8,8,동탄/용인,12,"7,17,27,37,47,57,67,77,87,97,107,117"
52,06:32,9,9,평택,13,"3,13,18,28,38,48,58,68,78,88,98,108,118"
53,06:33,1,1,서울역,8,"40,50,60,70,80,90,100,110"
53,06:33,10,10,인천공항,12,"0,6,25,39,49,59,69,79,89,99,109,119"
53,06:33,2,2,수서,11,"15,21,31,41,51,61,71,81,91,101,111"
53,06:33,3,3,삼성,13,"12,19,22,29,32,42,52,62,72,82,92,102,112"
53,06:33,4,4,여의도,12,"8,9,23,33,43,53,63,73,83,93,103,113"
53,06:33,5,5,김포공항,11,"14,24,34,44,54,64,74,84,94,104,114"
53,06:33,6,6,일산,4,"85,95,105,115"
53,06:33,7,7,판교,15,"5,16,26,35,36,45,46,55,56,66,76,86,96,106,116"
53,06:33,8,8,동탄/용인,12,"7,17,27,37,47,57,67,77,87,97,107,117"
53,06:33,9,9,평택,13,"3,13,18,28,38,48,58,68,78,88,98,108,118"
54,06:34,1,1,서울역,8,"40,50,60,70,80,90,100,110"
54,06:34,10,10,인천공항,12,"0,6,25,39,49,59,69,79,89,99,109,119"
54,06:34,2,2,수서,11,"15,21,31,41,51,61,71,81,91,101,111"
54,06:34,3,3,삼성,13,"12,19,22,29,32,42,52,62,72,82,92,102,112"
54,06:34,4,4,여의도,12,"8,9,23,33,43,53,63,73,83,93,103,113"
54,06:34,5,5,김포공항,11,"14,24,34,44,54,64,74,84,94,104,114"
54,06:34,6,6,일산,4,"85,95,105,115"
54,06:34,7,7,판교,15,"5,16,26,35,36,45,46,55,56,66,76,86,96,106,116"
54,06:34,8,8,동탄/용인,12,"7,17,27,37,47,57,67,77,87,97,107,117"
54,06:34,9,9,평택,13,"3,13,18,28,38,48,58,68,78,88,98,108,118"
55,06:35,1,1,서울역,7,"50,60,70,80,90,100,110"
55,06:35,10,10,인천공항,12,"0,6,25,39,49,59,69,79,89,99,109,119"
55,06:35,2,2,수서,11,"15,21,31,41,51,61,71,81,91,101,111"
55,06:35,3,3,삼성,13,"12,19,22,29,32,42,52,62,72,82,92,102,112"
55,06:35,4,4,여의도,12,"8,9,23,33,43,53,63,73,83,93,103,113"
55,06:35,5,5,김포공항,11,"14,24,34,44,54,64,74,84,94,104,114"
55,06:35,6,6,일산,4,"85,95,105,115"
55,06:35,7,7,판교,16,"5,16,26,35,36,45,46,55,56,65,66,76,86,96,106,116"
55,06:35,8,8,동탄/용인,12,"7,17,27,37,47,57,67,77,87,97,107,117"
55,06:35,9,9,평택,14,"3,13,18,28,30,38,48,58,68,78,88,98,108,118"
56,06:36,1,1,서울역,7,"50,60,70,80,90,100,110"
56,06:36,10,10,인천공항,11,"0,25,39,49,59,69,79,89,99,109,119"
56,06:36,2,2,수서,11,"15,21,31,41,51,61,71,81,91,101,111"
56,06:36,3,3,삼성,13,"12,19,22,29,32,42,52,62,72,82,92,102,112"
56,06:36,4,4,여의도,12,"8,9,23,33,43,53,63,73,83,93,103,113"
56,06:36,5,5,김포공항,11,"14,24,34,44,54,64,74,84,94,104,114"
56,06:36,6,6,일산,3,"85,95,115"
56,06:36,7,7,판교,16,"5,16,26,35,36,45,46,55,56,65,66,76,86,96,106,116"
56,06:36,8,8,동탄/용인,12,"7,17,27,37,47,57,67,77,87,97,107,117"
56,06:36,9,9,평택,14,"3,13,18,28,30,38,48,58,68,78,88,98,108,118"
57,06:37,1,1,서울역,7,"50,60,70,80,90,100,110"
57,06:37,10,10,인천공항,11,"0,25,39,49,59,69,79,89,99,109,119"
57,06:37,2,2,수서,11,"15,21,31,41,51,61,71,81,91,101,111"
57,06:37,3,3,삼성,13,"12,19,22,29,32,42,52,62,72,82,92,102,112"
57,06:37,4,4,여의도,12,"8,9,23,33,43,53,63,73,83,93,103,113"
57,06:37,5,5,김포공항,11,"14,24,34,44,54,64,74,84,94,104,114"
57,06:37,6,6,일산,2,"95,115"
57,06:37,7,7,판교,16,"5,16,26,35,36,45,46,55,56,65,66,76,86,96,106,116"
57,06:37,8,8,동탄/용인,12,"7,17,27,37,47,57,67,77,87,97,107,117"
57,06:37,9,9,평택,16,"1,3,4,13,18,28,30,38,48,58,68,78,88,98,108,118"
58,06:38,1,1,서울역,7,"50,60,70,80,90,100,110"
58,06:38,10,10,인천공항,11,"2,25,39,49,59,69,79,89,99,109,119"
58,06:38,2,2,수서,11,"15,21,31,41,51,61,71,81,91,101,111"
58,06:38,3,3,삼성,13,"12,19,22,29,32,42,52,62,72,82,92,102,112"
58,06:38,4,4,여의도,11,"8,23,33,43,53,63,73,83,93,103,113"
58,06:38,5,5,김포공항,11,"14,24,34,44,54,64,74,84,94,104,114"
58,06:38,6,6,일산,2,"95,115"
58,06:38,7,7,판교,16,"5,16,26,35,36,45,46,55,56,65,66,76,86,96,106,116"
58,06:38,8,8,동탄/용인,12,"7,17,27,37,47,57,67,77,87,97,107,117"
58,06:38,9,9,평택,16,"1,3,4,13,18,28,30,38,48,58,68,78,88,98,108,118"
59,06:39,1,1,서울역,7,"50,60,70,80,90,100,110"
59,06:39,10,10,인천공항,11,"2,25,39,49,59,69,79,89,99,109,119"
59,06:39,2,2,수서,11,"15,21,31,41,51,61,71,81,91,101,111"
59,06:39,3,3,삼성,13,"12,19,22,29,32,42,52,62,72,82,92,102,112"
59,06:39,4,4,여의도,11,"8,23,33,43,53,63,73,83,93,103,113"
59,06:39,5,5,김포공항,11,"14,24,34,44,54,64,74,84,94,104,114"
59,06:39,6,6,일산,2,"95,115"
59,06:39,7,7,판교,16,"5,16,26,35,36,45,46,55,56,65,66,76,86,96,106,116"
59,06:39,8,8,동탄/용인,12,"7,17,27,37,47,57,67,77,87,97,107,117"
59,06:39,9,9,평택,16,"1,3,4,13,18,28,30,38,48,58,68,78,88,98,108,118"
60,06:40,1,1,서울역,7,"50,60,70,80,90,100,110"
60,06:40,10,10,인천공항,11,"2,10,39,49,59,69,79,89,99,109,119"
60,06:40,2,2,수서,11,"15,21,31,41,51,61,71,81,91,101,111"
60,06:40,3,3,삼성,13,"12,19,22,29,32,42,52,62,72,82,92,102,112"
60,06:40,4,4,여의도,10,"8,23,43,53,63,73,83,93,103,113"
60,06:40,5,5,김포공항,11,"14,24,34,44,54,64,74,84,94,104,114"
60,06:40,6,6,일산,2,"95,115"
60,06:40,7,7,판교,16,"5,16,26,35,36,45,46,55,56,65,66,76,86,96,106,116"
60,06:40,8,8,동탄/용인,12,"7,17,27,37,47,57,67,77,87,97,107,117"
60,06:40,9,9,평택,16,"1,3,4,13,18,28,30,38,48,58,68,78,88,98,108,118"
61,06:41,1,1,서울역,7,"50,60,70,80,90,100,110"
61,06:41,10,10,인천공항,11,"2,10,39,49,59,69,79,89,99,109,119"
61,06:41,2,2,수서,11,"15,21,31,41,51,61,71,81,91,101,111"
61,06:41,3,3,삼성,13,"12,19,22,29,32,42,52,62,72,82,92,102,112"
61,06:41,4,4,여의도,10,"8,23,43,53,63,73,83,93,103,113"
61,06:41,5,5,김포공항,11,"14,24,34,44,54,64,74,84,94,104,114"
61,06:41,6,6,일산,2,"95,115"
61,06:41,7,7,판교,16,"5,16,26,35,36,45,46,55,56,65,66,76,86,96,106,116"
61,06:41,8,8,동탄/용인,12,"7,17,27,37,47,57,67,77,87,97,107,117"
61,06:41,9,9,평택,16,"1,3,4,13,18,28,30,38,48,58,68,78,88,98,108,118"
62,06:42,1,1,서울역,7,"50,60,70,80,90,100,110"
62,06:42,10,10,인천공항,11,"2,10,39,49,59,69,79,89,99,109,119"
62,06:42,2,2,수서,11,"15,21,31,41,51,61,71,81,91,101,111"
62,06:42,3,3,삼성,13,"12,19,22,29,32,42,52,62,72,82,92,102,112"
62,06:42,4,4,여의도,10,"8,23,43,53,63,73,83,93,103,113"
62,06:42,5,5,김포공항,11,"14,24,34,44,54,64,74,84,94,104,114"
62,06:42,6,6,일산,2,"95,115"
62,06:42,7,7,판교,16,"5,16,26,35,36,45,46,55,56,65,66,76,86,96,106,116"
62,06:42,8,8,동탄/용인,12,"7,17,27,37,47,57,67,77,87,97,107,117"
62,06:42,9,9,평택,16,"1,3,4,13,18,28,30,38,48,58,68,78,88,98,108,118"
63,06:43,1,1,서울역,7,"50,60,70,80,90,100,110"
63,06:43,10,10,인천공항,10,"2,10,49,59,69,79,89,99,109,119"
63,06:43,2,2,수서,11,"15,21,31,41,51,61,71,81,91,101,111"
63,06:43,3,3,삼성,12,"19,22,29,32,42,52,62,72,82,92,102,112"
63,06:43,4,4,여의도,10,"8,23,43,53,63,73,83,93,103,113"
63,06:43,5,5,김포공항,11,"14,24,34,44,54,64,74,84,94,104,114"
63,06:43,6,6,일산,2,"95,115"
63,06:43,7,7,판교,16,"5,16,26,35,36,45,46,55,56,65,66,76,86,96,106,116"
63,06:43,8,8,동탄/용인,12,"7,17,27,37,47,57,67,77,87,97,107,117"
63,06:43,9,9,평택,16,"1,3,4,13,18,28,30,38,48,58,68,78,88,98,108,118"
64,06:44,1,1,서울역,7,"50,60,70,80,90,100,110"
64,06:44,10,10,인천공항,10,"2,10,49,59,69,79,89,99,109,119"
64,06:44,2,2,수서,11,"15,21,31,41,51,61,71,81,91,101,111"
64,06:44,3,3,삼성,12,"19,22,29,32,42,52,62,72,82,92,102,112"
64,06:44,4,4,여의도,10,"8,23,43,53,63,73,83,93,103,113"
64,06:44,5,5,김포공항,11,"14,24,34,44,54,64,74,84,94,104,114"
64,06:44,6,6,일산,2,"95,115"
64,06:44,7,7,판교,16,"5,16,26,35,36,45,46,55,56,65,66,76,86,96,106,116"
64,06:44,8,8,동탄/용인,12,"7,17,27,37,47,57,67,77,87,97,107,117"
64,06:44,9,9,평택,16,"1,3,4,13,18,28,30,38,48,58,68,78,88,98,108,118"
65,06:45,1,1,서울역,6,"60,70,80,90,100,110"
65,06:45,10,10,인천공항,11,"2,10,20,49,59,69,79,89,99,109,119"
65,06:45,2,2,수서,11,"15,21,31,41,51,61,71,81,91,101,111"
65,06:45,3,3,삼성,12,"19,22,29,32,42,52,62,72,82,92,102,112"
65,06:45,4,4,여의도,10,"8,23,43,53,63,73,83,93,103,113"
65,06:45,5,5,김포공항,11,"14,24,34,44,54,64,74,84,94,104,114"
65,06:45,6,6,일산,2,"95,115"
65,06:45,7,7,판교,17,"5,16,26,35,36,45,46,55,56,65,66,75,76,86,96,106,116"
65,06:45,8,8,동탄/용인,12,"7,17,27,37,47,57,67,77,87,97,107,117"
65,06:45,9,9,평택,17,"1,3,4,11,13,18,28,30,38,48,58,68,78,88,98,108,118"
66,06:46,1,1,서울역,6,"60,70,80,90,100,110"
66,06:46,10,10,인천공항,11,"2,10,20,49,59,69,79,89,99,109,119"
66,06:46,2,2,수서,11,"15,21,31,41,51,61,71,81,91,101,111"
66,06:46,3,3,삼성,12,"19,22,29,32,42,52,62,72,82,92,102,112"
66,06:46,4,4,여의도,10,"8,23,43,53,63,73,83,93,103,113"
66,06:46,5,5,김포공항,10,"14,24,44,54,64,74,84,94,104,114"
66,06:46,6,6,일산,2,"95,115"
66,06:46,7,7,판교,17,"5,16,26,35,36,45,46,55,56,65,66,75,76,86,96,106,116"
66,06:46,8,8,동탄/용인,12,"7,17,27,37,47,57,67,77,87,97,107,117"
66,06:46,9,9,평택,17,"1,3,4,11,13,18,28,30,38,48,58,68,78,88,98,108,118"
67,06:47,1,1,서울역,6,"60,70,80,90,100,110"
67,06:47,10,10,인천공항,10,"2,10,20,59,69,79,89,99,109,119"
67,06:47,2,2,수서,11,"15,21,31,41,51,61,71,81,91,101,111"
67,06:47,3,3,삼성,12,"19,22,29,32,42,52,62,72,82,92,102,112"
67,06:47,4,4,여의도,9,"23,43,53,63,73,83,93,103,113"
67,06:47,5,5,김포공항,10,"14,24,44,54,64,74,84,94,104,114"
67,06:47,6,6,일산,3,"33,95,115"
67,06:47,7,7,판교,17,"5,16,26,35,36,45,46,55,56,65,66,75,76,86,96,106,116"
67,06:47,8,8,동탄/용인,12,"7,17,27,37,47,57,67,77,87,97,107,117"
67,06:47,9,9,평택,16,"3,4,11,13,18,28,30,38,48,58,68,78,88,98,108,118"
68,06:48,1,1,서울역,5,"70,80,90,100,110"
68,06:48,10,10,인천공항,11,"2,10,20,40,59,69,79,89,99,109,119"
68,06:48,2,2,수서,11,"15,21,31,41,51,61,71,81,91,101,111"
68,06:48,3,3,삼성,12,"19,22,29,32,42,52,62,72,82,92,102,112"
68,06:48,4,4,여의도,10,"6,23,43,53,63,73,83,93,103,113"
68,06:48,5,5,김포공항,10,"14,24,44,54,64,74,84,94,104,114"
68,06:48,6,6,일산,3,"33,95,115"
68,06:48,7,7,판교,17,"5,16,26,35,36,45,46,55,56,65,66,75,76,86,96,106,116"
68,06:48,8,8,동탄/용인,12,"7,17,27,37,47,57,67,77,87,97,107,117"
68,06:48,9,9,평택,16,"3,4,11,13,18,28,30,38,48,58,68,78,88,98,108,118"
69,06:49,1,1,서울역,5,"70,80,90,100,110"
69,06:49,10,10,인천공항,11,"2,10,20,40,59,69,79,89,99,109,119"
69,06:49,2,2,수서,11,"15,21,31,41,51,61,71,81,91,101,111"
69,06:49,3,3,삼성,12,"19,22,29,32,42,52,62,72,82,92,102,112"
69,06:49,4,4,여의도,10,"6,23,43,53,63,73,83,93,103,113"
69,06:49,5,5,김포공항,10,"14,24,44,54,64,74,84,94,104,114"
69,06:49,6,6,일산,3,"33,95,115"
69,06:49,7,7,판교,18,"5,16,26,35,36,45,46,55,56,65,66,75,76,85,86,96,106,116"
69,06:49,8,8,동탄/용인,12,"7,17,27,37,47,57,67,77,87,97,107,117"
69,06:49,9,9,평택,16,"3,4,11,13,18,28,30,38,48,58,68,78,88,98,108,118"
70,06:50,1,1,서울역,5,"70,80,90,100,110"
70,06:50,10,10,인천공항,11,"2,10,20,40,59,69,79,89,99,109,119"
70,06:50,2,2,수서,11,"15,21,31,41,51,61,71,81,91,101,111"
70,06:50,3,3,삼성,12,"19,22,29,32,42,52,62,72,82,92,102,112"
70,06:50,4,4,여의도,10,"6,23,43,53,63,73,83,93,103,113"
70,06:50,5,5,김포공항,10,"14,24,44,54,64,74,84,94,104,114"
70,06:50,6,6,일산,2,"95,115"
70,06:50,7,7,판교,18,"5,16,26,35,36,45,46,55,56,65,66,75,76,85,86,96,106,116"
70,06:50,8,8,동탄/용인,12,"7,17,27,37,47,57,67,77,87,97,107,117"
70,06:50,9,9,평택,16,"3,4,11,13,18,28,30,38,48,58,68,78,88,98,108,118"
71,06:51,1,1,서울역,5,"70,80,90,100,110"
71,06:51,10,10,인천공항,10,"2,10,40,59,69,79,89,99,109,119"
71,06:51,2,2,수서,11,"15,21,31,41,51,61,71,81,91,101,111"
71,06:51,3,3,삼성,12,"19,22,29,32,42,52,62,72,82,92,102,112"
71,06:51,4,4,여의도,10,"6,23,43,53,63,73,83,93,103,113"
71,06:51,5,5,김포공항,10,"14,24,44,54,64,74,84,94,104,114"
71,06:51,6,6,일산,2,"95,115"
71,06:51,7,7,판교,18,"5,16,26,35,36,45,46,55,56,65,66,75,76,85,86,96,106,116"
71,06:51,8,8,동탄/용인,12,"7,17,27,37,47,57,67,77,87,97,107,117"
71,06:51,9,9,평택,16,"3,4,11,13,18,28,30,38,48,58,68,78,88,98,108,118"
72,06:52,1,1,서울역,5,"70,80,90,100,110"
72,06:52,10,10,인천공항,10,"2,10,40,59,69,79,89,99,109,119"
72,06:52,2,2,수서,11,"15,21,31,41,51,61,71,81,91,101,111"
72,06:52,3,3,삼성,12,"19,22,29,32,42,52,62,72,82,92,102,112"
72,06:52,4,4,여의도,11,"6,23,25,43,53,63,73,83,93,103,113"
72,06:52,5,5,김포공항,10,"14,24,44,54,64,74,84,94,104,114"
72,06:52,6,6,일산,2,"95,115"
72,06:52,7,7,판교,18,"5,16,26,35,36,45,46,55,56,65,66,75,76,85,86,96,106,116"
72,06:52,8,8,동탄/용인,12,"7,17,27,37,47,57,67,77,87,97,107,117"
72,06:52,9,9,평택,16,"3,4,11,13,18,28,30,38,48,58,68,78,88,98,108,118"
73,06:53,1,1,서울역,5,"70,80,90,100,110"
73,06:53,10,10,인천공항,9,"2,10,40,69,79,89,99,109,119"
73,06:53,2,2,수서,11,"15,21,31,41,51,61,71,81,91,101,111"
73,06:53,3,3,삼성,13,"0,19,22,29,32,42,52,62,72,82,92,102,112"
73,06:53,4,4,여의도,10,"6,25,43,53,63,73,83,93,103,113"
73,06:53,5,5,김포공항,10,"14,24,44,54,64,74,84,94,104,114"
73,06:53,6,6,일산,3,"34,95,115"
73,06:53,7,7,판교,18,"5,16,26,35,36,45,46,55,56,65,66,75,76,85,86,96,106,116"
73,06:53,8,8,동탄/용인,12,"7,17,27,37,47,57,67,77,87,97,107,117"
73,06:53,9,9,평택,17,"3,4,9,11,13,18,28,30,38,48,58,68,78,88,98,108,118"
74,06:54,1,1,서울역,5,"70,80,90,100,110"
74,06:54,10,10,인천공항,6,"10,79,89,99,109,119"
74,06:54,2,2,수서,11,"15,21,31,41,51,61,71,81,91,101,111"
74,06:54,3,3,삼성,13,"0,19,22,29,32,42,52,62,72,82,92,102,112"
74,06:54,4,4,여의도,10,"6,25,43,53,63,73,83,93,103,113"
74,06:54,5,5,김포공항,10,"14,24,44,54,64,74,84,94,104,114"
74,06:54,6,6,일산,3,"34,95,115"
74,06:54,7,7,판교,18,"5,16,26,35,36,45,46,55,56,65,66,75,76,85,86,96,106,116"
74,06:54,8,8,동탄/용인,12,"7,17,27,37,47,57,67,77,87,97,107,117"
74,06:54,9,9,평택,17,"3,4,9,11,13,18,28,30,38,48,58,68,78,88,98,108,118"
75,06:55,1,1,서울역,5,"70,80,90,100,110"
75,06:55,10,10,인천공항,5,"79,89,99,109,119"
75,06:55,2,2,수서,11,"15,21,31,41,51,61,71,81,91,101,111"
75,06:55,3,3,삼성,13,"0,19,22,29,32,42,52,62,72,82,92,102,112"
75,06:55,4,4,여의도,9,"25,43,53,63,73,83,93,103,113"
75,06:55,5,5,김포공항,10,"14,24,44,54,64,74,84,94,104,114"
75,06:55,6,6,일산,3,"34,95,115"
75,06:55,7,7,판교,18,"5,16,26,35,36,45,46,55,56,65,66,75,76,85,86,96,106,116"
75,06:55,8,8,동탄/용인,12,"7,17,27,37,47,57,67,77,87,97,107,117"
75,06:55,9,9,평택,17,"3,4,9,11,13,18,28,30,38,48,58,68,78,88,98,108,118"
76,06:56,1,1,서울역,5,"70,80,90,100,110"
76,06:56,10,10,인천공항,5,"79,89,99,109,119"
76,06:56,2,2,수서,11,"15,21,31,41,51,61,71,81,91,101,111"
76,06:56,3,3,삼성,13,"0,19,22,29,32,42,52,62,72,82,92,102,112"
76,06:56,4,4,여의도,9,"25,43,53,63,73,83,93,103,113"
76,06:56,5,5,김포공항,10,"14,24,44,54,64,74,84,94,104,114"
76,06:56,6,6,일산,2,"95,115"
76,06:56,7,7,판교,18,"5,16,26,35,36,45,46,55,56,65,66,75,76,85,86,96,106,116"
76,06:56,8,8,동탄/용인,12,"7,17,27,37,47,57,67,77,87,97,107,117"
76,06:56,9,9,평택,18,"3,4,9,11,13,18,28,30,38,48,58,68,78,88,98,105,108,118"
77,06:57,1,1,서울역,5,"70,80,90,100,110"
77,06:57,10,10,인천공항,5,"79,89,99,109,119"
77,06:57,2,2,수서,11,"15,21,31,41,51,61,71,81,91,101,111"
77,06:57,3,3,삼성,13,"0,19,22,29,32,42,52,62,72,82,92,102,112"
77,06:57,4,4,여의도,9,"25,43,53,63,73,83,93,103,113"
77,06:57,5,5,김포공항,10,"14,24,44,54,64,74,84,94,104,114"
77,06:57,6,6,일산,2,"95,115"
77,06:57,7,7,판교,18,"5,16,26,35,36,45,46,55,56,65,66,75,76,85,86,96,106,116"
77,06:57,8,8,동탄/용인,11,"7,17,37,47,57,67,77,87,97,107,117"
77,06:57,9,9,평택,18,"3,4,9,11,13,18,28,30,38,48,58,68,78,88,98,105,108,118"
78,06:58,1,1,서울역,5,"70,80,90,100,110"
78,06:58,10,10,인천공항,7,"12,50,79,89,99,109,119"
78,06:58,2,2,수서,11,"15,21,31,41,51,61,71,81,91,101,111"
78,06:58,3,3,삼성,14,"0,19,22,29,32,39,42,52,62,72,82,92,102,112"
78,06:58,4,4,여의도,9,"25,43,53,63,73,83,93,103,113"
78,06:58,5,5,김포공항,10,"14,24,44,54,64,74,84,94,104,114"
78,06:58,6,6,일산,2,"95,115"
78,06:58,7,7,판교,18,"5,16,26,35,36,45,46,55,56,65,66,75,76,85,86,96,106,116"
78,06:58,8,8,동탄/용인,11,"7,17,37,47,57,67,77,87,97,107,117"
78,06:58,9,9,평택,18,"3,4,9,11,13,18,28,30,38,48,58,68,78,88,98,105,108,118"
79,06:59,1,1,서울역,5,"70,80,90,100,110"
79,06:59,10,10,인천공항,7,"12,50,79,89,99,109,119"
79,06:59,2,2,수서,11,"15,21,31,41,51,61,71,81,91,101,111"
79,06:59,3,3,삼성,14,"0,19,22,29,32,39,42,52,62,72,82,92,102,112"
79,06:59,4,4,여의도,9,"25,43,53,63,73,83,93,103,113"
79,06:59,5,5,김포공항,10,"14,24,44,54,64,74,84,94,104,114"
79,06:59,6,6,일산,2,"95,115"
79,06:59,7,7,판교,18,"5,16,26,35,36,45,46,55,56,65,66,75,76,85,86,96,106,116"
79,06:59,8,8,동탄/용인,11,"7,17,37,47,57,67,77,87,97,107,117"
79,06:59,9,9,평택,18,"3,4,9,11,13,18,28,30,38,48,58,68,78,88,98,105,108,118"
80,07:00,1,1,서울역,5,"70,80,90,100,110"
80,07:00,10,10,인천공항,7,"12,50,79,89,99,109,119"
80,07:00,2,2,수서,11,"15,21,31,41,51,61,71,81,91,101,111"
80,07:00,3,3,삼성,14,"0,19,22,29,32,39,42,52,62,72,82,92,102,112"
80,07:00,4,4,여의도,7,"43,63,73,83,93,103,113"
80,07:00,5,5,김포공항,10,"14,24,44,54,64,74,84,94,104,114"
80,07:00,6,6,일산,2,"95,115"
80,07:00,7,7,판교,18,"5,16,26,35,36,45,46,55,56,65,66,75,76,85,86,96,106,116"
80,07:00,8,8,동탄/용인,11,"7,17,37,47,57,67,77,87,97,107,117"
80,07:00,9,9,평택,18,"3,4,9,11,13,18,28,30,38,48,58,68,78,88,98,105,108,118"
81,07:01,1,1,서울역,5,"70,80,90,100,110"
81,07:01,10,10,인천공항,8,"12,50,60,79,89,99,109,119"
81,07:01,2,2,수서,11,"15,21,31,41,51,61,71,81,91,101,111"
81,07:01,3,3,삼성,14,"0,19,22,29,32,39,42,52,62,72,82,92,102,112"
81,07:01,4,4,여의도,6,"63,73,83,93,103,113"
81,07:01,5,5,김포공항,10,"14,24,44,54,64,74,84,94,104,114"
81,07:01,6,6,일산,2,"95,115"
81,07:01,7,7,판교,18,"5,16,26,35,36,45,46,55,56,65,66,75,76,85,86,96,106,116"
81,07:01,8,8,동탄/용인,11,"7,17,37,47,57,67,77,87,97,107,117"
81,07:01,9,9,평택,18,"3,4,9,11,13,18,28,30,38,48,58,68,78,88,98,105,108,118"
82,07:02,1,1,서울역,5,"70,80,90,100,110"
82,07:02,10,10,인천공항,8,"12,50,60,79,89,99,109,119"
82,07:02,2,2,수서,11,"15,21,31,41,51,61,71,81,91,101,111"
82,07:02,3,3,삼성,15,"0,19,22,29,32,39,42,49,52,62,72,82,92,102,112"
82,07:02,4,4,여의도,6,"63,73,83,93,103,113"
82,07:02,5,5,김포공항,10,"14,24,44,54,64,74,84,94,104,114"
82,07:02,6,6,일산,2,"95,115"
82,07:02,7,7,판교,19,"5,16,26,33,35,36,45,46,55,56,65,66,75,76,85,86,96,106,116"
82,07:02,8,8,동탄/용인,11,"7,17,37,47,57,67,77,87,97,107,117"
82,07:02,9,9,평택,19,"3,4,8,9,11,13,18,28,30,38,48,58,68,78,88,98,105,108,118"
83,07:03,1,1,서울역,5,"70,80,90,100,110"
83,07:03,10,10,인천공항,8,"12,50,60,79,89,99,109,119"
83,07:03,2,2,수서,11,"15,21,31,41,51,61,71,81,91,101,111"
83,07:03,3,3,삼성,15,"0,19,22,29,32,39,42,49,52,62,72,82,92,102,112"
83,07:03,4,4,여의도,6,"63,73,83,93,103,113"
83,07:03,5,5,김포공항,10,"14,24,44,54,64,74,84,94,104,114"
83,07:03,6,6,일산,2,"95,115"
83,07:03,7,7,판교,19,"5,16,26,33,35,36,45,46,55,56,65,66,75,76,85,86,96,106,116"
83,07:03,8,8,동탄/용인,11,"7,17,37,47,57,67,77,87,97,107,117"
83,07:03,9,9,평택,19,"3,4,8,9,11,13,18,28,30,38,48,58,68,78,88,98,105,108,118"
84,07:04,1,1,서울역,5,"70,80,90,100,110"
84,07:04,10,10,인천공항,8,"12,50,60,79,89,99,109,119"
84,07:04,2,2,수서,11,"15,21,31,41,51,61,71,81,91,101,111"
84,07:04,3,3,삼성,15,"0,19,22,29,32,39,42,49,52,62,72,82,92,102,112"
84,07:04,4,4,여의도,6,"63,73,83,93,103,113"
84,07:04,5,5,김포공항,8,"14,54,64,74,84,94,104,114"
84,07:04,6,6,일산,2,"95,115"
84,07:04,7,7,판교,19,"5,16,26,33,35,36,45,46,55,56,65,66,75,76,85,86,96,106,116"
84,07:04,8,8,동탄/용인,11,"7,17,37,47,57,67,77,87,97,107,117"
84,07:04,9,9,평택,19,"3,4,8,9,11,13,18,28,30,38,48,58,68,78,88,98,105,108,118"
85,07:05,1,1,서울역,5,"70,80,90,100,110"
85,07:05,10,10,인천공항,8,"12,50,60,79,89,99,109,119"
85,07:05,2,2,수서,11,"15,21,31,41,51,61,71,81,91,101,111"
85,07:05,3,3,삼성,15,"0,19,22,29,32,39,42,49,52,62,72,82,92,102,112"
85,07:05,4,4,여의도,6,"63,73,83,93,103,113"
85,07:05,5,5,김포공항,7,"54,64,74,84,94,104,114"
85,07:05,6,6,일산,2,"95,115"
85,07:05,7,7,판교,19,"5,16,26,33,35,36,45,46,55,56,65,66,75,76,85,86,96,106,116"
85,07:05,8,8,동탄/용인,10,"7,37,47,57,67,77,87,97,107,117"
85,07:05,9,9,평택,19,"3,4,8,9,11,13,18,28,30,38,48,58,68,78,88,98,105,108,118"
86,07:06,1,1,서울역,5,"70,80,90,100,110"
86,07:06,10,10,인천공항,9,"1,12,50,60,79,89,99,109,119"
86,07:06,2,2,수서,11,"15,21,31,41,51,61,71,81,91,101,111"
86,07:06,3,3,삼성,16,"0,19,20,22,29,32,39,42,49,52,62,72,82,92,102,112"
86,07:06,4,4,여의도,7,"2,63,73,83,93,103,113"
86,07:06,5,5,김포공항,7,"54,64,74,84,94,104,114"
86,07:06,6,6,일산,2,"95,115"
86,07:06,7,7,판교,19,"5,16,26,33,35,36,45,46,55,56,65,66,75,76,85,86,96,106,116"
86,07:06,8,8,동탄/용인,10,"7,37,47,57,67,77,87,97,107,117"
86,07:06,9,9,평택,19,"3,4,8,9,11,13,18,28,30,38,48,58,68,78,88,98,105,108,118"
87,07:07,1,1,서울역,5,"70,80,90,100,110"
87,07:07,10,10,인천공항,8,"1,50,60,79,89,99,109,119"
87,07:07,2,2,수서,11,"15,21,31,41,51,61,71,81,91,101,111"
87,07:07,3,3,삼성,16,"0,19,20,22,29,32,39,42,49,52,62,72,82,92,102,112"
87,07:07,4,4,여의도,8,"2,10,63,73,83,93,103,113"
87,07:07,5,5,김포공항,7,"54,64,74,84,94,104,114"
87,07:07,6,6,일산,4,"25,53,95,115"
87,07:07,7,7,판교,19,"5,16,26,33,35,36,45,46,55,56,65,66,75,76,85,86,96,106,116"
87,07:07,8,8,동탄/용인,10,"7,37,47,57,67,77,87,97,107,117"
87,07:07,9,9,평택,19,"3,4,8,9,11,13,18,28,30,38,48,58,68,78,88,98,105,108,118"
88,07:08,1,1,서울역,5,"70,80,90,100,110"
88,07:08,10,10,인천공항,7,"1,60,79,89,99,109,119"
88,07:08,2,2,수서,11,"15,21,31,41,51,61,71,81,91,101,111"
88,07:08,3,3,삼성,17,"0,19,20,22,29,32,39,42,49,52,59,62,72,82,92,102,112"
88,07:08,4,4,여의도,9,"2,10,27,63,73,83,93,103,113"
88,07:08,5,5,김포공항,7,"54,64,74,84,94,104,114"
88,07:08,6,6,일산,5,"25,43,53,95,115"
88,07:08,7,7,판교,20,"5,16,26,33,34,35,36,45,46,55,56,65,66,75,76,85,86,96,106,116"
88,07:08,8,8,동탄/용인,10,"7,37,47,57,67,77,87,97,107,117"
88,07:08,9,9,평택,20,"3,4,8,9,11,13,18,23,28,30,38,48,58,68,78,88,98,105,108,118"
89,07:09,1,1,서울역,5,"70,80,90,100,110"
89,07:09,10,10,인천공항,7,"1,60,79,89,99,109,119"
89,07:09,2,2,수서,11,"15,21,31,41,51,61,71,81,91,101,111"
89,07:09,3,3,삼성,19,"0,19,20,22,29,32,39,40,42,49,52,59,62,69,72,82,92,102,112"
89,07:09,4,4,여의도,8,"10,27,63,73,83,93,103,113"
89,07:09,5,5,김포공항,7,"54,64,74,84,94,104,114"
89,07:09,6,6,일산,5,"25,43,53,95,115"
89,07:09,7,7,판교,20,"5,16,26,33,34,35,36,45,46,55,56,65,66,75,76,85,86,96,106,116"
89,07:09,8,8,동탄/용인,10,"7,37,47,57,67,77,87,97,107,117"
89,07:09,9,9,평택,20,"3,4,8,9,11,13,18,23,28,30,38,48,58,68,78,88,98,105,108,118"
90,07:10,1,1,서울역,5,"70,80,90,100,110"
90,07:10,10,10,인천공항,7,"1,60,79,89,99,109,119"
90,07:10,2,2,수서,11,"15,21,31,41,51,61,71,81,91,101,111"
90,07:10,3,3,삼성,19,"0,19,20,22,29,32,39,40,42,49,52,59,62,69,72,82,92,102,112"
90,07:10,4,4,여의도,7,"27,63,73,83,93,103,113"
90,07:10,5,5,김포공항,7,"54,64,74,84,94,104,114"
90,07:10,6,6,일산,3,"43,95,115"
90,07:10,7,7,판교,20,"5,16,26,33,34,35,36,45,46,55,56,65,66,75,76,85,86,96,106,116"
90,07:10,8,8,동탄/용인,10,"7,37,47,57,67,77,87,97,107,117"
90,07:10,9,9,평택,21,"3,4,6,8,9,11,13,18,23,28,30,38,48,58,68,78,88,98,105,108,118"
91,07:11,1,1,서울역,5,"70,80,90,100,110"
91,07:11,10,10,인천공항,7,"1,60,79,89,99,109,119"
91,07:11,2,2,수서,11,"15,21,31,41,51,61,71,81,91,101,111"
91,07:11,3,3,삼성,19,"0,19,20,22,29,32,39,40,42,49,52,59,62,69,72,82,92,102,112"
91,07:11,4,4,여의도,7,"27,63,73,83,93,103,113"
91,07:11,5,5,김포공항,7,"54,64,74,84,94,104,114"
91,07:11,6,6,일산,3,"44,95,115"
91,07:11,7,7,판교,20,"5,16,26,33,34,35,36,45,46,55,56,65,66,75,76,85,86,96,106,116"
91,07:11,8,8,동탄/용인,10,"7,37,47,57,67,77,87,97,107,117"
91,07:11,9,9,평택,21,"3,4,6,8,9,11,13,18,23,28,30,38,48,58,68,78,88,98,105,108,118"
92,07:12,1,1,서울역,5,"70,80,90,100,110"
92,07:12,10,10,인천공항,6,"60,79,89,99,109,119"
92,07:12,2,2,수서,11,"15,21,31,41,51,61,71,81,91,101,111"
92,07:12,3,3,삼성,19,"0,19,20,22,29,32,39,40,42,49,52,59,62,69,72,82,92,102,112"
92,07:12,4,4,여의도,7,"27,63,73,83,93,103,113"
92,07:12,5,5,김포공항,7,"54,64,74,84,94,104,114"
92,07:12,6,6,일산,3,"44,95,115"
92,07:12,7,7,판교,20,"5,16,26,33,34,35,36,45,46,55,56,65,66,75,76,85,86,96,106,116"
92,07:12,8,8,동탄/용인,10,"7,37,47,57,67,77,87,97,107,117"
92,07:12,9,9,평택,21,"3,4,6,8,9,11,13,18,23,28,30,38,48,58,68,78,88,98,105,108,118"
93,07:13,1,1,서울역,6,"14,70,80,90,100,110"
93,07:13,10,10,인천공항,5,"79,89,99,109,119"
93,07:13,2,2,수서,10,"15,31,41,51,61,71,81,91,101,111"
93,07:13,3,3,삼성,19,"0,19,20,22,29,32,39,40,42,49,52,59,62,69,72,82,92,102,112"
93,07:13,4,4,여의도,7,"27,63,73,83,93,103,113"
93,07:13,5,5,김포공항,7,"54,64,74,84,94,104,114"
93,07:13,6,6,일산,3,"44,95,115"
93,07:13,7,7,판교,19,"16,26,33,34,35,36,45,46,55,56,65,66,75,76,85,86,96,106,116"
93,07:13,8,8,동탄/용인,9,"7,47,57,67,77,87,97,107,117"
93,07:13,9,9,평택,21,"3,4,6,8,9,11,13,18,23,28,30,38,48,58,68,78,88,98,105,108,118"
94,07:14,1,1,서울역,6,"14,70,80,90,100,110"
94,07:14,10,10,인천공항,5,"79,89,99,109,119"
94,07:14,2,2,수서,9,"15,41,51,61,71,81,91,101,111"
94,07:14,3,3,삼성,19,"0,19,20,22,29,32,39,40,42,49,52,59,62,69,72,82,92,102,112"
94,07:14,4,4,여의도,7,"27,63,73,83,93,103,113"
94,07:14,5,5,김포공항,7,"54,64,74,84,94,104,114"
94,07:14,6,6,일산,2,"95,115"
94,07:14,7,7,판교,20,"16,24,26,33,34,35,36,45,46,55,56,65,66,75,76,85,86,96,106,116"
94,07:14,8,8,동탄/용인,9,"7,47,57,67,77,87,97,107,117"
94,07:14,9,9,평택,21,"3,4,6,8,9,11,13,18,23,28,30,38,48,58,68,78,88,98,105,108,118"
95,07:15,1,1,서울역,6,"14,70,80,90,100,110"
95,07:15,10,10,인천공항,5,"79,89,99,109,119"
95,07:15,2,2,수서,10,"15,17,41,51,61,71,81,91,101,111"
95,07:15,3,3,삼성,19,"0,19,20,22,29,32,39,40,42,49,52,59,62,69,72,82,92,102,112"
95,07:15,4,4,여의도,7,"27,63,73,83,93,103,113"
95,07:15,5,5,김포공항,7,"54,64,74,84,94,104,114"
95,07:15,6,6,일산,2,"95,115"
95,07:15,7,7,판교,20,"16,24,26,33,34,35,36,45,46,55,56,65,66,75,76,85,86,96,106,116"
95,07:15,8,8,동탄/용인,9,"7,47,57,67,77,87,97,107,117"
95,07:15,9,9,평택,21,"3,4,6,8,9,11,13,18,23,28,30,38,48,58,68,78,88,98,105,108,118"
96,07:16,1,1,서울역,6,"14,70,80,90,100,110"
96,07:16,10,10,인천공항,5,"79,89,99,109,119"
96,07:16,2,2,수서,9,"15,17,41,61,71,81,91,101,111"
96,07:16,3,3,삼성,19,"0,19,20,22,29,32,39,40,42,49,52,59,62,69,72,82,92,102,112"
96,07:16,4,4,여의도,7,"27,63,73,83,93,103,113"
96,07:16,5,5,김포공항,7,"54,64,74,84,94,104,114"
96,07:16,6,6,일산,3,"2,95,115"
96,07:16,7,7,판교,20,"16,24,26,33,34,35,36,45,46,55,56,65,66,75,76,85,86,96,106,116"
96,07:16,8,8,동탄/용인,9,"7,47,57,67,77,87,97,107,117"
96,07:16,9,9,평택,21,"3,4,6,8,9,11,13,18,23,28,30,38,48,58,68,78,88,98,105,108,118"
97,07:17,1,1,서울역,5,"14,80,90,100,110"
97,07:17,10,10,인천공항,4,"89,99,109,119"
97,07:17,2,2,수서,9,"15,17,41,61,71,81,91,101,111"
97,07:17,3,3,삼성,19,"0,19,20,22,29,32,39,40,42,49,52,59,62,69,72,82,92,102,112"
97,07:17,4,4,여의도,7,"27,63,73,83,93,103,113"
97,07:17,5,5,김포공항,7,"54,64,74,84,94,104,114"
97,07:17,6,6,일산,4,"2,10,95,115"
97,07:17,7,7,판교,20,"16,24,26,33,34,35,36,45,46,55,56,65,66,75,76,85,86,96,106,116"
97,07:17,8,8,동탄/용인,9,"7,47,57,67,77,87,97,107,117"
97,07:17,9,9,평택,21,"3,4,6,8,9,11,13,18,23,28,30,38,48,58,68,78,88,98,105,108,118"
98,07:18,1,1,서울역,5,"14,80,90,100,110"
98,07:18,10,10,인천공항,4,"89,99,109,119"
98,07:18,2,2,수서,9,"15,17,41,61,71,81,91,101,111"
98,07:18,3,3,삼성,19,"0,19,20,22,29,32,39,40,42,49,52,59,62,69,72,82,92,102,112"
98,07:18,4,4,여의도,7,"27,63,73,83,93,103,113"
98,07:18,5,5,김포공항,7,"54,64,74,84,94,104,114"
98,07:18,6,6,일산,4,"2,10,95,115"
98,07:18,7,7,판교,20,"16,24,26,33,34,35,36,45,46,55,56,65,66,75,76,85,86,96,106,116"
98,07:18,8,8,동탄/용인,9,"7,47,57,67,77,87,97,107,117"
98,07:18,9,9,평택,21,"3,4,6,8,9,11,13,18,23,28,30,38,48,58,68,78,88,98,105,108,118"
99,07:19,1,1,서울역,5,"14,80,90,100,110"
99,07:19,10,10,인천공항,4,"89,99,109,119"
99,07:19,2,2,수서,9,"15,17,41,61,71,81,91,101,111"
99,07:19,3,3,삼성,19,"0,19,20,22,29,32,39,40,42,49,52,59,62,69,72,82,92,102,112"
99,07:19,4,4,여의도,8,"21,27,63,73,83,93,103,113"
99,07:19,5,5,김포공항,7,"54,64,74,84,94,104,114"
99,07:19,6,6,일산,3,"10,95,115"
99,07:19,7,7,판교,20,"16,24,26,33,34,35,36,45,46,55,56,65,66,75,76,85,86,96,106,116"
99,07:19,8,8,동탄/용인,9,"7,47,57,67,77,87,97,107,117"
99,07:19,9,9,평택,21,"3,4,6,8,9,11,13,18,23,28,30,38,48,58,68,78,88,98,105,108,118"
100,07:20,1,1,서울역,6,"5,14,80,90,100,110"
100,07:20,10,10,인천공항,4,"89,99,109,119"
100,07:20,2,2,수서,9,"15,17,41,61,71,81,91,101,111"
100,07:20,3,3,삼성,20,"0,19,20,22,25,29,32,39,40,42,49,52,59,62,69,72,82,92,102,112"
100,07:20,4,4,여의도,9,"21,27,31,63,73,83,93,103,113"
100,07:20,5,5,김포공항,7,"54,64,74,84,94,104,114"
100,07:20,6,6,일산,1,115
100,07:20,7,7,판교,20,"16,24,26,33,34,35,36,45,46,55,56,65,66,75,76,85,86,96,106,116"
100,07:20,8,8,동탄/용인,9,"7,47,57,67,77,87,97,107,117"
100,07:20,9,9,평택,21,"3,4,6,8,9,11,13,18,23,28,30,38,48,58,68,78,88,98,105,108,118"
101,07:21,1,1,서울역,6,"5,14,80,90,100,110"
101,07:21,10,10,인천공항,4,"89,99,109,119"
101,07:21,2,2,수서,9,"15,17,41,61,71,81,91,101,111"
101,07:21,3,3,삼성,21,"0,19,20,22,25,29,32,39,40,42,43,49,52,59,62,69,72,82,92,102,112"
101,07:21,4,4,여의도,9,"21,27,31,63,73,83,93,103,113"
101,07:21,5,5,김포공항,7,"54,64,74,84,94,104,114"
101,07:21,6,6,일산,1,115
101,07:21,7,7,판교,20,"16,24,26,33,34,35,36,45,46,55,56,65,66,75,76,85,86,96,106,116"
101,07:21,8,8,동탄/용인,8,"7,57,67,77,87,97,107,117"
101,07:21,9,9,평택,21,"3,4,6,8,9,11,13,18,23,28,30,38,48,58,68,78,88,98,105,108,118"
102,07:22,1,1,서울역,5,"5,80,90,100,110"
102,07:22,10,10,인천공항,4,"89,99,109,119"
102,07:22,2,2,수서,9,"15,17,41,61,71,81,91,101,111"
102,07:22,3,3,삼성,21,"0,19,20,22,25,29,32,39,40,42,43,49,52,59,62,69,72,82,92,102,112"
102,07:22,4,4,여의도,8,"21,31,63,73,83,93,103,113"
102,07:22,5,5,김포공항,7,"54,64,74,84,94,104,114"
102,07:22,6,6,일산,1,115
102,07:22,7,7,판교,21,"16,24,26,33,34,35,36,45,46,53,55,56,65,66,75,76,85,86,96,106,116"
102,07:22,8,8,동탄/용인,8,"7,57,67,77,87,97,107,117"
102,07:22,9,9,평택,21,"3,4,6,8,9,11,13,18,23,28,30,38,48,58,68,78,88,98,105,108,118"
103,07:23,1,1,서울역,4,"80,90,100,110"
103,07:23,10,10,인천공항,4,"89,99,109,119"
103,07:23,2,2,수서,10,"15,17,37,41,61,71,81,91,101,111"
103,07:23,3,3,삼성,21,"0,19,20,22,25,29,32,39,40,42,43,49,52,59,62,69,72,82,92,102,112"
103,07:23,4,4,여의도,8,"21,31,63,73,83,93,103,113"
103,07:23,5,5,김포공항,7,"54,64,74,84,94,104,114"
103,07:23,6,6,일산,1,115
103,07:23,7,7,판교,20,"16,24,26,33,35,36,45,46,53,55,56,65,66,75,76,85,86,96,106,116"
103,07:23,8,8,동탄/용인,7,"7,67,77,87,97,107,117"
103,07:23,9,9,평택,21,"3,4,6,8,9,11,13,18,23,28,30,38,48,58,68,78,88,98,105,108,118"
104,07:24,1,1,서울역,4,"80,90,100,110"
104,07:24,10,10,인천공항,3,"89,109,119"
104,07:24,2,2,수서,9,"15,37,41,61,71,81,91,101,111"
104,07:24,3,3,삼성,22,"0,19,20,22,25,29,32,39,40,42,43,44,49,52,59,62,69,72,82,92,102,112"
104,07:24,4,4,여의도,8,"21,31,63,73,83,93,103,113"
104,07:24,5,5,김포공항,7,"54,64,74,84,94,104,114"
104,07:24,6,6,일산,1,115
104,07:24,7,7,판교,20,"16,24,26,33,35,36,45,46,53,55,56,65,66,75,76,85,86,96,106,116"
104,07:24,8,8,동탄/용인,7,"7,67,77,87,97,107,117"
104,07:24,9,9,평택,21,"3,4,6,8,9,11,13,18,23,28,30,38,48,58,68,78,88,98,105,108,118"
105,07:25,1,1,서울역,4,"80,90,100,110"
105,07:25,10,10,인천공항,2,"89,119"
105,07:25,2,2,수서,9,"15,37,41,61,71,81,91,101,111"
105,07:25,3,3,삼성,22,"0,19,20,22,25,29,32,39,40,42,43,44,49,52,59,62,69,72,82,92,102,112"
105,07:25,4,4,여의도,8,"21,31,63,73,83,93,103,113"
105,07:25,5,5,김포공항,7,"54,64,74,84,94,104,114"
105,07:25,6,6,일산,1,115
105,07:25,7,7,판교,20,"16,24,26,33,35,36,45,46,53,55,56,65,66,75,76,85,86,96,106,116"
105,07:25,8,8,동탄/용인,7,"7,67,77,87,97,107,117"
105,07:25,9,9,평택,21,"3,4,6,8,9,11,13,18,23,28,30,38,48,58,68,78,88,98,105,108,118"
106,07:26,1,1,서울역,4,"80,90,100,110"
106,07:26,10,10,인천공항,2,"89,119"
106,07:26,2,2,수서,9,"15,37,41,61,71,81,91,101,111"
106,07:26,3,3,삼성,22,"0,19,20,22,25,29,32,39,40,42,43,44,49,52,59,62,69,72,82,92,102,112"
106,07:26,4,4,여의도,7,"31,63,73,83,93,103,113"
106,07:26,5,5,김포공항,7,"54,64,74,84,94,104,114"
106,07:26,6,6,일산,1,115
106,07:26,7,7,판교,20,"16,24,26,33,35,36,45,46,53,55,56,65,66,75,76,85,86,96,106,116"
106,07:26,8,8,동탄/용인,6,"67,77,87,97,107,117"
106,07:26,9,9,평택,22,"3,4,6,8,9,11,12,13,18,23,28,30,38,48,58,68,78,88,98,105,108,118"
107,07:27,1,1,서울역,5,"80,90,95,100,110"
107,07:27,10,10,인천공항,2,"89,119"
107,07:27,2,2,수서,9,"15,37,41,61,71,81,91,101,111"
107,07:27,3,3,삼성,22,"0,1,19,22,25,29,32,39,40,42,43,44,49,52,59,62,69,72,82,92,102,112"
107,07:27,4,4,여의도,7,"31,63,73,83,93,103,113"
107,07:27,5,5,김포공항,7,"54,64,74,84,94,104,114"
107,07:27,6,6,일산,2,"51,115"
107,07:27,7,7,판교,20,"16,24,26,33,35,36,45,46,53,55,56,65,66,75,76,85,86,96,106,116"
107,07:27,8,8,동탄/용인,6,"67,77,87,97,107,117"
107,07:27,9,9,평택,23,"3,4,6,8,9,11,12,13,18,23,28,30,38,48,50,58,68,78,88,98,105,108,118"
108,07:28,1,1,서울역,5,"80,90,95,100,110"
108,07:28,10,10,인천공항,2,"89,119"
108,07:28,2,2,수서,9,"15,37,41,61,71,81,91,101,111"
108,07:28,3,3,삼성,22,"0,1,19,22,25,29,32,39,40,42,43,44,49,52,59,62,69,72,82,92,102,112"
108,07:28,4,4,여의도,7,"31,63,73,83,93,103,113"
108,07:28,5,5,김포공항,7,"54,64,74,84,94,104,114"
108,07:28,6,6,일산,2,"51,115"
108,07:28,7,7,판교,20,"16,24,26,33,35,36,45,46,53,55,56,65,66,75,76,85,86,96,106,116"
108,07:28,8,8,동탄/용인,6,"67,77,87,97,107,117"
108,07:28,9,9,평택,23,"3,4,6,8,9,11,12,13,18,23,28,30,38,48,50,58,68,78,88,98,105,108,118"
109,07:29,1,1,서울역,5,"80,90,95,100,110"
109,07:29,10,10,인천공항,2,"89,119"
109,07:29,2,2,수서,9,"15,37,41,61,71,81,91,101,111"
109,07:29,3,3,삼성,22,"0,1,19,22,25,29,32,39,40,42,43,44,49,52,59,62,69,72,82,92,102,112"
109,07:29,4,4,여의도,7,"31,63,73,83,93,103,113"
109,07:29,5,5,김포공항,7,"54,64,74,84,94,104,114"
109,07:29,6,6,일산,4,"14,27,51,115"
109,07:29,7,7,판교,20,"16,24,26,33,35,36,45,46,53,55,56,65,66,75,76,85,86,96,106,116"
109,07:29,8,8,동탄/용인,6,"67,77,87,97,107,117"
109,07:29,9,9,평택,23,"3,4,6,8,9,11,12,13,18,23,28,30,38,48,50,58,68,78,88,98,105,108,118"
110,07:30,1,1,서울역,5,"80,90,95,100,110"
110,07:30,10,10,인천공항,2,"89,119"
110,07:30,2,2,수서,9,"15,37,41,61,71,81,91,101,111"
110,07:30,3,3,삼성,22,"0,1,19,22,25,29,32,39,40,42,43,44,49,52,59,62,69,72,82,92,102,112"
110,07:30,4,4,여의도,8,"17,31,63,73,83,93,103,113"
110,07:30,5,5,김포공항,7,"54,64,74,84,94,104,114"
110,07:30,6,6,일산,5,"5,14,27,51,115"
110,07:30,7,7,판교,20,"16,24,26,33,35,36,45,46,53,55,56,65,66,75,76,85,86,96,106,116"
110,07:30,8,8,동탄/용인,6,"67,77,87,97,107,117"
110,07:30,9,9,평택,23,"3,4,6,8,9,11,12,13,18,23,28,30,38,48,50,58,68,78,88,98,105,108,118"
111,07:31,1,1,서울역,5,"80,90,95,100,110"
111,07:31,10,10,인천공항,1,89
111,07:31,2,2,수서,9,"37,41,47,61,71,81,91,101,111"
111,07:31,3,3,삼성,22,"0,1,19,22,25,29,32,39,40,42,43,44,49,52,59,62,69,72,82,92,102,112"
111,07:31,4,4,여의도,8,"17,31,63,73,83,93,103,113"
111,07:31,5,5,김포공항,7,"54,64,74,84,94,104,114"
111,07:31,6,6,일산,5,"5,14,27,51,115"
111,07:31,7,7,판교,21,"2,16,24,26,33,35,36,45,46,53,55,56,65,66,75,76,85,86,96,106,116"
111,07:31,8,8,동탄/용인,6,"67,77,87,97,107,117"
111,07:31,9,9,평택,23,"3,4,6,8,9,11,12,13,18,23,28,30,38,48,50,58,68,78,88,98,105,108,118"
112,07:32,1,1,서울역,5,"80,90,95,100,110"
112,07:32,10,10,인천공항,1,89
112,07:32,2,2,수서,9,"37,41,47,61,71,81,91,101,111"
112,07:32,3,3,삼성,22,"0,1,19,22,25,29,32,39,40,42,43,44,49,52,59,62,69,72,82,92,102,112"
112,07:32,4,4,여의도,8,"17,31,63,73,83,93,103,113"
112,07:32,5,5,김포공항,7,"54,64,74,84,94,104,114"
112,07:32,6,6,일산,3,"5,51,115"
112,07:32,7,7,판교,22,"2,10,16,24,26,33,35,36,45,46,53,55,56,65,66,75,76,85,86,96,106,116"
112,07:32,8,8,동탄/용인,5,"77,87,97,107,117"
112,07:32,9,9,평택,24,"3,4,6,8,9,11,12,13,18,23,28,30,38,48,50,58,60,68,78,88,98,105,108,118"
113,07:33,1,1,서울역,4,"90,95,100,110"
113,07:33,10,10,인천공항,1,89
113,07:33,2,2,수서,10,"37,41,47,57,61,71,81,91,101,111"
113,07:33,3,3,삼성,22,"0,1,19,22,25,29,32,39,40,42,43,44,49,52,59,62,69,72,82,92,102,112"
113,07:33,4,4,여의도,8,"17,31,63,73,83,93,103,113"
113,07:33,5,5,김포공항,7,"54,64,74,84,94,104,114"
113,07:33,6,6,일산,3,"21,51,115"
113,07:33,7,7,판교,22,"2,10,16,24,26,33,35,36,45,46,53,55,56,65,66,75,76,85,86,96,106,116"
113,07:33,8,8,동탄/용인,5,"77,87,97,107,117"
113,07:33,9,9,평택,25,"3,4,6,8,9,11,12,13,18,23,28,30,38,48,50,58,60,68,70,78,88,98,105,108,118"
114,07:34,1,1,서울역,4,"90,95,100,110"
114,07:34,10,10,인천공항,1,89
114,07:34,2,2,수서,10,"37,41,47,57,61,71,81,91,101,111"
114,07:34,3,3,삼성,22,"0,1,19,22,25,29,32,39,40,42,43,44,49,52,59,62,69,72,82,92,102,112"
114,07:34,4,4,여의도,8,"17,31,63,73,83,93,103,113"
114,07:34,5,5,김포공항,6,"64,74,84,94,104,114"
114,07:34,6,6,일산,3,"21,51,115"
114,07:34,7,7,판교,21,"2,10,24,26,33,35,36,45,46,53,55,56,65,66,75,76,85,86,96,106,116"
114,07:34,8,8,동탄/용인,4,"87,97,107,117"
114,07:34,9,9,평택,25,"3,4,6,8,9,11,12,13,18,23,28,30,38,48,50,58,60,68,70,78,88,98,105,108,118"
115,07:35,1,1,서울역,4,"90,95,100,110"
115,07:35,10,10,인천공항,1,89
115,07:35,2,2,수서,10,"37,41,47,57,61,71,81,91,101,111"
115,07:35,3,3,삼성,22,"0,1,19,22,25,29,32,39,40,42,43,44,49,52,59,62,69,72,82,92,102,112"
115,07:35,4,4,여의도,8,"17,31,63,73,83,93,103,113"
115,07:35,5,5,김포공항,6,"64,74,84,94,104,114"
115,07:35,6,6,일산,4,"21,34,51,115"
115,07:35,7,7,판교,21,"2,10,24,26,33,35,36,45,46,53,55,56,65,66,75,76,85,86,96,106,116"
115,07:35,8,8,동탄/용인,4,"87,97,107,117"
115,07:35,9,9,평택,25,"3,4,6,8,9,11,12,13,18,23,28,30,38,48,50,58,60,68,70,78,88,98,105,108,118"
116,07:36,1,1,서울역,4,"90,95,100,110"
116,07:36,10,10,인천공항,1,89
116,07:36,2,2,수서,11,"7,37,41,47,57,61,71,81,91,101,111"
116,07:36,3,3,삼성,22,"0,1,19,22,25,29,32,39,40,42,43,44,49,52,59,62,69,72,82,92,102,112"
116,07:36,4,4,여의도,8,"17,31,63,73,83,93,103,113"
116,07:36,5,5,김포공항,6,"64,74,84,94,104,114"
116,07:36,6,6,일산,3,"34,51,115"
116,07:36,7,7,판교,21,"2,10,24,26,33,35,36,45,46,53,55,56,65,66,75,76,85,86,96,106,116"
116,07:36,8,8,동탄/용인,3,"97,107,117"
116,07:36,9,9,평택,26,"3,4,6,8,9,11,12,13,18,23,28,30,38,48,50,58,60,68,70,78,79,88,98,105,108,118"
117,07:37,1,1,서울역,4,"90,95,100,110"
117,07:37,10,10,인천공항,1,89
117,07:37,2,2,수서,11,"7,37,41,47,57,61,71,81,91,101,111"
117,07:37,3,3,삼성,22,"0,1,19,22,25,29,32,39,40,42,43,44,49,52,59,62,69,72,82,92,102,112"
117,07:37,4,4,여의도,9,"15,17,31,63,73,83,93,103,113"
117,07:37,5,5,김포공항,6,"64,74,84,94,104,114"
117,07:37,6,6,일산,3,"34,51,115"
117,07:37,7,7,판교,21,"2,10,24,26,33,35,36,45,46,53,55,56,65,66,75,76,85,86,96,106,116"
117,07:37,8,8,동탄/용인,3,"97,107,117"
117,07:37,9,9,평택,26,"3,4,6,8,9,11,12,13,18,23,28,30,38,48,50,58,60,68,70,78,79,88,98,105,108,118"
118,07:38,1,1,서울역,4,"90,95,100,110"
118,07:38,10,10,인천공항,1,89
118,07:38,2,2,수서,11,"7,37,41,47,57,61,71,81,91,101,111"
118,07:38,3,3,삼성,22,"0,1,19,22,25,29,32,39,40,42,43,44,49,52,59,62,69,72,82,92,102,112"
118,07:38,4,4,여의도,9,"15,17,31,63,73,83,93,103,113"
118,07:38,5,5,김포공항,6,"64,74,84,94,104,114"
118,07:38,6,6,일산,3,"34,51,115"
118,07:38,7,7,판교,21,"2,10,24,26,33,35,36,45,46,53,55,56,65,66,75,76,85,86,96,106,116"
118,07:38,8,8,동탄/용인,3,"97,107,117"
118,07:38,9,9,평택,26,"3,4,6,8,9,11,12,13,18,23,28,30,38,48,50,58,60,68,70,78,79,88,98,105,108,118"
119,07:39,1,1,서울역,5,"14,90,95,100,110"
119,07:39,10,10,인천공항,1,89
119,07:39,2,2,수서,11,"7,37,41,47,57,61,71,81,91,101,111"
119,07:39,3,3,삼성,21,"1,19,22,25,29,32,39,40,42,43,44,49,52,59,62,69,72,82,92,102,112"
119,07:39,4,4,여의도,9,"15,17,31,63,73,83,93,103,113"
119,07:39,5,5,김포공항,6,"64,74,84,94,104,114"
119,07:39,6,6,일산,3,"34,51,115"
119,07:39,7,7,판교,21,"2,10,24,26,33,35,36,45,46,53,55,56,65,66,75,76,85,86,96,106,116"
119,07:39,8,8,동탄/용인,3,"97,107,117"
119,07:39,9,9,평택,26,"3,4,6,8,9,11,12,13,18,23,28,30,38,48,50,58,60,68,70,78,79,88,98,105,108,118"
120,07:40,1,1,서울역,6,"5,14,90,95,100,110"
120,07:40,10,10,인천공항,1,89
120,07:40,2,2,수서,11,"7,37,41,47,57,61,71,81,91,101,111"
120,07:40,3,3,삼성,20,"19,22,25,29,32,39,40,42,43,44,49,52,59,62,69,72,82,92,102,112"
120,07:40,4,4,여의도,8,"15,17,31,63,83,93,103,113"
120,07:40,5,5,김포공항,6,"64,74,84,94,104,114"
120,07:40,6,6,일산,3,"34,51,115"
120,07:40,7,7,판교,21,"2,10,24,26,33,35,36,45,46,53,55,56,65,66,75,76,85,86,96,106,116"
120,07:40,8,8,동탄/용인,3,"97,107,117"
120,07:40,9,9,평택,26,"3,4,6,8,9,11,12,13,18,23,28,30,38,48,50,58,60,68,70,78,79,88,98,105,108,118"
121,07:41,1,1,서울역,6,"5,14,90,95,100,110"
121,07:41,10,10,인천공항,1,89
121,07:41,2,2,수서,11,"7,37,41,47,57,61,71,81,91,101,111"
121,07:41,3,3,삼성,20,"19,22,25,29,32,39,40,42,43,44,49,52,59,62,69,72,82,92,102,112"
121,07:41,4,4,여의도,9,"15,16,17,31,63,83,93,103,113"
121,07:41,5,5,김포공항,6,"64,74,84,94,104,114"
121,07:41,6,6,일산,3,"34,51,115"
121,07:41,7,7,판교,21,"2,10,24,26,33,35,36,45,46,53,55,56,65,66,75,76,85,86,96,106,116"
121,07:41,8,8,동탄/용인,3,"97,107,117"
121,07:41,9,9,평택,25,"3,6,8,9,11,12,13,18,23,28,30,38,48,50,58,60,68,70,78,79,88,98,105,108,118"
122,07:42,1,1,서울역,6,"5,14,90,95,100,110"
122,07:42,10,10,인천공항,1,89
122,07:42,2,2,수서,12,"7,37,41,47,57,61,67,71,81,91,101,111"
122,07:42,3,3,삼성,20,"19,22,25,29,32,39,40,42,43,44,49,52,59,62,69,72,82,92,102,112"
122,07:42,4,4,여의도,8,"15,16,17,31,63,93,103,113"
122,07:42,5,5,김포공항,6,"64,74,84,94,104,114"
122,07:42,6,6,일산,3,"34,51,115"
122,07:42,7,7,판교,20,"2,24,26,33,35,36,45,46,53,55,56,65,66,75,76,85,86,96,106,116"
122,07:42,8,8,동탄/용인,3,"97,107,117"
122,07:42,9,9,평택,25,"3,8,9,11,12,13,18,20,23,28,30,38,48,50,58,60,68,70,78,79,88,98,105,108,118"
123,07:43,1,1,서울역,7,"5,14,21,90,95,100,110"
123,07:43,10,10,인천공항,1,89
123,07:43,2,2,수서,12,"7,37,41,47,57,61,67,71,81,91,101,111"
123,07:43,3,3,삼성,20,"19,22,25,29,32,39,40,42,43,44,49,52,59,62,69,72,82,92,102,112"
123,07:43,4,4,여의도,8,"15,16,17,31,63,93,103,113"
123,07:43,5,5,김포공항,6,"64,74,84,94,104,114"
123,07:43,6,6,일산,2,"51,115"
123,07:43,7,7,판교,20,"2,24,26,33,35,36,45,46,53,55,56,65,66,75,76,85,86,96,106,116"
123,07:43,8,8,동탄/용인,3,"97,107,117"
123,07:43,9,9,평택,26,"3,8,9,11,12,13,18,20,23,28,30,38,48,50,58,60,68,70,78,79,88,98,99,105,108,118"
124,07:44,1,1,서울역,7,"5,14,21,90,95,100,110"
124,07:44,10,10,인천공항,1,89
124,07:44,2,2,수서,13,"7,37,41,47,57,61,67,71,77,81,91,101,111"
124,07:44,3,3,삼성,20,"19,22,25,29,32,39,40,42,43,44,49,52,59,62,69,72,82,92,102,112"
124,07:44,4,4,여의도,8,"15,16,17,31,63,93,103,113"
124,07:44,5,5,김포공항,6,"64,74,84,94,104,114"
124,07:44,6,6,일산,1,51
124,07:44,7,7,판교,22,"2,24,26,27,33,35,36,45,46,53,54,55,56,65,66,75,76,85,86,96,106,116"
124,07:44,8,8,동탄/용인,3,"97,107,117"
124,07:44,9,9,평택,27,"3,8,9,11,12,13,18,20,23,28,30,38,48,50,58,60,68,70,78,79,88,98,99,105,108,109,118"
125,07:45,1,1,서울역,7,"5,14,21,90,95,100,110"
125,07:45,10,10,인천공항,1,89
125,07:45,2,2,수서,13,"7,37,41,47,57,61,67,71,77,81,91,101,111"
125,07:45,3,3,삼성,19,"19,22,25,29,32,39,42,43,44,49,52,59,62,69,72,82,92,102,112"
125,07:45,4,4,여의도,8,"15,16,17,31,63,93,103,113"
125,07:45,5,5,김포공항,6,"64,74,84,94,104,114"
125,07:45,6,6,일산,1,51
125,07:45,7,7,판교,22,"2,24,26,27,33,35,36,45,46,53,54,55,56,65,66,75,76,85,86,96,106,116"
125,07:45,8,8,동탄/용인,3,"97,107,117"
125,07:45,9,9,평택,26,"8,9,11,12,13,18,20,23,28,30,38,48,50,58,60,68,70,78,79,88,98,99,105,108,109,118"
126,07:46,1,1,서울역,7,"5,14,21,90,95,100,110"
126,07:46,10,10,인천공항,1,89
126,07:46,2,2,수서,14,"7,37,41,47,57,61,67,71,77,81,87,91,101,111"
126,07:46,3,3,삼성,19,"19,22,25,29,32,39,42,43,44,49,52,59,62,69,72,82,92,102,112"
126,07:46,4,4,여의도,8,"15,16,17,31,63,93,103,113"
126,07:46,5,5,김포공항,6,"64,74,84,94,104,114"
126,07:46,7,7,판교,21,"2,26,27,33,35,36,45,46,53,54,55,56,65,66,75,76,85,86,96,106,116"
126,07:46,8,8,동탄/용인,3,"97,107,117"
126,07:46,9,9,평택,26,"8,9,11,12,13,18,20,23,28,30,38,48,50,58,60,68,70,78,79,88,98,99,105,108,109,118"
127,07:47,1,1,서울역,7,"5,14,21,90,95,100,110"
127,07:47,10,10,인천공항,1,89
127,07:47,2,2,수서,14,"7,37,41,47,57,61,67,71,77,81,87,91,101,111"
127,07:47,3,3,삼성,19,"19,22,25,29,32,39,42,43,44,49,52,59,62,69,72,82,92,102,112"
127,07:47,4,4,여의도,8,"15,16,17,31,63,93,103,113"
127,07:47,5,5,김포공항,6,"64,74,84,94,104,114"
127,07:47,6,6,일산,1,73
127,07:47,7,7,판교,20,"2,27,33,35,36,45,46,53,54,55,56,65,66,75,76,85,86,96,106,116"
127,07:47,8,8,동탄/용인,3,"97,107,117"
127,07:47,9,9,평택,26,"8,9,11,12,13,18,20,23,28,30,38,48,50,58,60,68,70,78,79,88,98,99,105,108,109,118"
128,07:48,1,1,서울역,7,"5,14,21,90,95,100,110"
128,07:48,10,10,인천공항,1,89
128,07:48,2,2,수서,14,"7,37,41,47,57,61,67,71,77,81,87,91,101,111"
128,07:48,3,3,삼성,19,"19,22,25,29,32,39,42,43,44,49,52,59,62,69,72,82,92,102,112"
128,07:48,4,4,여의도,8,"15,16,17,31,63,93,103,113"
128,07:48,5,5,김포공항,6,"64,74,84,94,104,114"
128,07:48,6,6,일산,1,73
128,07:48,7,7,판교,20,"2,27,33,35,36,45,46,53,54,55,56,65,66,75,76,85,86,96,106,116"
128,07:48,8,8,동탄/용인,2,"107,117"
128,07:48,9,9,평택,26,"8,9,11,12,13,18,20,23,28,30,38,48,50,58,60,68,70,78,79,88,98,99,105,108,109,118"
129,07:49,1,1,서울역,7,"5,14,21,90,95,100,110"
129,07:49,2,2,수서,14,"7,37,41,47,57,61,67,71,77,81,87,91,101,111"
129,07:49,3,3,삼성,19,"19,22,25,29,32,39,42,43,44,49,52,59,62,69,72,82,92,102,112"
129,07:49,4,4,여의도,9,"10,15,16,17,31,63,93,103,113"
129,07:49,5,5,김포공항,6,"64,74,84,94,104,114"
129,07:49,6,6,일산,2,"73,83"
129,07:49,7,7,판교,20,"2,27,33,35,36,45,46,53,54,55,56,65,66,75,76,85,86,96,106,116"
129,07:49,8,8,동탄/용인,3,"0,107,117"
129,07:49,9,9,평택,27,"8,9,11,12,13,18,20,23,28,30,38,48,50,58,60,68,70,78,79,80,88,98,99,105,108,109,118"
130,07:50,1,1,서울역,8,"5,14,21,34,90,95,100,110"
130,07:50,2,2,수서,14,"7,37,41,47,57,61,67,71,77,81,87,91,101,111"
130,07:50,3,3,삼성,19,"19,22,25,29,32,39,42,43,44,49,52,59,62,69,72,82,92,102,112"
130,07:50,4,4,여의도,9,"10,15,16,17,31,63,93,103,113"
130,07:50,5,5,김포공항,6,"64,74,84,94,104,114"
130,07:50,6,6,일산,1,83
130,07:50,7,7,판교,19,"2,33,35,36,45,46,53,54,55,56,65,66,75,76,85,86,96,106,116"
130,07:50,8,8,동탄/용인,4,"0,1,107,117"
130,07:50,9,9,평택,28,"8,9,11,12,13,18,20,23,28,30,38,48,50,58,60,68,70,78,79,80,88,98,99,105,108,109,118,119"
131,07:51,1,1,서울역,8,"14,21,34,90,95,100,110,115"
131,07:51,2,2,수서,14,"7,37,41,47,57,61,67,71,77,81,87,91,101,111"
131,07:51,3,3,삼성,19,"19,22,25,29,32,39,42,43,44,49,52,59,62,69,72,82,92,102,112"
131,07:51,4,4,여의도,9,"10,15,16,17,31,63,93,103,113"
131,07:51,5,5,김포공항,6,"64,74,84,94,104,114"
131,07:51,6,6,일산,1,83
131,07:51,7,7,판교,19,"2,33,35,36,45,46,53,54,55,56,65,66,75,76,85,86,96,106,116"
131,07:51,8,8,동탄/용인,4,"0,1,107,117"
131,07:51,9,9,평택,27,"8,9,11,13,18,20,23,28,30,38,48,50,58,60,68,70,78,79,80,88,98,99,105,108,109,118,119"
132,07:52,1,1,서울역,8,"14,21,34,90,95,100,110,115"
132,07:52,2,2,수서,13,"37,41,47,57,61,67,71,77,81,87,91,101,111"
132,07:52,3,3,삼성,19,"19,22,25,29,32,39,42,43,44,49,52,59,62,69,72,82,92,102,112"
132,07:52,4,4,여의도,9,"10,15,16,17,31,63,93,103,113"
132,07:52,5,5,김포공항,6,"64,74,84,94,104,114"
132,07:52,7,7,판교,18,"33,35,36,45,46,53,54,55,56,65,66,75,76,85,86,96,106,116"
132,07:52,8,8,동탄/용인,4,"0,1,107,117"
132,07:52,9,9,평택,27,"8,9,11,13,18,20,23,28,30,38,48,50,58,60,68,70,78,79,80,88,98,99,105,108,109,118,119"
133,07:53,1,1,서울역,9,"14,21,34,51,90,95,100,110,115"
133,07:53,2,2,수서,13,"37,41,47,57,61,67,71,77,81,87,91,101,111"
133,07:53,3,3,삼성,19,"19,22,25,29,32,39,42,43,44,49,52,59,62,69,72,82,92,102,112"
133,07:53,4,4,여의도,10,"10,15,16,17,24,31,63,93,103,113"
133,07:53,5,5,김포공항,6,"64,74,84,94,104,114"
133,07:53,7,7,판교,18,"33,35,36,45,46,53,54,55,56,65,66,75,76,85,86,96,106,116"
133,07:53,8,8,동탄/용인,4,"0,1,107,117"
133,07:53,9,9,평택,27,"8,9,11,13,18,20,23,28,30,38,48,50,58,60,68,70,78,79,80,88,98,99,105,108,109,118,119"
134,07:54,1,1,서울역,9,"14,21,34,51,90,95,100,110,115"
134,07:54,2,2,수서,13,"37,41,47,57,61,67,71,77,81,87,91,101,111"
134,07:54,3,3,삼성,19,"19,22,25,29,32,39,42,43,44,49,52,59,62,69,72,82,92,102,112"
134,07:54,4,4,여의도,11,"10,15,16,17,24,26,31,63,93,103,113"
134,07:54,5,5,김포공항,6,"64,74,84,94,104,114"
134,07:54,7,7,판교,18,"33,35,36,45,46,53,54,55,56,65,66,75,76,85,86,96,106,116"
134,07:54,8,8,동탄/용인,4,"0,1,107,117"
134,07:54,9,9,평택,27,"8,9,11,13,18,20,23,28,30,38,48,50,58,60,68,70,78,79,80,88,98,99,105,108,109,118,119"
135,07:55,1,1,서울역,9,"14,21,34,51,90,95,100,110,115"
135,07:55,2,2,수서,13,"37,41,47,57,61,67,71,77,81,87,91,101,111"
135,07:55,3,3,삼성,19,"19,22,25,29,32,39,42,43,44,49,52,59,62,69,72,82,92,102,112"
135,07:55,4,4,여의도,11,"10,15,16,17,24,26,31,63,93,103,113"
135,07:55,5,5,김포공항,6,"64,74,84,94,104,114"
135,07:55,7,7,판교,18,"33,35,36,45,46,53,54,55,56,65,66,75,76,85,86,96,106,116"
135,07:55,8,8,동탄/용인,3,"1,40,107"
135,07:55,9,9,평택,27,"8,9,11,13,18,20,23,28,30,38,48,50,58,60,68,70,78,79,80,88,98,99,105,108,109,118,119"
136,07:56,1,1,서울역,9,"14,21,34,51,90,95,100,110,115"
136,07:56,2,2,수서,13,"37,41,47,57,61,67,71,77,81,87,91,101,111"
136,07:56,3,3,삼성,19,"19,22,25,29,32,39,42,43,44,49,52,59,62,69,72,82,92,102,112"
136,07:56,4,4,여의도,11,"10,15,16,17,24,26,31,63,93,103,113"
136,07:56,5,5,김포공항,6,"64,74,84,94,104,114"
136,07:56,7,7,판교,18,"33,35,36,45,46,53,54,55,56,65,66,75,76,85,86,96,106,116"
136,07:56,8,8,동탄/용인,3,"1,40,107"
136,07:56,9,9,평택,27,"8,9,11,13,18,20,23,28,30,38,48,50,58,60,68,70,78,79,80,88,98,99,105,108,109,118,119"
137,07:57,1,1,서울역,9,"14,21,34,51,90,95,100,110,115"
137,07:57,2,2,수서,12,"37,41,47,57,61,67,77,81,87,91,101,111"
137,07:57,3,3,삼성,19,"19,22,25,29,32,39,42,43,44,49,52,59,62,69,72,82,92,102,112"
137,07:57,4,4,여의도,12,"10,15,16,17,24,26,27,31,63,93,103,113"
137,07:57,5,5,김포공항,6,"64,74,84,94,104,114"
137,07:57,7,7,판교,18,"33,35,36,45,46,53,54,55,56,65,66,75,76,85,86,96,106,116"
137,07:57,8,8,동탄/용인,3,"1,40,107"
137,07:57,9,9,평택,27,"8,9,11,13,18,20,23,28,30,38,48,50,58,60,68,70,78,79,80,88,98,99,105,108,109,118,119"
138,07:58,1,1,서울역,9,"14,21,34,51,90,95,100,110,115"
138,07:58,2,2,수서,13,"37,41,47,57,61,67,77,81,87,91,97,101,111"
138,07:58,3,3,삼성,19,"19,22,25,29,32,39,42,43,44,49,52,59,62,69,72,82,92,102,112"
138,07:58,4,4,여의도,13,"7,10,15,16,17,24,26,27,31,63,93,103,113"
138,07:58,5,5,김포공항,5,"64,74,84,94,104"
138,07:58,6,6,일산,1,5
138,07:58,7,7,판교,18,"33,35,36,45,46,53,54,55,56,65,66,75,76,85,86,96,106,116"
138,07:58,8,8,동탄/용인,3,"1,40,107"
138,07:58,9,9,평택,27,"8,9,11,13,18,20,23,28,30,38,48,50,58,60,68,70,78,79,80,88,98,99,105,108,109,118,119"
139,07:59,1,1,서울역,10,"2,14,21,34,51,90,95,100,110,115"
139,07:59,2,2,수서,13,"37,41,47,57,61,67,77,81,87,91,97,101,111"
139,07:59,3,3,삼성,19,"19,22,25,29,32,39,42,43,44,49,52,59,62,69,72,82,92,102,112"
139,07:59,4,4,여의도,13,"7,10,15,16,17,24,26,27,31,63,93,103,113"
139,07:59,5,5,김포공항,5,"64,74,84,94,104"
139,07:59,6,6,일산,1,5
139,07:59,7,7,판교,18,"33,35,36,45,46,53,54,55,56,65,66,75,76,85,86,96,106,116"
139,07:59,8,8,동탄/용인,3,"1,40,107"
139,07:59,9,9,평택,27,"8,9,11,13,18,20,23,28,30,38,48,50,58,60,68,70,78,79,80,88,98,99,105,108,109,118,119"
140,08:00,1,1,서울역,9,"2,21,34,51,90,95,100,110,115"
140,08:00,2,2,수서,13,"37,41,47,57,61,67,77,81,87,91,97,101,111"
140,08:00,3,3,삼성,19,"19,22,25,29,32,39,42,43,44,49,52,59,62,69,72,82,92,102,112"
140,08:00,4,4,여의도,10,"7,15,17,24,26,27,31,63,93,103"
140,08:00,5,5,김포공항,5,"64,74,84,94,104"
140,08:00,6,6,일산,1,5
140,08:00,7,7,판교,18,"33,35,36,45,46,53,54,55,56,65,66,75,76,85,86,96,106,116"
140,08:00,8,8,동탄/용인,3,"1,40,107"
140,08:00,9,9,평택,24,"8,9,11,13,18,20,30,38,48,50,58,68,70,78,79,80,88,98,99,105,108,109,118,119"
141,08:01,1,1,서울역,9,"2,21,34,51,90,95,100,110,115"
141,08:01,2,2,수서,13,"37,41,47,57,61,67,77,81,87,91,97,101,111"
141,08:01,3,3,삼성,19,"19,22,25,29,32,39,42,43,44,49,52,59,62,69,72,82,92,102,112"
141,08:01,4,4,여의도,10,"7,15,17,24,26,27,31,63,93,103"
141,08:01,5,5,김포공항,5,"64,74,84,94,104"
141,08:01,6,6,일산,1,4
141,08:01,7,7,판교,17,"33,35,36,45,46,53,54,55,56,65,66,75,76,85,86,96,116"
141,08:01,8,8,동탄/용인,3,"1,40,107"
141,08:01,9,9,평택,23,"9,11,13,18,20,30,38,48,50,58,68,70,78,79,80,88,98,99,105,108,109,118,119"
142,08:02,1,1,서울역,8,"2,21,34,51,90,95,100,110"
142,08:02,2,2,수서,13,"37,41,47,57,61,67,77,81,87,91,97,101,111"
142,08:02,3,3,삼성,19,"19,22,25,29,32,39,42,43,44,49,52,59,62,69,72,82,92,102,112"
142,08:02,4,4,여의도,9,"15,17,24,26,27,31,63,93,103"
142,08:02,5,5,김포공항,5,"64,74,84,94,104"
142,08:02,6,6,일산,2,"4,6"
142,08:02,7,7,판교,18,"33,35,36,45,46,53,54,55,56,65,66,73,75,76,85,86,96,116"
142,08:02,8,8,동탄/용인,3,"1,40,107"
142,08:02,9,9,평택,22,"9,11,13,18,20,30,38,48,50,58,70,78,79,80,88,98,99,105,108,109,118,119"
143,08:03,1,1,서울역,8,"2,21,34,51,90,95,100,110"
143,08:03,2,2,수서,12,"41,47,57,61,67,77,81,87,91,97,101,111"
143,08:03,3,3,삼성,18,"22,25,29,32,39,42,43,44,49,52,59,62,69,72,82,92,102,112"
143,08:03,4,4,여의도,7,"17,26,27,31,63,93,103"
143,08:03,5,5,김포공항,5,"64,74,84,94,104"
143,08:03,6,6,일산,2,"4,6"
143,08:03,7,7,판교,18,"33,35,36,45,46,53,54,55,56,65,66,73,75,76,85,86,96,116"
143,08:03,8,8,동탄/용인,2,"1,107"
143,08:03,9,9,평택,20,"9,11,18,20,30,38,48,50,58,78,79,80,88,98,99,105,108,109,118,119"
144,08:04,1,1,서울역,7,"2,34,51,90,95,100,110"
144,08:04,2,2,수서,11,"47,57,61,67,77,81,87,91,97,101,111"
144,08:04,3,3,삼성,19,"22,25,29,32,39,42,43,44,49,52,59,62,69,72,82,89,92,102,112"
144,08:04,4,4,여의도,5,"27,31,63,93,103"
144,08:04,5,5,김포공항,5,"64,74,84,94,104"
144,08:04,6,6,일산,2,"4,6"
144,08:04,7,7,판교,18,"33,35,36,45,53,54,55,56,65,66,73,75,76,83,85,86,96,116"
144,08:04,8,8,동탄/용인,2,"1,107"
144,08:04,9,9,평택,19,"9,11,18,20,30,38,48,50,58,79,80,88,98,99,105,108,109,118,119"
145,08:05,1,1,서울역,6,"2,34,51,90,95,100"
145,08:05,2,2,수서,12,"0,47,57,61,67,77,81,87,91,97,101,111"
145,08:05,3,3,삼성,18,"22,25,29,32,39,42,43,49,52,59,62,69,72,82,89,92,102,112"
145,08:05,4,4,여의도,5,"27,31,63,93,103"
145,08:05,5,5,김포공항,6,"64,71,74,84,94,104"
145,08:05,6,6,일산,3,"3,4,6"
145,08:05,7,7,판교,18,"33,35,36,45,53,54,55,56,65,66,73,75,76,83,85,86,96,116"
145,08:05,8,8,동탄/용인,2,"1,107"
145,08:05,9,9,평택,18,"9,11,18,30,38,48,50,58,79,80,88,98,99,105,108,109,118,119"
146,08:06,1,1,서울역,6,"2,34,51,90,95,100"
146,08:06,2,2,수서,13,"0,47,57,61,67,77,81,87,91,97,101,111,114"
146,08:06,3,3,삼성,18,"22,25,29,32,39,42,43,49,52,59,62,69,72,82,89,92,102,112"
146,08:06,4,4,여의도,6,"27,31,63,93,103,117"
146,08:06,5,5,김포공항,7,"16,64,71,74,84,94,104"
146,08:06,6,6,일산,3,"3,4,6"
146,08:06,7,7,판교,18,"33,35,36,45,53,54,55,56,65,66,73,75,76,83,85,86,96,116"
146,08:06,8,8,동탄/용인,5,"1,23,28,60,107"
146,08:06,9,9,평택,17,"9,11,18,30,48,50,58,79,80,88,98,99,105,108,109,118,119"
147,08:07,1,1,서울역,6,"2,34,51,90,95,100"
147,08:07,2,2,수서,13,"0,47,57,61,67,77,81,87,91,97,101,111,114"
147,08:07,3,3,삼성,16,"22,25,32,39,42,43,49,52,59,62,69,72,82,89,92,112"
147,08:07,4,4,여의도,5,"31,63,93,103,117"
147,08:07,5,5,김포공항,6,"16,64,71,74,94,104"
147,08:07,6,6,일산,6,"3,4,6,10,14,113"
147,08:07,7,7,판교,16,"33,35,36,45,54,56,65,66,73,75,76,83,85,86,96,116"
147,08:07,8,8,동탄/용인,5,"1,23,28,60,107"
147,08:07,9,9,평택,16,"9,11,18,30,50,58,79,80,88,98,99,105,108,109,118,119"
148,08:08,1,1,서울역,6,"5,34,51,90,95,100"
148,08:08,2,2,수서,12,"0,47,57,61,67,77,81,87,91,97,111,114"
148,08:08,3,3,삼성,16,"22,25,32,39,42,43,49,52,59,62,69,72,82,89,92,112"
148,08:08,4,4,여의도,5,"31,63,93,103,117"
148,08:08,5,5,김포공항,6,"7,16,64,71,74,104"
148,08:08,6,6,일산,5,"3,4,10,14,113"
148,08:08,7,7,판교,15,"33,35,36,45,54,65,66,73,75,76,83,85,86,96,116"
148,08:08,8,8,동탄/용인,5,"23,28,60,68,107"
148,08:08,9,9,평택,16,"9,11,18,30,50,58,79,80,88,98,99,105,108,109,118,119"
149,08:09,1,1,서울역,5,"5,51,90,95,100"
149,08:09,2,2,수서,11,"0,57,61,67,77,81,87,91,97,111,114"
149,08:09,3,3,삼성,14,"25,32,39,42,43,49,52,59,62,69,72,82,89,92"
149,08:09,4,4,여의도,5,"31,37,63,93,103"
149,08:09,5,5,김포공항,4,"7,71,74,104"
149,08:09,6,6,일산,6,"3,4,10,14,113,115"
149,08:09,7,7,판교,15,"33,35,36,45,54,65,66,73,75,76,83,85,86,96,116"
149,08:09,8,8,동탄/용인,2,"68,107"
149,08:09,9,9,평택,16,"9,11,18,30,50,58,79,80,88,98,99,105,108,109,118,119"
150,08:10,1,1,서울역,5,"5,51,90,95,100"
150,08:10,2,2,수서,11,"0,57,61,67,77,81,87,91,97,111,114"
150,08:10,3,3,삼성,14,"25,32,39,42,43,49,52,59,62,69,72,82,89,92"
150,08:10,4,4,여의도,7,"19,31,37,41,63,93,103"
150,08:10,5,5,김포공항,4,"7,71,74,104"
150,08:10,6,6,일산,5,"3,4,15,24,115"
150,08:10,7,7,판교,15,"33,35,36,45,54,65,66,73,75,76,83,85,86,96,116"
150,08:10,8,8,동탄/용인,2,"68,107"
150,08:10,9,9,평택,16,"9,11,18,30,50,58,79,80,88,98,99,105,108,109,118,119"
151,08:11,1,1,서울역,5,"46,51,90,95,100"
151,08:11,2,2,수서,10,"0,61,67,77,81,87,91,97,111,114"
151,08:11,3,3,삼성,13,"32,39,42,43,49,52,59,62,69,72,82,89,92"
151,08:11,4,4,여의도,7,"19,31,37,41,63,93,103"
151,08:11,5,5,김포공항,3,"71,74,104"
151,08:11,6,6,일산,7,"12,15,17,21,24,26,115"
151,08:11,7,7,판교,15,"33,35,36,45,54,65,66,73,75,76,83,85,86,96,116"
151,08:11,8,8,동탄/용인,2,"20,107"
151,08:11,9,9,평택,15,"9,11,18,30,58,79,80,88,98,99,105,108,109,118,119"
152,08:12,1,1,서울역,4,"46,90,95,100"
152,08:12,2,2,수서,9,"61,67,77,81,87,91,97,111,114"
152,08:12,3,3,삼성,13,"32,39,42,43,49,52,59,62,69,72,82,89,92"
152,08:12,4,4,여의도,7,"19,31,37,41,63,93,103"
152,08:12,5,5,김포공항,3,"71,74,104"
152,08:12,6,6,일산,6,"12,15,17,21,24,26"
152,08:12,7,7,판교,14,"33,35,36,45,65,66,73,75,76,83,85,86,96,116"
152,08:12,8,8,동탄/용인,3,"20,38,107"
152,08:12,9,9,평택,15,"9,11,18,30,58,79,80,88,98,99,105,108,109,118,119"
153,08:13,1,1,서울역,4,"46,90,95,100"
153,08:13,2,2,수서,8,"67,77,81,87,91,97,111,114"
153,08:13,3,3,삼성,13,"39,40,42,43,49,52,59,62,69,72,82,89,92"
153,08:13,4,4,여의도,7,"19,31,37,41,63,93,103"
153,08:13,5,5,김포공항,4,"44,71,74,104"
153,08:13,6,6,일산,4,"12,17,21,26"
153,08:13,7,7,판교,14,"33,35,36,45,65,66,73,75,76,83,85,86,96,116"
153,08:13,8,8,동탄/용인,4,"20,38,48,107"
153,08:13,9,9,평택,14,"9,11,18,30,58,80,88,98,99,105,108,109,118,119"
154,08:14,1,1,서울역,5,"46,53,90,95,100"
154,08:14,2,2,수서,8,"67,77,81,87,91,97,111,114"
154,08:14,3,3,삼성,13,"39,40,42,43,49,52,59,62,69,72,82,89,92"
154,08:14,4,4,여의도,10,"19,29,31,37,41,55,63,93,101,103"
154,08:14,5,5,김포공항,3,"44,71,74"
154,08:14,6,6,일산,2,"12,27"
154,08:14,7,7,판교,14,"33,35,36,45,65,66,73,75,76,83,85,86,96,116"
154,08:14,8,8,동탄/용인,3,"38,48,107"
154,08:14,9,9,평택,14,"9,11,18,30,58,80,88,98,99,105,108,109,118,119"
155,08:15,1,1,서울역,7,"6,22,46,53,90,95,100"
155,08:15,2,2,수서,8,"67,77,81,87,91,97,111,114"
155,08:15,3,3,삼성,13,"39,40,42,43,52,59,62,69,72,82,84,89,92"
155,08:15,4,4,여의도,12,"19,29,31,37,41,47,55,56,63,93,101,103"
155,08:15,5,5,김포공항,3,"44,71,74"
155,08:15,6,6,일산,3,"2,12,27"
155,08:15,7,7,판교,14,"33,35,36,45,65,66,73,75,76,83,85,86,96,116"
155,08:15,8,8,동탄/용인,2,"48,107"
155,08:15,9,9,평택,14,"9,11,18,30,58,80,88,98,99,105,108,109,118,119"
156,08:16,1,1,서울역,7,"6,22,46,53,90,95,100"
156,08:16,2,2,수서,8,"67,77,81,87,91,97,111,114"
156,08:16,3,3,삼성,13,"39,40,42,43,59,62,69,72,82,84,89,92,94"
156,08:16,4,4,여의도,12,"19,29,31,37,41,47,55,56,63,93,101,103"
156,08:16,5,5,김포공항,2,"44,74"
156,08:16,6,6,일산,5,"2,12,27,34,117"
156,08:16,7,7,판교,14,"33,35,36,45,65,66,73,75,76,83,85,86,96,116"
156,08:16,8,8,동탄/용인,1,107
156,08:16,9,9,평택,14,"9,11,18,30,58,80,88,98,99,105,108,109,118,119"
157,08:17,1,1,서울역,11,"6,8,10,14,22,25,46,53,90,95,100"
157,08:17,10,10,인천공항,1,106
157,08:17,2,2,수서,7,"67,81,87,91,97,111,114"
157,08:17,3,3,삼성,14,"16,39,40,42,43,62,64,69,72,82,84,89,92,94"
157,08:17,4,4,여의도,13,"19,29,31,37,41,47,55,56,57,63,93,101,103"
157,08:17,5,5,김포공항,2,"44,74"
157,08:17,6,6,일산,3,"2,34,117"
157,08:17,7,7,판교,13,"35,36,45,65,66,73,75,76,83,85,86,96,116"
157,08:17,8,8,동탄/용인,3,"50,102,107"
157,08:17,9,9,평택,13,"9,11,30,58,80,88,98,99,105,108,109,118,119"
158,08:18,1,1,서울역,13,"3,4,6,8,10,14,22,25,46,53,90,95,100"
158,08:18,10,10,인천공항,1,106
158,08:18,2,2,수서,8,"1,67,81,87,91,97,111,114"
158,08:18,3,3,삼성,14,"16,39,40,42,43,62,64,69,72,82,84,89,92,94"
158,08:18,4,4,여의도,13,"19,29,31,37,41,47,55,56,57,63,93,101,103"
158,08:18,5,5,김포공항,2,"44,74"
158,08:18,6,6,일산,3,"5,34,117"
158,08:18,7,7,판교,11,"35,36,45,66,73,75,76,83,85,86,116"
158,08:18,8,8,동탄/용인,3,"50,102,107"
158,08:18,9,9,평택,13,"9,11,30,58,80,88,98,99,105,108,109,118,119"
159,08:19,1,1,서울역,15,"3,4,6,8,10,13,14,22,25,46,53,54,90,95,100"
159,08:19,10,10,인천공항,1,106
159,08:19,2,2,수서,8,"1,67,81,87,91,97,111,114"
159,08:19,3,3,삼성,13,"7,16,39,42,43,62,64,69,72,82,84,89,94"
159,08:19,4,4,여의도,13,"19,29,31,37,41,47,55,56,57,63,93,101,103"
159,08:19,5,5,김포공항,2,"44,74"
159,08:19,6,6,일산,2,"5,51"
159,08:19,7,7,판교,10,"35,36,45,73,75,76,83,85,86,116"
159,08:19,8,8,동탄/용인,3,"50,102,112"
159,08:19,9,9,평택,13,"9,11,30,58,80,88,98,99,105,108,109,118,119"
160,08:20,1,1,서울역,14,"3,4,10,13,14,15,25,46,53,54,61,90,95,100"
160,08:20,2,2,수서,8,"1,67,81,87,91,97,111,114"
160,08:20,3,3,삼성,14,"7,16,39,42,43,62,64,69,72,82,84,89,94,113"
160,08:20,4,4,여의도,13,"23,28,31,32,37,47,55,56,57,63,93,101,103"
160,08:20,5,5,김포공항,2,"0,74"
160,08:20,6,6,일산,2,"5,51"
160,08:20,7,7,판교,9,"35,36,45,73,75,76,85,86,116"
160,08:20,8,8,동탄/용인,2,"102,112"
160,08:20,9,9,평택,10,"9,11,30,58,98,99,105,109,118,119"
161,08:21,1,1,서울역,12,"10,13,14,15,21,25,46,54,61,90,95,100"
161,08:21,2,2,수서,8,"1,67,81,87,91,97,111,114"
161,08:21,3,3,삼성,13,"7,16,42,43,62,64,69,72,82,84,89,94,113"
161,08:21,4,4,여의도,13,"23,28,31,32,37,47,55,56,57,63,93,101,103"
161,08:21,5,5,김포공항,2,"0,74"
161,08:21,6,6,일산,1,51
161,08:21,7,7,판교,8,"36,45,73,75,76,85,86,116"
161,08:21,8,8,동탄/용인,2,"102,112"
161,08:21,9,9,평택,11,"9,11,30,58,98,99,105,109,110,118,119"
162,08:22,1,1,서울역,12,"10,13,14,15,21,25,46,54,61,90,95,100"
162,08:22,2,2,수서,7,"1,67,87,91,97,111,114"
162,08:22,3,3,삼성,14,"7,16,42,43,64,69,72,82,84,89,94,104,113,115"
162,08:22,4,4,여의도,14,"23,28,31,32,37,47,49,55,56,57,63,93,101,103"
162,08:22,5,5,김포공항,2,"0,74"
162,08:22,7,7,판교,8,"36,45,73,75,76,85,86,116"
162,08:22,8,8,동탄/용인,2,"102,112"
162,08:22,9,9,평택,11,"9,11,30,58,98,99,105,109,110,118,119"
163,08:23,1,1,서울역,11,"10,13,14,15,21,25,46,61,90,95,100"
163,08:23,2,2,수서,7,"1,67,87,91,97,111,114"
163,08:23,3,3,삼성,13,"7,16,42,64,69,72,82,84,89,94,104,113,115"
163,08:23,4,4,여의도,14,"28,31,32,37,47,49,52,55,56,57,63,93,101,103"
163,08:23,5,5,김포공항,2,"0,60"
163,08:23,6,6,일산,1,70
163,08:23,7,7,판교,7,"45,73,75,76,85,86,116"
163,08:23,8,8,동탄/용인,1,112
163,08:23,9,9,평택,10,"11,30,58,98,99,105,109,110,118,119"
164,08:24,1,1,서울역,11,"13,14,15,21,25,46,61,77,90,95,100"
164,08:24,2,2,수서,7,"1,67,87,91,97,111,114"
164,08:24,3,3,삼성,14,"7,16,17,20,69,71,72,82,84,89,94,104,113,115"
164,08:24,4,4,여의도,16,"28,31,32,33,37,47,49,52,55,56,57,59,63,93,101,103"
164,08:24,5,5,김포공항,2,"0,60"
164,08:24,6,6,일산,2,"70,78"
164,08:24,7,7,판교,6,"73,75,76,85,86,116"
164,08:24,8,8,동탄/용인,1,112
164,08:24,9,9,평택,10,"11,30,58,98,99,105,109,110,118,119"
165,08:25,1,1,서울역,12,"13,14,15,21,25,46,61,65,77,90,95,100"
165,08:25,2,2,수서,7,"1,26,87,91,97,111,114"
165,08:25,3,3,삼성,14,"7,16,17,20,69,71,72,82,84,89,94,104,113,115"
165,08:25,4,4,여의도,15,"28,31,32,33,47,49,52,55,56,57,59,63,93,101,103"
165,08:25,5,5,김포공항,3,"0,60,68"
165,08:25,6,6,일산,2,"70,78"
165,08:25,7,7,판교,6,"73,75,76,85,86,116"
165,08:25,9,9,평택,9,"30,58,98,99,105,109,110,118,119"
166,08:26,1,1,서울역,14,"13,14,15,21,25,34,46,61,65,66,77,90,95,100"
166,08:26,2,2,수서,7,"1,26,87,91,97,111,114"
166,08:26,3,3,삼성,13,"7,16,17,20,71,72,82,84,89,94,104,113,115"
166,08:26,4,4,여의도,15,"28,31,32,33,47,49,52,55,56,57,59,63,93,101,103"
166,08:26,5,5,김포공항,5,"0,19,29,60,68"
166,08:26,6,6,일산,2,"70,78"
166,08:26,7,7,판교,5,"75,76,85,86,116"
166,08:26,8,8,동탄/용인,3,"80,88,108"
166,08:26,9,9,평택,9,"30,58,98,99,105,109,110,118,119"
167,08:27,1,1,서울역,16,"13,14,15,21,25,34,38,39,46,61,65,66,77,90,95,100"
167,08:27,2,2,수서,7,"1,26,87,91,97,111,114"
167,08:27,3,3,삼성,14,"7,16,17,20,53,71,72,82,84,89,94,104,113,115"
167,08:27,4,4,여의도,16,"28,31,32,33,47,49,52,55,56,57,59,63,83,93,101,103"
167,08:27,5,5,김포공항,6,"0,19,29,60,68,92"
167,08:27,6,6,일산,6,"6,8,22,41,70,78"
167,08:27,7,7,판교,5,"75,76,85,86,116"
167,08:27,8,8,동탄/용인,3,"80,88,108"
167,08:27,9,9,평택,9,"30,58,98,99,105,109,110,118,119"
168,08:28,1,1,서울역,17,"5,13,14,15,21,25,34,38,39,46,48,61,66,77,90,95,100"
168,08:28,2,2,수서,7,"1,26,87,91,97,111,114"
168,08:28,3,3,삼성,15,"7,16,17,20,44,53,71,72,82,84,89,94,104,113,115"
168,08:28,4,4,여의도,16,"28,32,33,35,47,49,52,55,56,57,59,63,83,93,101,103"
168,08:28,5,5,김포공항,6,"0,19,29,60,68,92"
168,08:28,6,6,일산,8,"3,4,6,8,22,41,70,78"
168,08:28,7,7,판교,5,"75,76,85,86,116"
168,08:28,8,8,동탄/용인,3,"80,88,108"
168,08:28,9,9,평택,8,"30,58,99,105,109,110,118,119"
169,08:29,1,1,서울역,19,"5,13,14,15,21,25,34,38,39,46,48,51,61,66,77,81,90,95,100"
169,08:29,2,2,수서,8,"1,26,87,91,97,107,111,114"
169,08:29,3,3,삼성,17,"7,16,17,20,44,53,54,71,72,82,84,89,94,104,113,115,117"
169,08:29,4,4,여의도,17,"28,32,33,35,47,49,52,55,56,57,59,62,63,83,93,101,103"
169,08:29,5,5,김포공항,5,"0,23,60,68,92"
169,08:29,6,6,일산,8,"3,4,6,8,22,41,70,78"
169,08:29,7,7,판교,5,"12,27,85,86,116"
169,08:29,8,8,동탄/용인,1,40
169,08:29,9,9,평택,7,"30,58,99,105,109,118,119"
170,08:30,1,1,서울역,20,"5,13,14,15,21,25,34,36,38,42,46,48,51,61,66,77,81,90,95,100"
170,08:30,2,2,수서,8,"1,26,87,91,97,107,111,114"
170,08:30,3,3,삼성,15,"7,16,17,44,54,71,72,82,84,89,94,104,113,115,117"
170,08:30,4,4,여의도,18,"28,32,33,35,43,47,49,52,55,56,57,59,62,63,83,93,101,103"
170,08:30,5,5,김포공항,4,"23,60,68,92"
170,08:30,6,6,일산,5,"3,4,70,78,96"
170,08:30,7,7,판교,6,"2,12,27,85,86,116"
170,08:30,8,8,동탄/용인,1,40
170,08:30,9,9,평택,6,"30,58,99,105,109,119"
171,08:31,1,1,서울역,19,"13,14,15,21,25,34,36,38,42,46,48,51,61,66,77,81,90,95,100"
171,08:31,2,2,수서,7,"1,87,91,97,107,111,114"
171,08:31,3,3,삼성,16,"7,16,17,44,54,71,72,74,82,84,89,94,104,113,115,117"
171,08:31,4,4,여의도,19,"28,33,35,43,45,47,49,52,55,56,57,59,62,63,64,83,93,101,103"
171,08:31,5,5,김포공항,3,"23,60,92"
171,08:31,6,6,일산,4,"10,70,78,96"
171,08:31,7,7,판교,6,"2,12,27,85,86,116"
171,08:31,8,8,동탄/용인,1,40
171,08:31,9,9,평택,6,"30,58,99,105,109,119"
172,08:32,1,1,서울역,19,"13,14,21,34,36,38,42,46,48,50,51,61,66,67,77,81,90,95,100"
172,08:32,2,2,수서,7,"1,87,91,97,107,111,114"
172,08:32,3,3,삼성,15,"7,16,17,44,71,72,74,82,84,89,94,104,113,115,117"
172,08:32,4,4,여의도,19,"28,33,35,43,45,47,49,52,55,56,57,59,62,63,64,83,93,101,103"
172,08:32,5,5,김포공항,2,"60,92"
172,08:32,6,6,일산,5,"10,37,70,78,96"
172,08:32,7,7,판교,6,"2,12,27,85,86,116"
172,08:32,8,8,동탄/용인,1,40
172,08:32,9,9,평택,6,"30,58,99,105,109,119"
173,08:33,1,1,서울역,21,"13,14,18,21,34,36,38,42,46,48,50,51,61,66,67,73,77,81,90,95,100"
173,08:33,2,2,수서,6,"87,91,97,107,111,114"
173,08:33,3,3,삼성,15,"7,16,17,44,71,72,74,82,84,89,94,104,113,115,117"
173,08:33,4,4,여의도,19,"33,35,43,45,47,49,52,55,56,57,59,62,63,64,69,83,93,101,103"
173,08:33,5,5,김포공항,2,"60,92"
173,08:33,6,6,일산,5,"10,37,70,79,96"
173,08:33,7,7,판교,6,"2,12,27,85,86,116"
173,08:33,8,8,동탄/용인,1,40
173,08:33,9,9,평택,6,"24,30,58,105,109,119"
174,08:34,1,1,서울역,21,"13,14,18,21,34,36,38,42,46,48,50,51,61,66,67,73,77,81,90,95,100"
174,08:34,2,2,수서,6,"87,91,97,107,111,114"
174,08:34,3,3,삼성,15,"7,16,17,65,71,72,74,82,84,89,94,104,113,115,117"
174,08:34,4,4,여의도,20,"33,35,43,45,47,49,52,55,56,57,59,62,63,64,69,83,93,101,102,103"
174,08:34,5,5,김포공항,3,"31,60,92"
174,08:34,6,6,일산,4,"37,70,79,96"
174,08:34,7,7,판교,6,"2,12,27,85,86,116"
174,08:34,8,8,동탄/용인,2,"40,98"
174,08:34,9,9,평택,5,"24,30,58,105,119"
175,08:35,1,1,서울역,20,"13,14,18,34,36,38,42,46,48,50,51,61,66,67,73,77,81,90,95,100"
175,08:35,2,2,수서,6,"87,91,97,107,111,114"
175,08:35,3,3,삼성,15,"7,16,17,65,71,72,74,82,84,89,94,104,113,115,117"
175,08:35,4,4,여의도,20,"33,35,43,45,47,49,52,55,56,57,59,62,63,64,69,83,93,101,102,103"
175,08:35,5,5,김포공항,3,"31,60,92"
175,08:35,6,6,일산,3,"70,79,96"
175,08:35,7,7,판교,5,"2,9,27,85,116"
175,08:35,8,8,동탄/용인,3,"40,98,110"
175,08:35,9,9,평택,5,"24,30,58,105,119"
176,08:36,1,1,서울역,22,"13,14,18,20,34,36,38,42,46,48,50,51,61,66,67,73,75,77,81,90,95,100"
176,08:36,2,2,수서,6,"87,91,97,107,111,114"
176,08:36,3,3,삼성,13,"16,17,65,71,72,74,82,89,94,104,113,115,117"
176,08:36,4,4,여의도,22,"33,35,43,45,47,49,52,55,56,57,59,62,63,64,69,76,83,93,101,102,103,112"
176,08:36,5,5,김포공항,3,"31,60,92"
176,08:36,6,6,일산,2,"70,79"
176,08:36,7,7,판교,3,"9,85,116"
176,08:36,8,8,동탄/용인,4,"40,98,110,118"
176,08:36,9,9,평택,5,"24,30,58,105,119"
177,08:37,1,1,서울역,23,"6,13,14,18,20,34,36,38,42,46,48,50,51,61,66,67,73,75,77,81,90,95,100"
177,08:37,2,2,수서,5,"87,91,97,107,114"
177,08:37,3,3,삼성,12,"16,17,19,29,71,72,82,94,104,113,115,117"
177,08:37,4,4,여의도,23,"8,33,35,43,45,47,49,52,55,56,57,59,62,63,64,69,76,83,93,101,102,103,112"
177,08:37,5,5,김포공항,3,"32,60,92"
177,08:37,6,6,일산,3,"39,70,79"
177,08:37,7,7,판교,4,"9,11,85,116"
177,08:37,8,8,동탄/용인,3,"40,110,118"
177,08:37,9,9,평택,5,"24,30,58,105,119"
178,08:38,1,1,서울역,26,"3,4,6,13,14,18,20,26,34,36,38,42,46,48,50,51,61,66,67,73,75,77,81,90,95,100"
178,08:38,2,2,수서,4,"91,97,107,114"
178,08:38,3,3,삼성,12,"0,17,19,29,71,72,82,94,104,113,115,117"
178,08:38,4,4,여의도,23,"8,33,35,43,45,47,49,52,55,56,57,59,62,63,64,69,76,83,93,101,102,103,112"
178,08:38,5,5,김포공항,3,"32,60,92"
178,08:38,6,6,일산,4,"5,39,70,79"
178,08:38,7,7,판교,4,"9,11,85,116"
178,08:38,8,8,동탄/용인,2,"40,118"
178,08:38,9,9,평택,5,"24,30,58,105,119"
179,08:39,1,1,서울역,26,"3,4,6,13,14,18,20,26,34,36,38,42,46,48,50,51,61,66,67,73,75,77,81,90,95,100"
179,08:39,2,2,수서,3,"97,107,114"
179,08:39,3,3,삼성,11,"0,17,19,29,68,72,82,104,113,115,117"
179,08:39,4,4,여의도,24,"1,8,33,35,43,45,47,49,52,55,56,57,59,62,63,64,69,76,83,93,101,102,103,112"
179,08:39,5,5,김포공항,3,"28,32,92"
179,08:39,6,6,일산,6,"5,15,25,39,70,79"
179,08:39,7,7,판교,4,"9,11,85,116"
179,08:39,8,8,동탄/용인,2,"40,99"
179,08:39,9,9,평택,6,"24,30,58,105,106,119"
180,08:40,1,1,서울역,23,"3,4,6,13,18,26,34,38,42,46,50,51,61,66,67,73,75,77,78,81,90,95,100"
180,08:40,2,2,수서,4,"23,97,107,114"
180,08:40,3,3,삼성,11,"0,19,22,29,68,72,82,104,113,115,117"
180,08:40,4,4,여의도,23,"1,8,33,35,43,47,49,52,55,57,59,62,63,64,69,76,80,83,93,101,102,103,112"
180,08:40,5,5,김포공항,2,"28,92"
180,08:40,6,6,일산,5,"5,15,25,70,79"
180,08:40,7,7,판교,3,"9,11,116"
180,08:40,8,8,동탄/용인,2,"40,99"
180,08:40,9,9,평택,6,"24,30,58,105,106,119"
181,08:41,1,1,서울역,23,"4,6,10,13,18,34,38,42,46,50,51,61,66,67,73,75,77,78,81,88,90,95,100"
181,08:41,2,2,수서,4,"23,97,107,114"
181,08:41,3,3,삼성,11,"0,19,22,29,68,72,82,104,113,115,117"
181,08:41,4,4,여의도,24,"1,8,33,35,43,44,47,49,52,55,57,59,62,63,64,69,76,80,83,93,101,102,103,112"
181,08:41,5,5,김포공항,2,"28,92"
181,08:41,6,6,일산,4,"15,25,70,79"
181,08:41,7,7,판교,3,"9,11,116"
181,08:41,8,8,동탄/용인,2,"40,99"
181,08:41,9,9,평택,6,"24,30,58,105,106,119"
182,08:42,1,1,서울역,23,"4,6,7,10,13,18,34,38,42,46,51,61,66,67,73,75,77,78,81,88,90,95,100"
182,08:42,2,2,수서,4,"23,97,107,114"
182,08:42,3,3,삼성,10,"0,19,22,29,68,72,82,113,115,117"
182,08:42,4,4,여의도,25,"1,8,12,33,35,43,44,47,49,52,55,57,59,62,63,64,69,76,80,83,93,101,102,103,112"
182,08:42,5,5,김포공항,1,92
182,08:42,6,6,일산,2,"70,79"
182,08:42,7,7,판교,4,"9,11,41,116"
182,08:42,8,8,동탄/용인,1,40
182,08:42,9,9,평택,6,"24,30,58,105,106,119"
183,08:43,1,1,서울역,24,"6,7,10,13,18,27,34,38,42,46,51,61,66,67,73,75,77,78,81,88,90,95,96,100"
183,08:43,2,2,수서,4,"23,97,107,114"
183,08:43,3,3,삼성,10,"0,19,22,29,68,72,82,113,115,117"
183,08:43,4,4,여의도,27,"1,2,8,12,33,35,43,44,47,49,52,55,57,59,62,63,64,69,76,80,83,84,93,101,102,103,112"
183,08:43,5,5,김포공항,2,"92,108"
183,08:43,6,6,일산,2,"70,79"
183,08:43,7,7,판교,4,"9,11,41,116"
183,08:43,8,8,동탄/용인,1,40
183,08:43,9,9,평택,5,"24,30,58,106,119"
184,08:44,1,1,서울역,25,"6,7,10,13,18,27,34,38,42,46,51,61,66,67,73,75,77,78,81,88,90,95,96,100,111"
184,08:44,2,2,수서,4,"23,97,107,114"
184,08:44,3,3,삼성,9,"0,19,22,68,72,82,113,115,117"
184,08:44,4,4,여의도,28,"2,8,12,33,35,43,44,47,49,52,55,57,59,62,63,64,69,76,80,83,84,87,89,93,101,102,103,112"
184,08:44,5,5,김포공항,1,108
184,08:44,6,6,일산,2,"70,79"
184,08:44,7,7,판교,4,"9,11,41,116"
184,08:44,8,8,동탄/용인,1,40
184,08:44,9,9,평택,5,"24,30,58,106,119"
185,08:45,1,1,서울역,25,"7,10,13,18,27,34,38,42,46,51,61,66,67,71,73,75,77,78,81,88,90,95,96,100,111"
185,08:45,2,2,수서,5,"23,31,97,107,114"
185,08:45,3,3,삼성,9,"0,19,22,68,72,82,113,115,117"
185,08:45,4,4,여의도,29,"2,12,16,33,35,43,44,47,49,52,55,57,59,62,63,64,69,76,80,83,84,87,89,91,93,101,102,103,112"
185,08:45,5,5,김포공항,2,"86,108"
185,08:45,6,6,일산,1,70
185,08:45,7,7,판교,3,"9,11,41"
185,08:45,8,8,동탄/용인,1,40
185,08:45,9,9,평택,4,"30,53,58,119"
186,08:46,1,1,서울역,22,"7,10,13,18,34,42,51,61,66,67,71,73,75,77,78,81,88,90,95,96,100,111"
186,08:46,2,2,수서,5,"23,31,37,97,114"
186,08:46,3,3,삼성,11,"0,14,19,22,48,68,72,82,113,115,117"
186,08:46,4,4,여의도,30,"2,12,16,33,35,43,44,47,49,52,55,57,59,62,63,64,69,76,80,83,84,87,89,91,93,94,101,102,103,112"
186,08:46,5,5,김포공항,3,"56,86,108"
186,08:46,7,7,판교,3,"9,11,41"
186,08:46,8,8,동탄/용인,1,40
186,08:46,9,9,평택,4,"30,53,58,119"
187,08:47,1,1,서울역,21,"7,10,13,18,34,51,61,66,67,71,73,75,77,78,81,88,90,95,96,100,111"
187,08:47,2,2,수서,4,"23,31,37,114"
187,08:47,3,3,삼성,11,"0,14,19,22,48,60,72,82,113,115,117"
187,08:47,4,4,여의도,32,"2,12,16,17,33,35,43,44,47,49,52,55,57,59,62,63,64,69,76,80,83,84,85,87,89,91,93,94,101,102,103,112"
187,08:47,5,5,김포공항,3,"56,86,108"
187,08:47,6,6,일산,3,"20,36,45"
187,08:47,7,7,판교,3,"9,11,41"
187,08:47,8,8,동탄/용인,1,40
187,08:47,9,9,평택,5,"30,53,54,58,119"
188,08:48,1,1,서울역,22,"5,7,10,13,18,34,51,61,66,67,71,73,75,77,78,81,88,90,95,96,100,111"
188,08:48,2,2,수서,4,"23,31,37,114"
188,08:48,3,3,삼성,13,"0,14,19,22,32,48,50,60,72,82,113,115,117"
188,08:48,4,4,여의도,33,"2,12,16,17,33,35,43,44,47,49,52,55,57,59,62,63,64,69,76,80,83,84,85,87,89,91,93,94,98,101,102,103,112"
188,08:48,5,5,김포공항,3,"56,86,108"
188,08:48,6,6,일산,5,"3,20,26,36,45"
188,08:48,7,7,판교,3,"9,11,41"
188,08:48,8,8,동탄/용인,1,40
188,08:48,9,9,평택,5,"30,53,54,58,119"
189,08:49,1,1,서울역,21,"5,7,10,13,18,34,61,66,67,71,73,75,77,78,81,88,90,95,96,100,111"
189,08:49,2,2,수서,4,"23,31,37,114"
189,08:49,3,3,삼성,11,"0,19,22,32,50,60,72,82,113,115,117"
189,08:49,4,4,여의도,34,"2,12,15,17,33,35,43,44,47,49,52,55,57,59,62,63,64,69,76,80,83,84,85,87,89,91,93,94,98,101,102,103,104,112"
189,08:49,5,5,김포공항,2,"86,108"
189,08:49,6,6,일산,5,"3,20,26,36,45"
189,08:49,7,7,판교,3,"9,11,41"
189,08:49,8,8,동탄/용인,2,"40,105"
189,08:49,9,9,평택,4,"30,53,54,58"
190,08:50,1,1,서울역,21,"5,7,13,18,29,34,61,66,67,71,73,75,77,78,81,88,90,95,96,100,111"
190,08:50,2,2,수서,4,"23,31,37,114"
190,08:50,3,3,삼성,12,"0,19,22,28,32,50,60,72,82,113,115,117"
190,08:50,4,4,여의도,34,"2,12,15,17,33,35,43,44,47,49,52,55,57,59,62,63,64,69,76,80,83,84,85,87,89,91,93,94,98,101,102,103,104,112"
190,08:50,5,5,김포공항,2,"86,108"
190,08:50,6,6,일산,3,"3,4,26"
190,08:50,7,7,판교,3,"9,11,41"
190,08:50,8,8,동탄/용인,2,"40,105"
190,08:50,9,9,평택,3,"53,54,58"
191,08:51,1,1,서울역,21,"5,7,13,18,29,34,61,66,67,71,73,75,77,78,81,88,90,95,96,100,111"
191,08:51,2,2,수서,4,"23,31,37,114"
191,08:51,3,3,삼성,11,"0,19,22,28,32,60,72,82,113,115,117"
191,08:51,4,4,여의도,33,"2,12,15,33,35,43,44,47,49,52,55,57,59,62,63,64,69,76,80,83,84,85,87,89,91,93,94,98,101,102,103,104,112"
191,08:51,5,5,김포공항,2,"86,108"
191,08:51,6,6,일산,2,"1,4"
191,08:51,7,7,판교,3,"9,11,41"
191,08:51,8,8,동탄/용인,2,"105,106"
191,08:51,9,9,평택,4,"21,53,54,58"
192,08:52,1,1,서울역,21,"5,7,18,29,34,61,66,67,71,73,75,77,78,79,81,88,90,95,96,100,111"
192,08:52,2,2,수서,4,"23,31,92,114"
192,08:52,3,3,삼성,11,"0,19,22,25,28,32,60,72,113,115,117"
192,08:52,4,4,여의도,33,"2,12,15,33,35,43,44,47,49,52,55,57,59,62,63,64,69,76,80,83,84,85,87,89,91,93,94,98,101,102,103,104,112"
192,08:52,5,5,김포공항,3,"86,108,110"
192,08:52,6,6,일산,4,"1,4,6,8"
192,08:52,7,7,판교,4,"9,11,39,41"
192,08:52,8,8,동탄/용인,2,"106,116"
192,08:52,9,9,평택,6,"21,53,54,58,65,74"
193,08:53,1,1,서울역,22,"5,7,18,29,61,66,67,70,71,73,75,77,78,79,81,88,90,95,96,100,107,111"
193,08:53,2,2,수서,4,"23,31,92,114"
193,08:53,3,3,삼성,10,"0,19,22,25,28,32,72,113,115,117"
193,08:53,4,4,여의도,34,"2,15,33,35,43,44,47,49,52,55,57,59,62,63,64,69,76,80,83,84,85,87,89,91,93,94,97,98,99,101,102,103,104,112"
193,08:53,5,5,김포공항,4,"86,108,110,118"
193,08:53,6,6,일산,6,"1,6,8,27,38,46"
193,08:53,7,7,판교,4,"9,11,39,41"
193,08:53,8,8,동탄/용인,2,"106,116"
193,08:53,9,9,평택,5,"21,53,58,65,74"
194,08:54,1,1,서울역,22,"5,7,18,29,61,66,67,70,71,73,75,77,78,79,81,88,90,95,96,100,107,111"
194,08:54,2,2,수서,4,"23,31,92,114"
194,08:54,3,3,삼성,9,"0,19,22,25,28,72,113,115,117"
194,08:54,4,4,여의도,35,"2,15,33,35,43,44,47,49,52,55,57,59,62,63,64,68,69,76,80,83,84,85,87,89,91,93,94,97,98,99,101,102,103,104,112"
194,08:54,5,5,김포공항,3,"108,110,118"
194,08:54,6,6,일산,7,"6,8,27,38,42,46,109"
194,08:54,7,7,판교,4,"9,11,39,41"
194,08:54,8,8,동탄/용인,2,"106,116"
194,08:54,9,9,평택,5,"21,53,58,65,74"
195,08:55,1,1,서울역,22,"5,7,18,29,61,66,67,70,71,73,75,77,78,79,81,88,90,95,96,100,107,111"
195,08:55,2,2,수서,5,"16,23,31,92,114"
195,08:55,3,3,삼성,9,"0,19,22,25,28,51,72,115,117"
195,08:55,4,4,여의도,35,"2,15,33,35,43,44,47,49,52,55,57,59,62,63,64,68,69,76,80,83,84,85,87,89,91,93,94,97,98,99,101,102,103,104,112"
195,08:55,5,5,김포공항,3,"108,110,118"
195,08:55,6,6,일산,5,"27,38,42,46,109"
195,08:55,7,7,판교,3,"9,39,41"
195,08:55,8,8,동탄/용인,2,"106,119"
195,08:55,9,9,평택,5,"21,53,58,65,74"
196,08:56,1,1,서울역,21,"5,7,29,61,66,67,70,71,73,75,77,78,79,81,88,90,95,96,100,107,111"
196,08:56,2,2,수서,5,"16,23,31,92,114"
196,08:56,3,3,삼성,9,"0,19,22,25,28,51,72,115,117"
196,08:56,4,4,여의도,35,"2,15,33,35,43,44,47,49,52,55,57,59,62,63,64,68,69,76,80,83,84,85,87,89,91,93,94,97,98,99,101,102,103,104,112"
196,08:56,5,5,김포공항,3,"108,110,118"
196,08:56,6,6,일산,2,"42,109"
196,08:56,7,7,판교,3,"9,39,41"
196,08:56,8,8,동탄/용인,2,"106,119"
196,08:56,9,9,평택,4,"21,53,65,74"
197,08:57,1,1,서울역,21,"5,7,29,61,66,67,70,71,73,75,77,78,79,81,88,90,95,96,100,107,111"
197,08:57,2,2,수서,5,"16,23,31,92,114"
197,08:57,3,3,삼성,7,"19,22,25,51,72,115,117"
197,08:57,4,4,여의도,35,"2,15,33,35,43,44,47,49,52,55,57,59,62,63,64,68,69,76,80,83,84,85,87,89,91,93,94,97,98,99,101,102,103,104,112"
197,08:57,5,5,김포공항,4,"17,108,110,118"
197,08:57,6,6,일산,2,"10,109"
197,08:57,7,7,판교,4,"9,24,39,41"
197,08:57,8,8,동탄/용인,2,"106,119"
197,08:57,9,9,평택,4,"21,53,65,74"
198,08:58,1,1,서울역,22,"3,5,7,29,61,66,67,70,71,73,75,77,78,79,81,88,90,95,96,100,107,111"
198,08:58,2,2,수서,4,"23,31,92,114"
198,08:58,3,3,삼성,5,"19,22,25,72,117"
198,08:58,4,4,여의도,36,"2,15,33,35,37,43,44,47,49,52,55,57,59,62,63,64,68,69,76,80,83,84,85,87,89,91,93,94,97,98,99,101,102,103,104,112"
198,08:58,5,5,김포공항,2,"17,118"
198,08:58,6,6,일산,2,"10,109"
198,08:58,7,7,판교,4,"9,24,39,41"
198,08:58,8,8,동탄/용인,1,106
198,08:58,9,9,평택,3,"21,53,74"
199,08:59,1,1,서울역,22,"3,5,7,29,61,66,67,70,71,73,75,77,78,79,81,88,90,95,96,100,107,111"
199,08:59,2,2,수서,4,"12,23,31,92"
199,08:59,3,3,삼성,6,"19,22,25,34,72,117"
199,08:59,4,4,여의도,36,"2,15,33,35,37,43,44,47,49,52,55,57,59,62,63,64,68,69,76,80,83,84,85,87,89,91,93,94,97,98,99,101,102,103,104,112"
199,08:59,5,5,김포공항,1,17
199,08:59,6,6,일산,3,"10,13,109"
199,08:59,7,7,판교,5,"9,24,39,41,56"
199,08:59,8,8,동탄/용인,2,"14,106"
199,08:59,9,9,평택,2,"53,74"
200,09:00,1,1,서울역,24,"3,4,5,7,29,32,61,66,67,70,71,73,75,77,78,79,81,88,90,95,96,100,107,111"
200,09:00,2,2,수서,4,"12,23,31,92"
200,09:00,3,3,삼성,7,"19,20,22,25,34,72,117"
200,09:00,4,4,여의도,35,"2,33,35,37,43,44,47,49,52,57,59,60,62,63,64,68,69,76,80,83,84,85,87,89,91,93,94,97,98,99,101,102,103,104,112"
200,09:00,5,5,김포공항,1,82
200,09:00,6,6,일산,1,13
200,09:00,7,7,판교,4,"24,39,41,56"
200,09:00,8,8,동탄/용인,2,"14,106"
200,09:00,9,9,평택,2,"53,74"
201,09:01,1,1,서울역,25,"1,3,4,5,7,29,32,61,66,67,70,71,73,75,77,78,79,81,88,90,95,96,100,107,111"
201,09:01,2,2,수서,5,"12,23,31,36,40"
201,09:01,3,3,삼성,7,"20,22,25,26,34,72,117"
201,09:01,4,4,여의도,34,"2,33,35,43,44,47,49,52,57,59,60,62,63,64,68,69,76,80,83,84,85,87,89,91,93,94,97,98,99,101,102,103,104,112"
201,09:01,5,5,김포공항,1,82
201,09:01,6,6,일산,1,13
201,09:01,7,7,판교,4,"24,39,41,56"
201,09:01,8,8,동탄/용인,2,"14,106"
201,09:01,9,9,평택,1,74
202,09:02,1,1,서울역,26,"1,3,4,5,6,7,29,32,61,66,67,70,71,73,75,77,78,79,81,88,90,95,96,100,107,111"
202,09:02,2,2,수서,4,"23,31,36,40"
202,09:02,3,3,삼성,6,"20,22,25,26,72,86"
202,09:02,4,4,여의도,37,"2,8,11,33,35,43,44,47,49,52,57,59,60,62,63,64,68,69,76,80,83,84,85,87,89,91,93,94,97,98,99,101,102,103,104,112,113"
202,09:02,5,5,김포공항,1,82
202,09:02,7,7,판교,6,"24,30,39,41,45,56"
202,09:02,8,8,동탄/용인,2,"14,106"
202,09:02,9,9,평택,1,74
203,09:03,1,1,서울역,27,"1,3,4,5,6,7,28,29,32,61,66,67,70,71,73,75,77,78,79,81,88,90,95,96,100,107,111"
203,09:03,2,2,수서,4,"23,31,36,40"
203,09:03,3,3,삼성,5,"20,22,25,26,86"
203,09:03,4,4,여의도,37,"2,8,11,33,35,43,44,47,49,52,57,59,60,62,63,64,68,69,76,80,83,84,85,87,89,91,93,94,97,98,99,101,102,103,104,112,113"
203,09:03,5,5,김포공항,1,82
203,09:03,7,7,판교,6,"24,30,39,41,45,56"
203,09:03,8,8,동탄/용인,2,"14,106"
203,09:03,9,9,평택,1,74
204,09:04,1,1,서울역,27,"3,4,5,6,7,28,29,32,61,66,67,70,71,73,75,77,78,79,81,88,90,95,96,100,105,107,111"
204,09:04,2,2,수서,4,"23,31,36,40"
204,09:04,3,3,삼성,5,"20,22,25,26,86"
204,09:04,4,4,여의도,37,"0,8,11,33,35,43,44,47,49,52,57,59,60,62,63,64,68,69,76,80,83,84,85,87,89,91,93,94,97,98,99,101,102,103,104,112,113"
204,09:04,5,5,김포공항,1,82
204,09:04,7,7,판교,6,"24,30,39,41,45,56"
204,09:04,8,8,동탄/용인,2,"14,106"
204,09:04,9,9,평택,2,"48,74"
205,09:05,1,1,서울역,27,"3,4,6,7,16,28,29,32,61,66,67,70,71,73,75,77,78,79,81,88,90,95,96,100,105,107,111"
205,09:05,2,2,수서,4,"23,31,36,40"
205,09:05,3,3,삼성,5,"20,22,25,26,86"
205,09:05,4,4,여의도,39,"0,8,11,33,35,43,44,47,49,52,57,59,60,62,63,64,68,69,76,80,83,84,85,87,89,91,93,94,97,98,99,101,102,103,104,112,113,114,115"
205,09:05,5,5,김포공항,1,82
205,09:05,7,7,판교,5,"30,39,41,45,56"
205,09:05,8,8,동탄/용인,2,"14,106"
205,09:05,9,9,평택,2,"48,74"
206,09:06,1,1,서울역,27,"3,4,6,7,16,28,29,32,61,66,67,70,71,73,75,77,78,79,81,88,90,95,96,100,105,107,111"
206,09:06,2,2,수서,5,"15,23,31,36,40"
206,09:06,3,3,삼성,9,"20,22,25,26,27,38,86,108,110"
206,09:06,4,4,여의도,38,"0,8,11,35,43,44,47,49,52,57,59,60,62,63,64,68,69,76,80,83,84,85,87,89,91,93,94,97,98,99,101,102,103,104,112,113,114,115"
206,09:06,7,7,판교,4,"30,39,41,45"
206,09:06,9,9,평택,3,"48,50,74"
207,09:07,1,1,서울역,28,"3,4,6,7,16,29,32,61,66,67,70,71,73,75,77,78,79,81,88,90,95,96,100,105,107,109,111,116"
207,09:07,2,2,수서,4,"15,23,31,36"
207,09:07,3,3,삼성,10,"22,25,26,27,38,42,86,108,110,118"
207,09:07,4,4,여의도,41,"0,8,9,10,11,35,43,44,47,49,52,57,59,60,62,63,64,68,69,76,80,83,84,85,87,89,91,92,93,94,97,98,99,101,102,103,104,112,113,114,115"
207,09:07,5,5,김포공항,1,37
207,09:07,7,7,판교,4,"30,39,41,45"
207,09:07,9,9,평택,3,"48,50,74"
208,09:08,1,1,서울역,27,"3,4,6,7,29,32,61,66,67,70,71,73,75,77,78,79,81,88,90,95,96,100,105,107,109,111,116"
208,09:08,2,2,수서,3,"15,31,36"
208,09:08,3,3,삼성,10,"17,22,25,27,38,42,86,108,110,118"
208,09:08,4,4,여의도,43,"0,8,9,10,11,12,19,35,43,44,47,49,52,57,59,60,62,63,64,68,69,76,80,83,84,85,87,89,91,92,93,94,97,98,99,101,102,103,104,112,113,114,115"
208,09:08,5,5,김포공항,1,37
208,09:08,7,7,판교,5,"30,39,41,45,46"
208,09:08,9,9,평택,3,"48,50,74"
209,09:09,1,1,서울역,28,"3,4,6,7,29,32,54,61,66,67,70,71,73,75,77,78,79,81,88,90,95,96,100,105,107,109,111,116"
209,09:09,2,2,수서,1,36
209,09:09,3,3,삼성,10,"17,22,25,27,38,42,86,108,110,118"
209,09:09,4,4,여의도,46,"0,8,9,10,11,12,13,19,35,43,44,47,49,52,57,59,60,62,63,64,68,69,76,80,83,84,85,87,89,91,92,93,94,97,98,99,101,102,103,104,112,113,114,115,117,119"
209,09:09,5,5,김포공항,1,37
209,09:09,7,7,판교,5,"30,39,41,45,46"
209,09:09,9,9,평택,3,"48,50,74"
210,09:10,1,1,서울역,28,"3,4,6,7,29,32,54,61,66,67,70,71,73,75,77,78,79,81,88,90,95,96,100,105,107,109,111,116"
210,09:10,2,2,수서,2,"2,36"
210,09:10,3,3,삼성,10,"17,22,25,27,38,42,86,108,110,118"
210,09:10,4,4,여의도,44,"8,11,12,13,19,35,43,44,47,49,52,57,59,60,62,63,64,68,69,72,76,80,83,84,85,87,89,91,92,93,94,97,98,99,101,102,103,104,112,113,114,115,117,119"
210,09:10,7,7,판교,4,"39,41,45,46"
210,09:10,9,9,평택,3,"48,50,74"
211,09:11,1,1,서울역,28,"3,4,6,7,29,32,54,61,66,67,70,71,73,75,77,78,79,81,88,90,95,96,100,105,107,109,111,116"
211,09:11,2,2,수서,3,"2,26,36"
211,09:11,3,3,삼성,10,"17,22,25,27,38,42,86,108,110,118"
211,09:11,4,4,여의도,44,"8,11,12,13,19,35,43,44,47,49,52,57,59,60,62,63,64,68,69,72,76,80,83,84,85,87,89,91,92,93,94,97,98,99,101,102,103,104,112,113,114,115,117,119"
211,09:11,6,6,일산,1,1
211,09:11,7,7,판교,5,"21,39,41,45,46"
211,09:11,8,8,동탄/용인,1,55
211,09:11,9,9,평택,3,"48,50,74"
212,09:12,1,1,서울역,29,"3,4,6,7,29,32,54,58,61,66,67,70,71,73,75,77,78,79,81,88,90,95,96,100,105,107,109,111,116"
212,09:12,2,2,수서,3,"2,26,36"
212,09:12,3,3,삼성,8,"17,22,25,42,86,108,110,118"
212,09:12,4,4,여의도,45,"8,11,12,13,19,24,35,43,44,47,49,52,57,59,60,62,63,64,68,69,72,76,80,83,84,85,87,89,91,92,93,94,97,98,99,101,102,103,104,112,113,114,115,117,119"
212,09:12,5,5,김포공항,1,33
212,09:12,6,6,일산,2,"1,5"
212,09:12,7,7,판교,5,"21,39,41,45,46"
212,09:12,8,8,동탄/용인,2,"34,55"
212,09:12,9,9,평택,4,"18,48,50,74"
213,09:13,1,1,서울역,29,"3,4,6,7,29,32,54,58,61,66,67,70,71,73,75,77,78,79,81,88,90,95,96,100,105,107,109,111,116"
213,09:13,2,2,수서,3,"2,26,36"
213,09:13,3,3,삼성,8,"17,22,25,42,86,108,110,118"
213,09:13,4,4,여의도,45,"8,11,12,13,19,24,35,40,43,47,49,52,57,59,60,62,63,64,68,69,72,76,80,83,84,85,87,89,91,92,93,94,97,98,99,101,102,103,104,112,113,114,115,117,119"
213,09:13,5,5,김포공항,1,33
213,09:13,6,6,일산,2,"1,5"
213,09:13,7,7,판교,5,"21,39,41,45,46"
213,09:13,8,8,동탄/용인,3,"34,55,56"
213,09:13,9,9,평택,5,"18,48,50,51,74"
214,09:14,1,1,서울역,29,"3,4,6,7,29,32,54,58,61,66,67,70,71,73,75,77,78,79,81,88,90,95,96,100,105,107,109,111,116"
214,09:14,2,2,수서,1,2
214,09:14,3,3,삼성,8,"22,25,42,82,86,108,110,118"
214,09:14,4,4,여의도,46,"8,12,13,19,20,23,24,35,40,43,47,49,52,57,59,60,62,63,64,68,69,72,76,80,83,84,85,87,89,91,92,93,94,97,98,99,101,102,103,104,112,113,114,115,117,119"
214,09:14,5,5,김포공항,1,33
214,09:14,6,6,일산,2,"5,28"
214,09:14,7,7,판교,5,"21,39,41,45,46"
214,09:14,8,8,동탄/용인,2,"34,56"
214,09:14,9,9,평택,5,"18,48,50,51,74"
215,09:15,1,1,서울역,29,"3,4,6,7,29,32,54,58,61,66,67,70,71,73,75,77,78,79,81,88,90,95,96,100,105,107,109,111,116"
215,09:15,2,2,수서,2,"2,53"
215,09:15,3,3,삼성,7,"22,25,82,86,108,110,118"
215,09:15,4,4,여의도,48,"8,12,13,15,19,20,23,24,31,35,40,43,47,49,52,57,59,60,62,63,64,68,69,72,76,80,83,84,85,87,89,91,92,93,94,97,98,99,101,102,103,104,112,113,114,115,117,119"
215,09:15,6,6,일산,2,"16,28"
215,09:15,7,7,판교,5,"21,39,41,45,46"
215,09:15,8,8,동탄/용인,2,"34,56"
215,09:15,9,9,평택,5,"18,48,50,51,74"
216,09:16,1,1,서울역,29,"3,4,6,7,29,32,54,58,61,66,67,70,71,73,75,77,78,79,81,88,90,95,96,100,105,107,109,111,116"
216,09:16,2,2,수서,5,"0,9,10,14,53"
216,09:16,3,3,삼성,7,"22,25,82,86,108,110,118"
216,09:16,4,4,여의도,48,"8,12,13,15,19,20,23,24,31,35,40,43,47,49,52,57,59,60,62,63,64,68,69,72,76,80,83,84,85,87,89,91,92,93,94,97,98,99,101,102,103,104,112,113,114,115,117,119"
216,09:16,6,6,일산,2,"16,28"
216,09:16,7,7,판교,5,"21,39,41,45,46"
216,09:16,8,8,동탄/용인,1,34
216,09:16,9,9,평택,5,"18,48,50,51,74"
217,09:17,1,1,서울역,29,"3,4,6,7,29,32,54,58,61,66,67,70,71,73,75,77,78,79,81,88,90,95,96,100,105,107,109,111,116"
217,09:17,2,2,수서,5,"0,9,10,14,53"
217,09:17,3,3,삼성,6,"22,25,82,108,110,118"
217,09:17,4,4,여의도,50,"8,12,13,15,19,20,23,24,30,31,35,40,43,47,49,52,57,59,60,62,63,64,68,69,72,76,80,83,84,85,87,89,91,92,93,94,97,98,99,101,102,103,104,106,112,113,114,115,117,119"
217,09:17,6,6,일산,1,16
217,09:17,7,7,판교,5,"21,39,41,45,46"
217,09:17,8,8,동탄/용인,1,34
217,09:17,9,9,평택,5,"18,48,50,51,74"
218,09:18,1,1,서울역,28,"6,7,27,29,32,54,58,61,66,67,70,71,73,75,77,78,79,81,88,90,95,96,100,105,107,109,111,116"
218,09:18,2,2,수서,5,"0,9,10,14,53"
218,09:18,3,3,삼성,6,"22,25,82,108,110,118"
218,09:18,4,4,여의도,50,"8,12,13,15,19,20,23,24,30,31,35,40,43,47,49,52,57,59,60,62,63,64,68,69,72,76,80,83,84,85,87,89,91,92,93,94,97,98,99,101,102,103,104,106,112,113,114,115,117,119"
218,09:18,6,6,일산,1,65
218,09:18,7,7,판교,5,"21,39,41,45,46"
218,09:18,8,8,동탄/용인,1,34
218,09:18,9,9,평택,4,"48,50,51,74"
219,09:19,1,1,서울역,28,"6,7,27,29,32,54,58,61,66,67,70,71,73,75,77,78,79,81,88,90,95,96,100,105,107,109,111,116"
219,09:19,2,2,수서,3,"0,14,53"
219,09:19,3,3,삼성,5,"25,82,108,110,118"
219,09:19,4,4,여의도,50,"8,13,15,19,20,23,24,30,31,35,38,40,43,47,49,52,57,59,60,62,63,64,68,69,72,76,80,83,84,85,87,89,91,92,93,94,97,98,99,101,102,103,104,106,112,113,114,115,117,119"
219,09:19,5,5,김포공항,1,44
219,09:19,6,6,일산,1,65
219,09:19,7,7,판교,5,"21,39,41,45,46"
219,09:19,8,8,동탄/용인,1,34
219,09:19,9,9,평택,3,"48,50,74"
220,09:20,1,1,서울역,27,"7,27,29,32,54,58,61,66,67,70,71,73,75,77,78,79,81,88,90,95,96,100,105,107,109,111,116"
220,09:20,2,2,수서,3,"0,14,53"
220,09:20,3,3,삼성,5,"25,82,108,110,118"
220,09:20,4,4,여의도,48,"8,19,20,23,24,30,31,35,36,38,43,47,49,52,57,59,60,62,63,64,68,69,72,76,80,83,84,85,87,89,91,92,93,94,97,98,99,101,102,103,104,106,112,113,114,115,117,119"
220,09:20,5,5,김포공항,1,44
220,09:20,6,6,일산,1,65
220,09:20,7,7,판교,5,"21,37,39,41,46"
220,09:20,8,8,동탄/용인,1,34
220,09:20,9,9,평택,3,"48,50,74"
221,09:21,1,1,서울역,29,"1,7,26,27,29,32,54,58,61,66,67,70,71,73,75,77,78,79,81,88,90,95,96,100,105,107,109,111,116"
221,09:21,2,2,수서,3,"0,14,53"
221,09:21,3,3,삼성,4,"25,82,110,118"
221,09:21,4,4,여의도,49,"8,17,19,20,23,24,30,31,35,36,38,43,47,49,52,57,59,60,62,63,64,68,69,72,76,80,83,84,85,87,89,91,92,93,94,97,98,99,101,102,103,104,106,112,113,114,115,117,119"
221,09:21,5,5,김포공항,1,44
221,09:21,6,6,일산,1,65
221,09:21,7,7,판교,6,"11,21,37,39,41,46"
221,09:21,9,9,평택,3,"48,50,74"
222,09:22,1,1,서울역,29,"1,5,7,26,27,29,32,58,61,66,67,70,71,73,75,77,78,79,81,88,90,95,96,100,105,107,109,111,116"
222,09:22,2,2,수서,2,"0,53"
222,09:22,3,3,삼성,4,"25,82,110,118"
222,09:22,4,4,여의도,51,"2,8,17,19,20,23,24,30,31,35,36,38,42,43,47,49,52,57,59,60,62,63,64,68,69,72,76,80,83,84,85,87,89,91,92,93,94,97,98,99,101,102,103,104,106,112,113,114,115,117,119"
222,09:22,6,6,일산,1,65
222,09:22,7,7,판교,4,"11,21,37,46"
222,09:22,9,9,평택,3,"48,50,74"
223,09:23,1,1,서울역,29,"1,5,7,26,27,29,32,58,61,66,67,70,71,73,75,77,78,79,81,88,90,95,96,100,105,107,109,111,116"
223,09:23,2,2,수서,3,"0,33,53"
223,09:23,3,3,삼성,4,"25,82,110,118"
223,09:23,4,4,여의도,51,"2,8,17,19,20,23,24,30,31,35,36,38,42,43,47,49,52,57,59,60,62,63,64,68,69,72,76,80,83,84,85,87,89,91,92,93,94,97,98,99,101,102,103,104,106,112,113,114,115,117,119"
223,09:23,6,6,일산,1,65
223,09:23,7,7,판교,4,"11,21,37,46"
223,09:23,9,9,평택,3,"48,50,74"
224,09:24,1,1,서울역,29,"1,5,7,26,27,29,32,58,61,66,67,70,71,73,75,77,78,79,81,88,90,95,96,100,105,107,109,111,116"
224,09:24,2,2,수서,4,"0,33,53,55"
224,09:24,3,3,삼성,4,"25,82,110,118"
224,09:24,4,4,여의도,51,"2,8,17,19,20,23,24,30,31,35,38,42,43,47,49,52,57,59,60,62,63,64,68,69,72,76,80,83,84,85,86,87,89,91,92,93,94,97,98,99,101,102,103,104,106,112,113,114,115,117,119"
224,09:24,7,7,판교,4,"11,21,37,46"
224,09:24,9,9,평택,3,"48,50,74"
225,09:25,1,1,서울역,29,"1,5,7,26,27,29,32,58,61,66,67,70,71,73,75,77,78,79,81,88,90,95,96,100,105,107,109,111,116"
225,09:25,2,2,수서,4,"0,33,53,55"
225,09:25,3,3,삼성,4,"25,82,110,118"
225,09:25,4,4,여의도,53,"2,8,9,10,17,19,20,23,24,30,31,35,38,42,43,47,49,52,57,59,60,62,63,64,68,69,72,76,80,83,84,85,86,87,89,91,92,93,94,97,98,99,101,102,103,104,106,112,113,114,115,117,119"
225,09:25,6,6,일산,1,3
225,09:25,7,7,판교,4,"11,21,37,46"
225,09:25,9,9,평택,3,"48,50,74"
226,09:26,1,1,서울역,29,"1,5,7,26,27,29,32,58,61,66,67,70,71,73,75,77,78,79,81,88,90,95,96,100,105,107,109,111,116"
226,09:26,2,2,수서,5,"0,33,40,53,55"
226,09:26,3,3,삼성,4,"25,82,110,118"
226,09:26,4,4,여의도,53,"2,8,9,10,17,19,20,22,23,24,31,35,38,42,43,47,49,52,57,59,60,62,63,64,68,69,72,76,80,83,84,85,86,87,89,91,92,93,94,97,98,99,101,102,103,104,106,112,113,114,115,117,119"
226,09:26,5,5,김포공항,2,"13,15"
226,09:26,6,6,일산,1,3
226,09:26,7,7,판교,4,"11,12,37,46"
226,09:26,9,9,평택,3,"48,50,74"
227,09:27,1,1,서울역,28,"1,5,7,26,29,32,58,61,66,67,70,71,73,75,77,78,79,81,88,90,95,96,100,105,107,109,111,116"
227,09:27,2,2,수서,5,"0,33,40,53,55"
227,09:27,3,3,삼성,5,"25,28,82,110,118"
227,09:27,4,4,여의도,53,"2,8,9,10,17,19,20,22,23,24,31,35,38,42,43,47,49,52,57,59,60,62,63,64,68,69,72,76,80,83,84,85,86,87,89,91,92,93,94,97,98,99,101,102,103,104,106,112,113,114,115,117,119"
227,09:27,5,5,김포공항,2,"13,15"
227,09:27,6,6,일산,2,"3,6"
227,09:27,7,7,판교,4,"11,12,37,46"
227,09:27,8,8,동탄/용인,1,45
227,09:27,9,9,평택,3,"48,50,74"
228,09:28,1,1,서울역,29,"1,5,7,26,29,32,56,58,61,66,67,70,71,73,75,77,78,79,81,88,90,95,96,100,105,107,109,111,116"
228,09:28,2,2,수서,5,"0,33,40,53,55"
228,09:28,3,3,삼성,6,"16,25,28,54,110,118"
228,09:28,4,4,여의도,54,"2,8,9,10,17,19,20,22,23,24,31,35,38,42,43,47,49,52,57,59,60,62,63,64,68,69,72,76,80,83,84,85,86,87,89,91,92,93,94,97,98,99,101,102,103,104,106,108,112,113,114,115,117,119"
228,09:28,5,5,김포공항,2,"13,15"
228,09:28,6,6,일산,1,6
228,09:28,7,7,판교,4,"11,12,37,46"
228,09:28,8,8,동탄/용인,1,45
228,09:28,9,9,평택,2,"50,74"
229,09:29,1,1,서울역,31,"1,5,7,14,26,29,32,39,56,58,61,66,67,70,71,73,75,77,78,79,81,88,90,95,96,100,105,107,109,111,116"
229,09:29,2,2,수서,4,"0,40,53,55"
229,09:29,3,3,삼성,5,"16,28,54,110,118"
229,09:29,4,4,여의도,55,"2,8,9,10,17,19,20,22,23,24,31,35,38,41,42,43,47,49,52,57,59,60,62,63,64,68,69,72,76,80,83,84,85,86,87,89,91,92,93,94,97,98,99,101,102,103,104,106,108,112,113,114,115,117,119"
229,09:29,6,6,일산,1,6
229,09:29,7,7,판교,4,"11,12,37,46"
229,09:29,8,8,동탄/용인,1,45
229,09:29,9,9,평택,2,"50,74"
230,09:30,1,1,서울역,31,"1,5,7,14,26,29,32,39,56,58,61,66,67,70,71,73,75,77,78,79,81,88,90,95,96,100,105,107,109,111,116"
230,09:30,2,2,수서,2,"0,40"
230,09:30,3,3,삼성,5,"16,28,54,110,118"
230,09:30,4,4,여의도,54,"8,9,10,17,19,20,22,23,24,31,35,38,41,42,43,47,49,52,57,59,60,62,63,64,68,69,72,76,80,83,84,85,86,87,89,91,92,93,94,97,98,99,101,102,103,104,106,108,112,113,114,115,117,119"
230,09:30,7,7,판교,4,"12,18,37,46"
230,09:30,9,9,평택,2,"50,74"
231,09:31,1,1,서울역,32,"1,5,7,14,26,29,32,39,56,58,61,65,66,67,70,71,73,75,77,78,79,81,88,90,95,96,100,105,107,109,111,116"
231,09:31,10,10,인천공항,1,4
231,09:31,2,2,수서,3,"0,34,40"
231,09:31,3,3,삼성,3,"16,28,118"
231,09:31,4,4,여의도,53,"8,10,17,19,20,22,23,24,31,35,38,41,42,43,47,49,52,57,59,60,62,63,64,68,69,72,76,80,83,84,85,86,87,89,91,92,93,94,97,98,99,101,102,103,104,106,108,112,113,114,115,117,119"
231,09:31,6,6,일산,1,36
231,09:31,7,7,판교,4,"12,18,37,46"
231,09:31,9,9,평택,1,74
232,09:32,1,1,서울역,31,"1,5,7,14,26,29,39,56,58,61,65,66,67,70,71,73,75,77,78,79,81,88,90,95,96,100,105,107,109,111,116"
232,09:32,10,10,인천공항,1,4
232,09:32,2,2,수서,2,"0,34"
232,09:32,3,3,삼성,3,"16,28,118"
232,09:32,4,4,여의도,52,"10,17,19,20,22,23,24,31,35,38,41,42,43,47,49,52,57,59,60,62,63,64,68,69,72,76,80,83,84,85,86,87,89,91,92,93,94,97,98,99,101,102,103,104,106,108,112,113,114,115,117,119"
232,09:32,6,6,일산,1,36
232,09:32,7,7,판교,4,"18,37,44,46"
232,09:32,9,9,평택,1,74
233,09:33,1,1,서울역,30,"1,7,14,26,29,39,56,58,61,65,66,67,70,71,73,75,77,78,79,81,88,90,95,96,100,105,107,109,111,116"
233,09:33,10,10,인천공항,1,4
233,09:33,2,2,수서,3,"0,34,51"
233,09:33,3,3,삼성,1,16
233,09:33,4,4,여의도,52,"10,17,19,20,22,23,24,31,35,38,41,42,43,47,49,52,57,59,60,62,63,64,68,69,72,76,80,83,84,85,86,87,89,91,92,93,94,97,98,99,101,102,103,104,106,108,112,113,114,115,117,119"
233,09:33,6,6,일산,1,36
233,09:33,7,7,판교,4,"18,37,44,46"
233,09:33,8,8,동탄/용인,1,21
233,09:33,9,9,평택,1,74
234,09:34,1,1,서울역,30,"1,7,14,26,29,39,56,58,61,65,66,67,70,71,73,75,77,78,79,81,88,90,95,96,100,105,107,109,111,116"
234,09:34,10,10,인천공항,1,4
234,09:34,2,2,수서,2,"34,51"
234,09:34,3,3,삼성,1,16
234,09:34,4,4,여의도,51,"17,19,20,22,23,24,31,35,38,41,42,43,47,49,52,57,59,60,62,63,64,68,69,72,76,80,83,84,85,86,87,89,91,92,93,94,97,98,99,101,102,103,104,106,108,112,113,114,115,117,119"
234,09:34,7,7,판교,4,"18,37,44,46"
234,09:34,8,8,동탄/용인,1,21
234,09:34,9,9,평택,1,74
235,09:35,1,1,서울역,30,"1,7,14,26,29,39,56,58,61,65,66,67,70,71,73,75,77,78,79,81,88,90,95,96,100,105,107,109,111,116"
235,09:35,10,10,인천공항,1,4
235,09:35,2,2,수서,2,"34,51"
235,09:35,3,3,삼성,1,16
235,09:35,4,4,여의도,54,"13,17,19,20,22,23,24,31,33,35,38,41,42,43,47,49,52,57,59,60,62,63,64,68,69,72,76,80,82,83,84,85,86,87,89,91,92,93,94,97,98,99,101,102,103,104,106,108,112,113,114,115,117,119"
235,09:35,7,7,판교,4,"18,37,44,46"
235,09:35,8,8,동탄/용인,1,21
235,09:35,9,9,평택,1,74
236,09:36,1,1,서울역,30,"1,7,14,26,29,39,56,58,61,65,66,67,70,71,73,75,77,78,79,81,88,90,95,96,100,105,107,109,111,116"
236,09:36,10,10,인천공항,1,4
236,09:36,2,2,수서,3,"2,34,51"
236,09:36,3,3,삼성,1,16
236,09:36,4,4,여의도,56,"13,17,19,20,22,23,24,25,31,33,35,38,41,42,43,47,49,52,53,57,59,60,62,63,64,68,69,72,76,80,82,83,84,85,86,87,89,91,92,93,94,97,98,99,101,102,103,104,106,108,112,113,114,115,117,119"
236,09:36,7,7,판교,4,"18,37,44,46"
236,09:36,9,9,평택,1,74
237,09:37,1,1,서울역,33,"1,6,7,11,14,26,29,39,55,56,58,61,65,66,67,70,71,73,75,77,78,79,81,88,90,95,96,100,105,107,109,111,116"
237,09:37,10,10,인천공항,1,4
237,09:37,2,2,수서,2,"2,51"
237,09:37,3,3,삼성,1,15
237,09:37,4,4,여의도,56,"13,17,19,20,22,23,24,25,31,33,35,38,41,42,43,47,49,52,53,57,59,60,62,63,64,68,69,72,76,80,82,83,84,85,86,87,89,91,92,93,94,97,98,99,101,102,103,104,106,108,112,113,114,115,117,119"
237,09:37,7,7,판교,4,"18,37,44,46"
237,09:37,9,9,평택,1,74
238,09:38,1,1,서울역,33,"1,6,7,11,14,26,29,39,55,56,58,61,65,66,67,70,71,73,75,77,78,79,81,88,90,95,96,100,105,107,109,111,116"
238,09:38,2,2,수서,3,"2,8,51"
238,09:38,3,3,삼성,2,"3,15"
238,09:38,4,4,여의도,58,"13,17,19,20,22,23,24,25,31,33,35,38,40,41,42,43,47,49,52,53,57,59,60,62,63,64,68,69,72,76,80,82,83,84,85,86,87,89,91,92,93,94,97,98,99,101,102,103,104,106,108,110,112,113,114,115,117,119"
238,09:38,7,7,판교,5,"9,18,37,44,46"
238,09:38,9,9,평택,1,74
239,09:39,1,1,서울역,33,"1,6,7,11,14,26,29,39,55,56,58,61,65,66,67,70,71,73,75,77,78,79,81,88,90,95,96,100,105,107,109,111,116"
239,09:39,2,2,수서,2,"2,8"
239,09:39,3,3,삼성,3,"3,5,15"
239,09:39,4,4,여의도,59,"12,13,17,19,20,22,23,24,25,31,33,35,38,40,41,42,43,47,49,52,53,57,59,60,62,63,64,68,69,72,76,80,82,83,84,85,86,87,89,91,92,93,94,97,98,99,101,102,103,104,106,108,110,112,113,114,115,117,119"
239,09:39,6,6,일산,1,32
239,09:39,7,7,판교,5,"9,18,37,44,46"
239,09:39,9,9,평택,1,74
240,09:40,1,1,서울역,29,"1,26,29,39,55,56,58,61,65,66,67,70,71,73,75,77,78,79,81,88,90,95,96,100,105,107,109,111,116"
240,09:40,2,2,수서,4,"2,8,10,45"
240,09:40,3,3,삼성,3,"3,5,15"
240,09:40,4,4,여의도,59,"0,12,13,17,19,20,22,23,24,25,28,33,35,38,40,41,42,43,47,49,52,53,57,59,60,62,63,64,68,69,76,80,82,83,84,85,86,87,91,92,93,94,97,98,99,101,102,103,104,106,108,110,112,113,114,115,117,118,119"
240,09:40,6,6,일산,1,32
240,09:40,7,7,판교,6,"9,18,37,44,46,48"
241,09:41,1,1,서울역,28,"1,26,29,39,55,56,58,61,65,66,67,70,71,73,77,78,79,81,88,90,95,96,100,105,107,109,111,116"
241,09:41,2,2,수서,4,"2,8,10,45"
241,09:41,3,3,삼성,3,"3,5,15"
241,09:41,4,4,여의도,58,"0,12,17,19,20,22,23,24,25,28,33,35,38,40,41,42,43,47,49,52,53,57,59,60,62,63,64,68,69,76,80,82,83,84,85,86,87,91,92,93,94,97,98,99,101,102,103,104,106,108,110,112,113,114,115,117,118,119"
241,09:41,6,6,일산,1,32
241,09:41,7,7,판교,6,"9,18,37,44,46,48"
241,09:41,9,9,평택,1,30
242,09:42,1,1,서울역,26,"1,29,39,55,56,58,61,65,66,67,70,71,77,78,79,81,88,90,95,96,100,105,107,109,111,116"
242,09:42,2,2,수서,3,"8,10,45"
242,09:42,3,3,삼성,2,"3,15"
242,09:42,4,4,여의도,56,"0,17,19,20,22,23,24,25,28,33,35,38,40,41,42,43,47,49,52,53,57,60,62,63,64,68,69,76,80,82,83,84,85,86,87,91,92,93,94,97,98,99,101,102,103,104,106,108,110,112,113,114,115,117,118,119"
242,09:42,7,7,판교,6,"9,18,37,44,46,48"
242,09:42,9,9,평택,1,30
243,09:43,1,1,서울역,25,"1,39,55,56,58,61,65,66,67,70,71,77,78,79,81,88,90,95,96,100,105,107,109,111,116"
243,09:43,2,2,수서,3,"8,10,45"
243,09:43,3,3,삼성,2,"3,15"
243,09:43,4,4,여의도,56,"0,17,19,20,22,23,24,25,33,34,35,38,40,41,42,43,47,49,52,53,57,60,62,63,64,68,69,76,80,82,83,84,85,86,87,91,92,93,94,97,98,99,101,102,103,104,106,108,110,112,113,114,115,117,118,119"
243,09:43,7,7,판교,7,"9,18,37,44,46,48,50"
243,09:43,9,9,평택,2,"27,30"
244,09:44,1,1,서울역,25,"1,39,55,56,58,61,65,66,67,70,71,77,78,79,81,88,90,95,96,100,105,107,109,111,116"
244,09:44,2,2,수서,2,"10,45"
244,09:44,3,3,삼성,1,15
244,09:44,4,4,여의도,56,"0,16,17,19,20,22,23,24,25,33,34,35,38,40,41,43,47,49,52,53,57,60,62,63,64,68,69,76,80,82,83,84,85,86,87,91,92,93,94,97,98,99,101,102,103,104,106,108,110,112,113,114,115,117,118,119"
244,09:44,7,7,판교,7,"9,18,37,44,46,48,50"
244,09:44,9,9,평택,2,"27,30"
245,09:45,1,1,서울역,24,"1,55,56,58,61,65,66,67,70,71,77,78,79,81,88,90,95,96,100,105,107,109,111,116"
245,09:45,2,2,수서,2,"10,45"
245,09:45,3,3,삼성,1,15
245,09:45,4,4,여의도,56,"0,16,17,19,20,22,23,24,25,33,34,35,38,40,41,47,49,51,52,53,57,60,62,63,64,68,69,76,80,82,83,84,85,86,87,91,92,93,94,97,98,99,101,102,103,104,106,108,110,112,113,114,115,117,118,119"
245,09:45,7,7,판교,7,"9,18,37,44,46,48,50"
245,09:45,9,9,평택,2,"27,30"
246,09:46,1,1,서울역,24,"1,55,56,58,61,65,66,67,70,71,77,78,79,81,88,90,95,96,100,105,107,109,111,116"
246,09:46,2,2,수서,3,"10,21,45"
246,09:46,3,3,삼성,4,"7,11,14,15"
246,09:46,4,4,여의도,56,"0,16,17,19,20,22,23,24,25,33,34,35,38,40,41,47,49,51,52,53,57,60,62,63,64,68,69,76,80,82,83,84,85,86,87,91,92,93,94,97,98,99,101,102,103,104,106,108,110,112,113,114,115,117,118,119"
246,09:46,5,5,김포공항,2,"31,89"
246,09:46,7,7,판교,8,"9,18,36,37,44,46,48,50"
246,09:46,8,8,동탄/용인,1,74
246,09:46,9,9,평택,3,"27,30,54"
247,09:47,1,1,서울역,23,"1,56,58,61,65,66,67,70,71,77,78,79,81,88,90,95,96,100,105,107,109,111,116"
247,09:47,2,2,수서,3,"10,13,21"
247,09:47,3,3,삼성,5,"7,11,14,15,75"
247,09:47,4,4,여의도,54,"0,16,17,19,20,22,23,24,25,33,34,35,40,41,47,49,51,52,53,57,60,62,63,64,68,69,80,82,83,84,85,86,87,91,92,93,94,97,98,99,101,102,103,104,106,108,110,112,113,114,115,117,118,119"
247,09:47,5,5,김포공항,2,"31,89"
247,09:47,6,6,일산,2,"6,72"
247,09:47,7,7,판교,8,"9,18,36,37,44,46,48,50"
247,09:47,8,8,동탄/용인,1,74
247,09:47,9,9,평택,3,"27,30,54"
248,09:48,1,1,서울역,22,"1,58,61,65,66,67,70,71,77,78,79,81,88,90,95,96,100,105,107,109,111,116"
248,09:48,2,2,수서,3,"10,13,21"
248,09:48,3,3,삼성,6,"7,11,14,15,26,75"
248,09:48,4,4,여의도,55,"0,2,16,17,19,20,22,23,24,25,33,34,35,40,41,47,49,51,52,53,57,60,62,63,64,68,69,80,82,83,84,85,86,87,91,92,93,94,97,98,99,101,102,103,104,106,108,110,112,113,114,115,117,118,119"
248,09:48,5,5,김포공항,3,"12,31,89"
248,09:48,6,6,일산,2,"6,72"
248,09:48,7,7,판교,8,"9,18,36,37,44,46,48,50"
248,09:48,8,8,동탄/용인,1,74
248,09:48,9,9,평택,3,"27,30,54"
249,09:49,1,1,서울역,22,"1,58,61,65,66,67,70,71,77,78,79,81,88,90,95,96,100,105,107,109,111,116"
249,09:49,2,2,수서,3,"10,13,21"
249,09:49,3,3,삼성,3,"15,26,75"
249,09:49,4,4,여의도,54,"0,2,5,17,19,20,22,23,24,25,33,34,35,40,41,47,49,52,53,57,60,62,63,64,68,69,80,82,83,84,85,86,87,91,92,93,94,97,98,99,101,102,103,104,106,108,110,112,113,114,115,117,118,119"
249,09:49,5,5,김포공항,2,"12,28"
249,09:49,6,6,일산,3,"6,72,73"
249,09:49,7,7,판교,8,"9,18,36,37,44,46,48,50"
249,09:49,9,9,평택,3,"27,30,54"
250,09:50,1,1,서울역,22,"1,58,61,65,66,67,70,71,77,78,79,81,88,90,95,96,100,105,107,109,111,116"
250,09:50,2,2,수서,2,"13,21"
250,09:50,3,3,삼성,2,"15,26"
250,09:50,4,4,여의도,54,"0,2,5,8,17,19,20,22,23,24,25,33,34,35,40,41,49,52,53,57,60,62,63,64,68,69,80,82,83,84,85,86,87,91,92,93,94,97,98,99,101,102,103,104,106,108,110,112,113,114,115,117,118,119"
250,09:50,5,5,김포공항,2,"12,28"
250,09:50,6,6,일산,2,"29,73"
250,09:50,7,7,판교,8,"9,18,36,37,44,46,48,50"
250,09:50,9,9,평택,3,"27,30,54"
251,09:51,1,1,서울역,22,"4,58,61,65,66,67,70,71,77,78,79,81,88,90,95,96,100,105,107,109,111,116"
251,09:51,2,2,수서,2,"13,21"
251,09:51,3,3,삼성,2,"15,39"
251,09:51,4,4,여의도,53,"0,2,3,5,8,19,20,22,23,24,25,33,34,35,40,41,49,53,57,60,62,63,64,68,69,80,82,83,84,85,86,87,91,92,93,94,97,98,99,101,102,103,104,106,108,110,112,113,114,115,117,118,119"
251,09:51,5,5,김포공항,1,28
251,09:51,6,6,일산,3,"29,42,73"
251,09:51,7,7,판교,7,"18,36,37,44,46,48,50"
251,09:51,9,9,평택,3,"27,30,54"
252,09:52,1,1,서울역,22,"4,58,61,65,66,67,70,71,77,78,79,81,88,90,95,96,100,105,107,109,111,116"
252,09:52,2,2,수서,2,"13,21"
252,09:52,3,3,삼성,3,"15,32,39"
252,09:52,4,4,여의도,52,"0,2,3,5,8,19,20,23,24,25,33,34,35,40,41,49,53,57,60,62,63,64,68,69,80,82,83,84,85,86,87,91,92,93,94,97,98,99,101,102,103,104,106,108,110,112,113,114,115,117,118,119"
252,09:52,6,6,일산,3,"29,42,43"
252,09:52,7,7,판교,7,"18,36,37,44,46,48,50"
252,09:52,9,9,평택,3,"27,30,54"
253,09:53,1,1,서울역,22,"4,58,61,65,66,67,70,71,77,78,79,81,88,90,95,96,100,105,107,109,111,116"
253,09:53,2,2,수서,1,38
253,09:53,3,3,삼성,4,"15,32,39,55"
253,09:53,4,4,여의도,51,"0,2,3,5,8,19,20,23,24,25,34,35,40,41,49,53,57,60,62,63,64,68,69,80,82,83,84,85,86,87,91,92,93,94,97,98,99,101,102,103,104,106,108,110,112,113,114,115,117,118,119"
253,09:53,6,6,일산,2,"42,43"
253,09:53,7,7,판교,7,"18,36,37,44,46,48,50"
253,09:53,8,8,동탄/용인,1,59
253,09:53,9,9,평택,3,"27,30,54"
254,09:54,1,1,서울역,23,"4,45,58,61,65,66,67,70,71,77,78,79,81,88,90,95,96,100,105,107,109,111,116"
254,09:54,2,2,수서,1,38
254,09:54,3,3,삼성,4,"15,32,55,56"
254,09:54,4,4,여의도,51,"0,2,3,5,8,19,20,23,24,25,34,35,40,41,49,53,57,60,62,63,64,68,69,80,82,83,84,85,86,87,91,92,93,94,97,98,99,101,102,103,104,106,108,110,112,113,114,115,117,118,119"
254,09:54,6,6,일산,1,43
254,09:54,7,7,판교,7,"18,36,37,44,46,48,50"
254,09:54,8,8,동탄/용인,1,59
254,09:54,9,9,평택,3,"27,30,54"
255,09:55,1,1,서울역,24,"4,7,45,58,61,65,66,67,70,71,77,78,79,81,88,90,95,96,100,105,107,109,111,116"
255,09:55,2,2,수서,2,"16,38"
255,09:55,3,3,삼성,4,"15,32,55,56"
255,09:55,4,4,여의도,50,"0,2,3,5,8,19,20,23,25,34,35,40,41,49,53,57,60,62,63,64,68,69,80,82,83,84,85,86,87,91,92,93,94,97,98,99,101,102,103,104,106,108,110,112,113,114,115,117,118,119"
255,09:55,5,5,김포공항,1,51
255,09:55,7,7,판교,7,"18,36,37,44,46,48,50"
255,09:55,8,8,동탄/용인,1,59
255,09:55,9,9,평택,3,"27,30,54"
256,09:56,1,1,서울역,24,"4,7,45,58,61,65,66,67,70,71,77,78,79,81,88,90,95,96,100,105,107,109,111,116"
256,09:56,2,2,수서,1,16
256,09:56,3,3,삼성,3,"15,32,56"
256,09:56,4,4,여의도,52,"2,3,5,8,10,11,14,19,20,23,25,34,35,40,41,49,53,57,60,62,63,64,68,69,80,82,83,84,85,86,87,91,92,93,94,97,98,99,101,102,103,104,106,108,110,112,113,114,115,117,118,119"
256,09:56,5,5,김포공항,1,51
256,09:56,7,7,판교,7,"18,36,37,44,46,48,50"
256,09:56,9,9,평택,3,"27,30,54"
257,09:57,1,1,서울역,25,"4,6,7,45,58,61,65,66,67,70,71,77,78,79,81,88,90,95,96,100,105,107,109,111,116"
257,09:57,2,2,수서,2,"16,17"
257,09:57,3,3,삼성,3,"15,31,32"
257,09:57,4,4,여의도,52,"2,3,5,8,10,11,14,19,20,23,25,34,35,40,41,49,53,57,60,62,63,64,68,69,80,82,83,84,85,86,87,91,92,93,94,97,98,99,101,102,103,104,106,108,110,112,113,114,115,117,118,119"
257,09:57,5,5,김포공항,2,"51,52"
257,09:57,6,6,일산,1,47
257,09:57,7,7,판교,7,"18,36,37,44,46,48,50"
257,09:57,9,9,평택,3,"27,30,54"
258,09:58,1,1,서울역,26,"4,6,7,9,45,58,61,65,66,67,70,71,77,78,79,81,88,90,95,96,100,105,107,109,111,116"
258,09:58,2,2,수서,2,"17,22"
258,09:58,3,3,삼성,3,"15,31,32"
258,09:58,4,4,여의도,52,"3,5,8,10,11,14,19,20,23,25,26,34,35,40,41,49,53,57,60,62,63,64,68,69,80,82,83,84,85,86,87,91,92,93,94,97,98,99,101,102,103,104,106,108,110,112,113,114,115,117,118,119"
258,09:58,5,5,김포공항,1,52
258,09:58,6,6,일산,1,47
258,09:58,7,7,판교,8,"1,18,36,37,44,46,48,50"
258,09:58,8,8,동탄/용인,1,76
258,09:58,9,9,평택,3,"27,30,54"
259,09:59,1,1,서울역,26,"4,6,7,9,45,58,61,65,66,67,70,71,77,78,79,81,88,90,95,96,100,105,107,109,111,116"
259,09:59,2,2,수서,4,"17,22,33,74"
259,09:59,3,3,삼성,3,"12,31,32"
259,09:59,4,4,여의도,53,"3,5,8,10,11,13,14,19,20,23,25,26,34,35,40,41,49,53,57,60,62,63,64,68,69,80,82,83,84,85,86,87,91,92,93,94,97,98,99,101,102,103,104,106,108,110,112,113,114,115,117,118,119"
259,09:59,5,5,김포공항,1,52
259,09:59,6,6,일산,1,47
259,09:59,7,7,판교,9,"1,18,36,37,44,46,48,50,89"
259,09:59,8,8,동탄/용인,1,76
259,09:59,9,9,평택,3,"27,30,54"
260,10:00,1,1,서울역,20,"4,6,7,9,21,58,61,66,67,70,71,77,81,88,90,95,100,105,107,109"
260,10:00,2,2,수서,3,"22,33,74"
260,10:00,3,3,삼성,4,"12,28,31,32"
260,10:00,4,4,여의도,42,"3,5,8,13,19,20,23,25,26,34,35,40,41,49,53,57,60,62,63,64,69,80,82,83,84,85,87,91,92,93,94,98,99,101,102,103,104,106,108,110,113,119"
260,10:00,6,6,일산,1,75
260,10:00,7,7,판교,9,"1,18,36,37,44,46,48,50,89"
260,10:00,8,8,동탄/용인,1,76
260,10:00,9,9,평택,3,"27,30,54"
261,10:01,1,1,서울역,19,"4,7,9,21,42,58,61,66,67,70,71,77,81,88,95,100,105,107,109"
261,10:01,2,2,수서,2,"33,74"
261,10:01,3,3,삼성,4,"12,28,31,32"
261,10:01,4,4,여의도,42,"3,5,8,13,19,20,23,25,26,34,35,39,40,41,49,53,57,60,62,63,64,69,80,82,83,84,85,87,91,92,93,94,98,99,101,102,103,104,106,108,110,113"
261,10:01,6,6,일산,1,75
261,10:01,7,7,판교,9,"1,18,36,37,44,46,48,50,89"
261,10:01,9,9,평택,3,"27,30,54"
262,10:02,1,1,서울역,20,"4,7,9,21,42,43,58,61,66,67,70,71,77,81,88,95,100,105,107,109"
262,10:02,2,2,수서,2,"0,74"
262,10:02,3,3,삼성,4,"12,28,31,32"
262,10:02,4,4,여의도,41,"3,5,8,13,19,20,23,25,26,34,35,38,39,40,41,49,53,57,60,62,63,64,69,82,83,84,85,87,91,92,93,94,98,99,101,102,103,106,108,110,113"
262,10:02,6,6,일산,1,75
262,10:02,7,7,판교,10,"1,18,36,37,44,46,48,50,72,89"
262,10:02,9,9,평택,3,"27,30,54"
263,10:03,1,1,서울역,17,"4,7,9,21,42,43,61,66,67,70,71,77,88,100,105,107,109"
263,10:03,2,2,수서,2,"0,74"
263,10:03,3,3,삼성,3,"12,28,31"
263,10:03,4,4,여의도,40,"3,5,8,13,20,23,25,26,34,35,38,39,40,41,49,53,55,57,60,62,63,64,69,82,83,84,85,87,91,92,93,94,98,99,101,102,103,106,108,110"
263,10:03,6,6,일산,1,75
263,10:03,7,7,판교,9,"1,36,37,44,46,48,50,72,89"
263,10:03,9,9,평택,3,"27,30,54"
264,10:04,1,1,서울역,16,"4,9,21,42,43,61,66,67,70,71,77,88,100,105,107,109"
264,10:04,2,2,수서,4,"0,2,29,74"
264,10:04,3,3,삼성,2,"12,28"
264,10:04,4,4,여의도,39,"3,5,8,13,16,23,25,26,34,35,38,39,40,41,49,53,55,56,57,60,62,63,64,69,83,84,85,87,91,92,93,94,99,101,102,103,106,108,110"
264,10:04,6,6,일산,1,75
264,10:04,7,7,판교,10,"1,36,37,44,46,48,50,72,73,89"
264,10:04,9,9,평택,2,"30,54"
265,10:05,1,1,서울역,14,"4,9,21,42,61,66,67,71,77,88,100,105,107,109"
265,10:05,2,2,수서,3,"0,2,29"
265,10:05,3,3,삼성,1,28
265,10:05,4,4,여의도,35,"3,5,8,13,16,23,25,26,34,35,38,39,40,41,49,53,55,56,57,60,62,63,64,85,87,91,92,93,94,101,102,103,106,108,110"
265,10:05,6,6,일산,1,75
265,10:05,7,7,판교,10,"1,36,37,44,46,48,50,72,73,89"
265,10:05,9,9,평택,2,"30,54"
266,10:06,1,1,서울역,10,"4,9,21,61,67,71,77,105,107,109"
266,10:06,2,2,수서,6,"0,2,11,29,59,97"
266,10:06,3,3,삼성,3,"28,45,79"
266,10:06,4,4,여의도,37,"3,5,8,13,15,16,17,23,25,26,34,35,38,39,40,41,49,53,55,56,57,60,62,63,64,85,87,91,92,93,94,101,102,103,106,108,110"
266,10:06,5,5,김포공항,2,"86,112"
266,10:06,7,7,판교,9,"1,36,37,44,46,48,50,72,73"
266,10:06,9,9,평택,2,"30,54"
267,10:07,1,1,서울역,10,"4,9,21,47,61,67,71,77,107,109"
267,10:07,10,10,인천공항,1,24
267,10:07,2,2,수서,6,"0,2,11,29,59,97"
267,10:07,3,3,삼성,3,"28,45,79"
267,10:07,4,4,여의도,36,"3,5,8,15,16,17,22,23,25,26,34,35,38,39,40,41,49,53,55,56,57,60,62,63,64,85,87,91,92,93,94,102,103,106,108,110"
267,10:07,5,5,김포공항,2,"86,112"
267,10:07,6,6,일산,5,"65,78,96,111,116"
267,10:07,7,7,판교,9,"1,36,37,44,46,48,50,72,73"
267,10:07,9,9,평택,2,"30,54"
268,10:08,1,1,서울역,10,"4,9,21,47,61,67,71,77,107,109"
268,10:08,10,10,인천공항,1,24
268,10:08,2,2,수서,5,"2,11,29,59,97"
268,10:08,3,3,삼성,3,"28,45,79"
268,10:08,4,4,여의도,33,"3,5,8,15,16,17,22,25,26,34,35,38,39,40,41,49,53,55,56,57,60,62,63,64,85,87,91,92,93,94,102,106,108"
268,10:08,5,5,김포공항,3,"80,86,112"
268,10:08,6,6,일산,7,"6,65,78,90,96,111,116"
268,10:08,7,7,판교,8,"1,44,46,48,50,51,72,73"
268,10:08,9,9,평택,2,"30,54"
269,10:09,1,1,서울역,9,"9,21,33,47,61,67,77,107,109"
269,10:09,10,10,인천공항,1,24
269,10:09,2,2,수서,3,"2,29,59"
269,10:09,3,3,삼성,3,"28,58,81"
269,10:09,4,4,여의도,32,"3,5,8,15,16,17,22,25,26,34,35,38,39,40,41,49,53,55,56,57,60,62,63,64,85,87,91,92,93,94,106,108"
269,10:09,5,5,김포공항,1,80
269,10:09,6,6,일산,8,"6,65,78,90,96,104,111,116"
269,10:09,7,7,판교,8,"1,44,46,48,50,51,72,73"
269,10:09,9,9,평택,1,30
270,10:10,1,1,서울역,9,"9,18,31,33,61,67,77,107,109"
270,10:10,10,10,인천공항,1,24
270,10:10,2,2,수서,6,"2,20,29,59,82,98"
270,10:10,3,3,삼성,5,"7,19,28,58,81"
270,10:10,4,4,여의도,32,"3,5,8,15,17,22,25,26,32,34,35,38,39,40,41,49,53,55,56,57,60,62,63,64,85,87,91,92,93,94,106,108"
270,10:10,5,5,김포공항,1,80
270,10:10,6,6,일산,4,"6,90,95,104"
270,10:10,7,7,판교,9,"1,44,46,48,50,51,52,72,73"
270,10:10,9,9,평택,1,30
271,10:11,1,1,서울역,7,"9,18,31,33,67,107,109"
271,10:11,10,10,인천공항,1,24
271,10:11,2,2,수서,8,"2,20,29,59,82,83,98,99"
271,10:11,3,3,삼성,7,"7,19,28,43,58,70,81"
271,10:11,4,4,여의도,32,"3,5,8,15,17,22,25,26,32,34,35,38,39,40,41,49,53,55,56,57,60,62,63,64,85,87,91,92,93,94,106,108"
271,10:11,5,5,김포공항,1,84
271,10:11,6,6,일산,2,"95,104"
271,10:11,7,7,판교,7,"1,46,48,50,51,52,72"
271,10:11,8,8,동탄/용인,2,"10,118"
271,10:11,9,9,평택,1,30
272,10:12,1,1,서울역,8,"9,18,31,33,67,74,107,109"
272,10:12,10,10,인천공항,6,"14,24,68,114,115,117"
272,10:12,2,2,수서,7,"2,20,29,82,83,98,99"
272,10:12,3,3,삼성,7,"7,19,28,42,43,70,88"
272,10:12,4,4,여의도,32,"3,5,8,12,17,22,25,26,32,34,35,38,39,40,41,49,53,55,56,57,60,62,63,64,76,87,91,92,93,94,106,108"
272,10:12,5,5,김포공항,1,84
272,10:12,6,6,일산,1,95
272,10:12,7,7,판교,6,"1,48,50,51,52,72"
272,10:12,8,8,동탄/용인,3,"10,118,119"
272,10:12,9,9,평택,1,30
273,10:13,1,1,서울역,7,"18,31,33,67,74,107,109"
273,10:13,10,10,인천공항,6,"14,24,68,114,115,117"
273,10:13,2,2,수서,6,"2,20,29,83,99,101"
273,10:13,3,3,삼성,6,"19,28,42,43,70,88"
273,10:13,4,4,여의도,29,"3,5,8,12,26,32,34,35,38,39,40,41,49,53,55,56,57,60,62,63,64,76,87,91,92,93,94,106,108"
273,10:13,5,5,김포공항,2,"13,84"
273,10:13,6,6,일산,2,"66,100"
273,10:13,7,7,판교,6,"1,48,50,51,52,72"
273,10:13,8,8,동탄/용인,3,"10,118,119"
273,10:13,9,9,평택,1,30
274,10:14,1,1,서울역,7,"18,31,33,67,74,107,109"
274,10:14,10,10,인천공항,6,"14,24,68,114,115,117"
274,10:14,2,2,수서,4,"2,20,29,101"
274,10:14,3,3,삼성,3,"19,42,88"
274,10:14,4,4,여의도,28,"0,3,5,8,12,26,32,34,35,38,39,40,41,49,53,55,57,60,62,63,64,76,91,92,93,94,106,108"
274,10:14,5,5,김포공항,1,13
274,10:14,6,6,일산,3,"66,100,105"
274,10:14,7,7,판교,5,"1,48,51,52,72"
274,10:14,8,8,동탄/용인,2,"113,119"
275,10:15,1,1,서울역,8,"18,31,33,36,67,74,107,109"
275,10:15,10,10,인천공항,1,24
275,10:15,2,2,수서,4,"2,20,29,101"
275,10:15,3,3,삼성,3,"19,23,71"
275,10:15,4,4,여의도,27,"0,5,8,12,26,32,34,35,37,38,39,41,49,53,55,57,60,62,63,64,76,91,92,93,94,106,108"
275,10:15,5,5,김포공항,1,13
275,10:15,6,6,일산,4,"66,100,103,105"
275,10:15,7,7,판교,5,"1,48,51,52,72"
275,10:15,8,8,동탄/용인,1,113
276,10:16,1,1,서울역,8,"18,31,33,36,67,74,107,109"
276,10:16,10,10,인천공항,1,24
276,10:16,2,2,수서,3,"2,16,29"
276,10:16,3,3,삼성,4,"23,47,71,75"
276,10:16,4,4,여의도,25,"0,8,12,26,32,34,35,37,38,39,41,49,53,55,60,62,63,64,76,91,92,93,94,106,108"
276,10:16,6,6,일산,3,"102,103,105"
276,10:16,7,7,판교,6,"1,4,27,51,52,72"
276,10:16,8,8,동탄/용인,1,113
277,10:17,1,1,서울역,8,"18,31,33,36,67,74,107,109"
277,10:17,10,10,인천공항,2,"24,69"
277,10:17,2,2,수서,3,"2,16,29"
277,10:17,3,3,삼성,6,"23,47,61,71,75,77"
277,10:17,4,4,여의도,24,"0,8,12,26,32,34,35,37,38,39,41,49,53,55,62,63,64,76,91,92,93,94,106,108"
277,10:17,5,5,김포공항,2,"11,45"
277,10:17,6,6,일산,2,"102,103"
277,10:17,7,7,판교,5,"1,4,27,52,72"
278,10:18,1,1,서울역,9,"6,18,31,33,36,67,74,107,109"
278,10:18,10,10,인천공항,2,"24,69"
278,10:18,2,2,수서,4,"2,15,16,29"
278,10:18,3,3,삼성,5,"23,47,61,75,77"
278,10:18,4,4,여의도,24,"0,12,26,32,34,35,37,38,39,41,44,49,53,55,62,63,64,76,91,92,93,94,106,108"
278,10:18,5,5,김포공항,3,"11,45,85"
278,10:18,6,6,일산,2,"89,102"
278,10:18,7,7,판교,5,"1,4,27,52,72"
279,10:19,1,1,서울역,9,"6,18,31,33,36,67,74,107,109"
279,10:19,10,10,인천공항,2,"24,69"
279,10:19,2,2,수서,6,"2,15,16,17,29,80"
279,10:19,3,3,삼성,4,"23,61,75,77"
279,10:19,4,4,여의도,23,"0,12,26,32,34,35,37,38,39,44,46,49,53,55,63,64,76,91,92,93,94,106,108"
279,10:19,5,5,김포공항,3,"11,45,85"
279,10:19,6,6,일산,2,"79,89"
279,10:19,7,7,판교,5,"1,4,27,52,86"
279,10:19,8,8,동탄/용인,1,110
280,10:20,1,1,서울역,5,"6,18,28,33,36"
280,10:20,10,10,인천공항,2,"24,69"
280,10:20,2,2,수서,6,"2,15,16,17,29,80"
280,10:20,3,3,삼성,5,"22,23,65,75,78"
280,10:20,4,4,여의도,22,"7,12,26,32,34,35,37,38,39,44,46,53,55,63,64,76,91,92,93,94,106,108"
280,10:20,5,5,김포공항,5,"11,45,58,59,85"
280,10:20,6,6,일산,3,"79,89,97"
280,10:20,7,7,판교,6,"1,4,25,27,52,86"
280,10:20,8,8,동탄/용인,1,110
281,10:21,1,1,서울역,7,"6,18,28,33,36,42,83"
281,10:21,10,10,인천공항,2,"24,69"
281,10:21,2,2,수서,8,"2,3,15,16,17,29,80,96"
281,10:21,3,3,삼성,5,"22,65,75,78,90"
281,10:21,4,4,여의도,21,"7,12,26,32,34,35,37,38,39,44,46,50,55,63,64,76,92,93,94,106,108"
281,10:21,5,5,김포공항,5,"11,45,58,59,82"
281,10:21,6,6,일산,3,"79,89,97"
281,10:21,7,7,판교,6,"1,4,25,27,56,86"
281,10:21,8,8,동탄/용인,1,110
282,10:22,1,1,서울역,9,"6,18,19,28,33,36,42,83,84"
282,10:22,10,10,인천공항,2,"24,69"
282,10:22,2,2,수서,9,"2,3,5,15,16,17,29,80,96"
282,10:22,3,3,삼성,5,"22,40,65,78,90"
282,10:22,4,4,여의도,21,"7,12,26,32,34,35,37,38,39,44,46,50,55,63,64,76,92,93,94,106,108"
282,10:22,5,5,김포공항,7,"11,43,45,58,59,70,82"
282,10:22,6,6,일산,4,"79,81,89,97"
282,10:22,7,7,판교,6,"1,4,25,27,56,86"
283,10:23,1,1,서울역,10,"18,19,28,33,36,42,48,66,83,84"
283,10:23,10,10,인천공항,2,"21,69"
283,10:23,2,2,수서,8,"3,5,15,16,17,29,80,96"
283,10:23,3,3,삼성,5,"22,40,65,78,90"
283,10:23,4,4,여의도,20,"7,12,26,34,35,37,38,39,44,46,50,55,63,64,76,92,93,94,106,108"
283,10:23,5,5,김포공항,6,"11,43,58,59,70,82"
283,10:23,6,6,일산,4,"79,81,89,97"
283,10:23,7,7,판교,7,"1,4,25,27,56,57,86"
283,10:23,9,9,평택,1,73
284,10:24,1,1,서울역,11,"13,18,19,28,33,36,42,48,66,83,84"
284,10:24,10,10,인천공항,3,"21,69,95"
284,10:24,2,2,수서,7,"3,5,16,17,29,80,96"
284,10:24,3,3,삼성,5,"22,40,65,78,90"
284,10:24,4,4,여의도,21,"7,12,26,37,38,39,44,46,50,51,54,55,63,64,74,76,92,93,94,106,108"
284,10:24,5,5,김포공항,6,"20,43,58,59,70,82"
284,10:24,6,6,일산,5,"79,81,89,97,98"
284,10:24,7,7,판교,9,"1,4,25,27,56,57,60,86,104"
284,10:24,9,9,평택,1,73
285,10:25,1,1,서울역,11,"13,18,19,28,33,36,42,48,66,83,84"
285,10:25,10,10,인천공항,3,"21,69,95"
285,10:25,2,2,수서,4,"3,5,16,96"
285,10:25,3,3,삼성,5,"22,40,65,78,90"
285,10:25,4,4,여의도,22,"7,10,12,26,37,38,39,44,46,50,51,54,55,63,64,74,76,92,93,94,106,108"
285,10:25,5,5,김포공항,6,"20,43,58,59,70,82"
285,10:25,6,6,일산,6,"79,81,88,97,98,99"
285,10:25,7,7,판교,10,"1,4,8,25,27,56,57,60,86,104"
285,10:25,9,9,평택,1,73
286,10:26,1,1,서울역,9,"13,18,19,28,33,36,42,83,84"
286,10:26,10,10,인천공항,4,"9,21,69,95"
286,10:26,2,2,수서,4,"3,5,16,96"
286,10:26,3,3,삼성,6,"22,31,40,41,90,100"
286,10:26,4,4,여의도,23,"7,10,12,26,37,38,39,44,46,47,50,51,54,55,63,64,74,76,92,93,94,106,108"
286,10:26,5,5,김포공항,7,"0,20,43,59,70,71,82"
286,10:26,6,6,일산,6,"79,81,88,97,98,99"
286,10:26,7,7,판교,11,"1,4,8,25,27,56,57,60,62,86,104"
286,10:26,9,9,평택,2,"73,112"
287,10:27,1,1,서울역,10,"13,18,19,23,28,33,36,42,83,84"
287,10:27,10,10,인천공항,4,"9,21,69,95"
287,10:27,2,2,수서,2,"5,16"
287,10:27,3,3,삼성,6,"22,31,40,41,49,100"
287,10:27,4,4,여의도,23,"7,10,12,14,26,38,39,44,47,50,51,54,55,61,63,64,68,76,92,93,94,106,108"
287,10:27,5,5,김포공항,6,"0,20,43,59,70,71"
287,10:27,6,6,일산,9,"79,81,88,97,98,99,101,107,109"
287,10:27,7,7,판교,10,"1,8,25,27,56,57,60,62,86,104"
287,10:27,8,8,동탄/용인,1,111
287,10:27,9,9,평택,2,"73,112"
288,10:28,1,1,서울역,10,"13,19,23,28,33,36,42,75,83,84"
288,10:28,10,10,인천공항,4,"9,21,69,95"
288,10:28,2,2,수서,3,"5,16,30"
288,10:28,3,3,삼성,7,"22,31,40,41,49,53,100"
288,10:28,4,4,여의도,23,"7,10,12,14,26,39,44,47,50,51,52,54,55,61,63,64,68,76,92,93,94,106,108"
288,10:28,5,5,김포공항,7,"0,20,59,67,70,71,77"
288,10:28,6,6,일산,9,"79,81,88,97,98,99,101,107,109"
288,10:28,7,7,판교,9,"8,25,27,56,57,60,62,86,104"
288,10:28,8,8,동탄/용인,1,111
288,10:28,9,9,평택,2,"73,112"
289,10:29,1,1,서울역,12,"13,19,23,28,33,36,42,75,83,84,85,113"
289,10:29,10,10,인천공항,5,"9,21,69,95,103"
289,10:29,2,2,수서,3,"16,30,32"
289,10:29,3,3,삼성,7,"22,40,41,49,53,100,102"
289,10:29,4,4,여의도,24,"2,7,10,12,14,26,39,44,47,50,51,52,54,55,61,63,64,68,76,92,93,94,106,108"
289,10:29,5,5,김포공항,6,"20,67,70,71,72,77"
289,10:29,6,6,일산,9,"79,81,88,97,98,99,101,107,109"
289,10:29,7,7,판교,10,"8,25,27,56,57,60,62,86,104,105"
289,10:29,8,8,동탄/용인,1,111
289,10:29,9,9,평택,2,"87,112"
290,10:30,1,1,서울역,11,"19,23,28,33,36,42,75,83,84,85,113"
290,10:30,10,10,인천공항,5,"9,21,69,95,103"
290,10:30,2,2,수서,4,"16,30,32,34"
290,10:30,3,3,삼성,10,"22,40,41,49,53,100,102,114,115,117"
290,10:30,4,4,여의도,23,"2,10,12,14,26,39,47,48,50,51,52,54,55,61,63,64,68,76,92,93,94,106,108"
290,10:30,5,5,김포공항,6,"20,67,70,71,72,77"
290,10:30,6,6,일산,7,"79,81,88,97,98,99,101"
290,10:30,7,7,판교,10,"8,25,27,56,57,60,62,86,104,105"
290,10:30,8,8,동탄/용인,1,111
290,10:30,9,9,평택,3,"87,112,116"
291,10:31,1,1,서울역,12,"19,23,28,33,36,42,45,75,83,84,85,113"
291,10:31,10,10,인천공항,5,"9,21,69,95,103"
291,10:31,2,2,수서,4,"16,30,32,34"
291,10:31,3,3,삼성,10,"22,40,41,49,53,100,102,114,115,117"
291,10:31,4,4,여의도,22,"2,10,12,14,26,47,48,50,51,52,54,55,61,63,64,68,76,92,93,94,106,108"
291,10:31,5,5,김포공항,6,"6,20,70,71,72,77"
291,10:31,6,6,일산,8,"79,81,88,97,98,99,101,118"
291,10:31,7,7,판교,11,"8,25,27,35,56,57,60,62,86,104,105"
291,10:31,8,8,동탄/용인,1,111
291,10:31,9,9,평택,3,"87,112,116"
292,10:32,1,1,서울역,14,"19,23,28,33,36,42,45,65,75,83,84,85,89,113"
292,10:32,10,10,인천공항,4,"21,69,95,103"
292,10:32,2,2,수서,4,"16,30,32,34"
292,10:32,3,3,삼성,8,"11,40,49,53,102,114,115,117"
292,10:32,4,4,여의도,21,"10,12,14,26,47,48,50,51,52,54,55,61,63,64,68,76,92,93,94,106,108"
292,10:32,5,5,김포공항,6,"6,15,20,70,72,77"
292,10:32,6,6,일산,8,"79,81,88,97,99,101,118,119"
292,10:32,7,7,판교,11,"8,25,27,35,56,57,60,62,86,104,105"
292,10:32,8,8,동탄/용인,1,111
292,10:32,9,9,평택,3,"87,112,116"
293,10:33,1,1,서울역,14,"19,23,28,33,36,42,45,65,75,83,84,85,89,113"
293,10:33,10,10,인천공항,4,"21,69,95,103"
293,10:33,2,2,수서,5,"16,30,32,34,37"
293,10:33,3,3,삼성,8,"11,40,49,53,102,114,115,117"
293,10:33,4,4,여의도,21,"3,10,12,26,50,51,52,54,55,61,63,64,68,76,78,92,93,94,106,108,110"
293,10:33,5,5,김포공항,7,"6,15,17,20,72,77,80"
293,10:33,6,6,일산,7,"66,81,88,99,101,118,119"
293,10:33,7,7,판교,11,"8,25,27,35,56,57,60,62,86,104,105"
293,10:33,8,8,동탄/용인,1,111
293,10:33,9,9,평택,3,"87,112,116"
294,10:34,1,1,서울역,15,"4,19,23,28,33,36,42,45,65,75,83,84,85,89,113"
294,10:34,10,10,인천공항,4,"21,69,95,103"
294,10:34,2,2,수서,6,"16,30,32,34,37,38"
294,10:34,3,3,삼성,8,"11,40,53,58,102,114,115,117"
294,10:34,4,4,여의도,21,"3,10,12,26,51,52,54,55,61,63,64,68,76,78,90,92,93,94,106,108,110"
294,10:34,5,5,김포공항,6,"15,17,20,72,77,80"
294,10:34,6,6,일산,7,"66,81,88,99,101,118,119"
294,10:34,7,7,판교,12,"8,25,27,35,46,56,57,60,62,86,104,105"
294,10:34,8,8,동탄/용인,1,111
294,10:34,9,9,평택,3,"87,112,116"
295,10:35,1,1,서울역,15,"4,19,23,28,33,36,42,45,65,75,83,84,85,89,113"
295,10:35,10,10,인천공항,3,"21,69,95"
295,10:35,2,2,수서,6,"16,30,32,34,37,38"
295,10:35,3,3,삼성,7,"11,40,53,58,114,115,117"
295,10:35,4,4,여의도,21,"1,3,10,12,26,51,52,54,55,61,63,64,76,78,90,92,93,94,106,108,110"
295,10:35,5,5,김포공항,7,"15,17,20,72,77,80,96"
295,10:35,6,6,일산,6,"66,81,88,99,118,119"
295,10:35,7,7,판교,12,"8,25,27,35,46,56,57,60,62,86,104,105"
295,10:35,8,8,동탄/용인,1,111
295,10:35,9,9,평택,2,"112,116"
296,10:36,1,1,서울역,16,"4,5,23,24,33,36,42,43,45,65,75,83,84,85,89,113"
296,10:36,10,10,인천공항,3,"21,69,95"
296,10:36,2,2,수서,6,"16,30,32,34,37,38"
296,10:36,3,3,삼성,6,"11,40,53,58,114,117"
296,10:36,4,4,여의도,20,"1,3,10,12,51,52,54,55,61,63,64,76,78,90,92,93,94,106,108,110"
296,10:36,5,5,김포공항,7,"15,17,20,72,77,80,96"
296,10:36,6,6,일산,6,"29,81,88,99,118,119"
296,10:36,7,7,판교,11,"8,25,27,35,46,56,57,62,86,104,105"
296,10:36,8,8,동탄/용인,1,111
296,10:36,9,9,평택,2,"91,116"
297,10:37,1,1,서울역,15,"4,5,23,24,36,42,43,45,65,75,83,84,85,89,113"
297,10:37,10,10,인천공항,3,"21,69,95"
297,10:37,2,2,수서,7,"16,30,32,34,37,38,39"
297,10:37,3,3,삼성,6,"11,40,44,58,59,114"
297,10:37,4,4,여의도,19,"1,3,10,12,52,54,55,61,63,64,76,78,90,92,93,94,106,108,110"
297,10:37,5,5,김포공항,8,"15,17,20,31,72,77,80,96"
297,10:37,6,6,일산,6,"29,81,88,99,118,119"
297,10:37,7,7,판교,12,"7,25,27,35,46,56,57,62,82,86,104,105"
297,10:37,8,8,동탄/용인,1,111
297,10:37,9,9,평택,2,"91,116"
298,10:38,1,1,서울역,16,"4,5,23,24,36,41,42,43,45,65,75,83,84,85,89,113"
298,10:38,10,10,인천공항,3,"21,69,95"
298,10:38,2,2,수서,7,"16,30,32,34,37,38,39"
298,10:38,3,3,삼성,6,"11,40,44,58,59,114"
298,10:38,4,4,여의도,18,"1,3,10,12,52,54,55,61,63,64,78,90,92,93,94,106,108,110"
298,10:38,5,5,김포공항,9,"2,15,17,20,31,72,77,80,96"
298,10:38,6,6,일산,6,"29,81,88,99,118,119"
298,10:38,7,7,판교,11,"7,25,27,35,46,56,57,82,86,104,105"
298,10:38,8,8,동탄/용인,1,111
298,10:38,9,9,평택,2,"91,116"
299,10:39,1,1,서울역,16,"4,5,23,24,36,41,42,43,45,65,75,83,84,85,89,113"
299,10:39,10,10,인천공항,3,"21,69,95"
299,10:39,2,2,수서,4,"32,34,38,39"
299,10:39,3,3,삼성,6,"11,40,44,58,59,114"
299,10:39,4,4,여의도,17,"1,3,10,12,54,55,61,63,64,78,90,92,93,94,106,108,110"
299,10:39,5,5,김포공항,8,"2,17,20,31,72,77,80,96"
299,10:39,6,6,일산,5,"29,81,88,118,119"
299,10:39,7,7,판교,12,"0,7,25,27,35,46,56,57,82,86,104,105"
299,10:39,8,8,동탄/용인,1,111
299,10:39,9,9,평택,2,"91,116"
300,10:40,1,1,서울역,14,"4,5,23,24,36,41,42,49,65,75,83,84,89,113"
300,10:40,10,10,인천공항,3,"21,69,95"
300,10:40,2,2,수서,6,"32,34,38,39,50,71"
300,10:40,3,3,삼성,6,"11,40,44,58,59,114"
300,10:40,4,4,여의도,16,"1,3,10,12,54,55,61,63,64,78,90,92,93,94,106,110"
300,10:40,5,5,김포공항,9,"2,17,22,31,72,77,80,96,100"
300,10:40,6,6,일산,4,"29,88,118,119"
300,10:40,7,7,판교,9,"0,7,27,35,46,47,56,57,105"
300,10:40,9,9,평택,1,91
301,10:41,1,1,서울역,13,"4,5,23,24,36,41,42,49,65,83,84,89,113"
301,10:41,10,10,인천공항,4,"18,21,69,95"
301,10:41,2,2,수서,6,"32,34,38,39,50,71"
301,10:41,3,3,삼성,7,"11,40,44,58,59,70,114"
301,10:41,4,4,여의도,16,"1,3,10,12,54,55,61,63,64,78,90,92,93,94,106,110"
301,10:41,5,5,김포공항,7,"17,22,31,72,77,96,100"
301,10:41,6,6,일산,4,"29,88,118,119"
301,10:41,7,7,판교,10,"0,7,27,35,46,47,56,57,67,105"
301,10:41,9,9,평택,1,91
302,10:42,1,1,서울역,13,"4,5,6,23,24,41,42,49,65,83,84,89,113"
302,10:42,10,10,인천공항,4,"18,21,69,95"
302,10:42,2,2,수서,6,"32,34,38,39,50,71"
302,10:42,3,3,삼성,8,"11,40,44,58,59,68,70,114"
302,10:42,4,4,여의도,15,"1,3,10,54,55,61,63,64,78,90,92,93,94,106,110"
302,10:42,5,5,김포공항,7,"17,22,31,72,77,96,100"
302,10:42,6,6,일산,3,"88,118,119"
302,10:42,7,7,판교,11,"0,7,35,46,47,56,57,67,105,107,109"
302,10:42,9,9,평택,2,"74,91"
303,10:43,1,1,서울역,11,"4,5,6,23,24,41,42,53,83,84,113"
303,10:43,10,10,인천공항,5,"13,18,21,69,95"
303,10:43,2,2,수서,8,"32,34,38,39,50,51,71,98"
303,10:43,3,3,삼성,9,"11,40,44,58,59,68,70,97,114"
303,10:43,4,4,여의도,15,"1,3,10,54,55,60,61,64,78,90,92,93,94,106,110"
303,10:43,5,5,김포공항,7,"22,31,72,77,96,100,102"
303,10:43,6,6,일산,3,"88,118,119"
303,10:43,7,7,판교,11,"0,7,35,46,47,56,57,67,105,107,109"
303,10:43,9,9,평택,2,"74,91"
304,10:44,1,1,서울역,12,"4,5,6,8,23,24,41,42,53,83,84,113"
304,10:44,10,10,인천공항,5,"13,18,21,69,95"
304,10:44,2,2,수서,8,"32,34,38,39,50,51,71,98"
304,10:44,3,3,삼성,9,"40,44,58,59,68,70,73,97,114"
304,10:44,4,4,여의도,13,"1,3,54,55,60,64,78,90,92,93,94,106,110"
304,10:44,5,5,김포공항,8,"22,31,72,77,96,100,102,115"
304,10:44,6,6,일산,3,"88,118,119"
304,10:44,7,7,판교,11,"0,7,35,46,47,56,57,67,105,107,109"
304,10:44,9,9,평택,2,"74,91"
305,10:45,1,1,서울역,10,"5,6,8,23,24,42,53,83,84,113"
305,10:45,10,10,인천공항,5,"13,18,21,69,95"
305,10:45,2,2,수서,9,"32,34,38,39,50,51,52,71,98"
305,10:45,3,3,삼성,10,"40,44,58,59,68,70,73,76,97,114"
305,10:45,4,4,여의도,16,"1,3,16,54,55,60,62,64,75,78,90,92,93,94,106,110"
305,10:45,5,5,김포공항,8,"22,72,77,96,100,102,115,117"
305,10:45,6,6,일산,3,"88,118,119"
305,10:45,7,7,판교,10,"0,35,46,47,56,57,67,79,105,109"
305,10:45,9,9,평택,2,"74,91"
306,10:46,1,1,서울역,8,"5,6,8,23,30,42,84,113"
306,10:46,10,10,인천공항,4,"13,18,69,95"
306,10:46,2,2,수서,8,"32,34,38,39,51,52,71,101"
306,10:46,3,3,삼성,10,"40,44,58,59,68,70,73,76,97,114"
306,10:46,4,4,여의도,16,"1,3,16,54,55,60,62,64,75,78,90,92,93,94,106,110"
306,10:46,5,5,김포공항,6,"77,96,100,102,115,117"
306,10:46,6,6,일산,3,"88,118,119"
306,10:46,7,7,판교,10,"0,35,46,47,56,57,67,79,105,109"
306,10:46,8,8,동탄/용인,1,116
306,10:46,9,9,평택,1,74
307,10:47,1,1,서울역,9,"5,6,8,23,25,30,42,84,113"
307,10:47,10,10,인천공항,4,"13,18,69,95"
307,10:47,2,2,수서,8,"15,34,38,39,51,52,71,101"
307,10:47,3,3,삼성,10,"9,44,58,59,68,70,73,76,97,114"
307,10:47,4,4,여의도,16,"1,3,16,54,55,60,62,64,75,78,90,92,93,94,106,110"
307,10:47,5,5,김포공항,6,"37,96,100,102,115,117"
307,10:47,6,6,일산,4,"45,85,88,119"
307,10:47,7,7,판교,9,"0,46,47,56,57,67,79,105,109"
307,10:47,8,8,동탄/용인,4,"82,86,104,116"
307,10:47,9,9,평택,1,74
308,10:48,1,1,서울역,9,"5,6,8,23,25,30,42,84,113"
308,10:48,10,10,인천공항,4,"13,18,69,95"
308,10:48,2,2,수서,8,"15,34,38,39,51,52,71,101"
308,10:48,3,3,삼성,9,"9,44,58,59,68,73,76,97,114"
308,10:48,4,4,여의도,15,"1,3,16,54,55,60,62,64,78,90,92,93,94,106,110"
308,10:48,5,5,김포공항,6,"37,43,96,102,115,117"
308,10:48,6,6,일산,4,"45,85,88,119"
308,10:48,7,7,판교,10,"0,46,47,56,57,66,67,79,105,109"
308,10:48,8,8,동탄/용인,4,"82,86,104,116"
308,10:48,9,9,평택,2,"14,48"
309,10:49,1,1,서울역,10,"2,5,6,8,23,25,27,30,42,84"
309,10:49,10,10,인천공항,5,"13,18,19,69,95"
309,10:49,2,2,수서,8,"15,34,38,39,51,52,71,80"
309,10:49,3,3,삼성,11,"9,12,44,58,59,68,73,76,97,98,114"
309,10:49,4,4,여의도,14,"1,3,16,54,55,62,64,78,90,92,93,94,106,110"
309,10:49,5,5,김포공항,5,"37,43,102,115,117"
309,10:49,6,6,일산,4,"45,85,88,119"
309,10:49,7,7,판교,10,"0,46,47,56,57,66,67,79,105,109"
309,10:49,8,8,동탄/용인,3,"82,86,104"
309,10:49,9,9,평택,2,"14,48"
310,10:50,1,1,서울역,9,"2,5,6,8,23,27,30,42,84"
310,10:50,10,10,인천공항,6,"13,18,19,69,95,99"
310,10:50,2,2,수서,8,"10,15,34,39,51,52,71,80"
310,10:50,3,3,삼성,12,"9,12,44,58,59,68,76,97,98,103,111,114"
310,10:50,4,4,여의도,13,"1,16,24,54,55,62,78,87,92,93,94,106,110"
310,10:50,5,5,김포공항,5,"37,43,102,115,117"
310,10:50,6,6,일산,4,"49,88,89,119"
310,10:50,7,7,판교,11,"0,20,47,56,57,63,66,67,79,105,109"
310,10:50,9,9,평택,2,"14,48"
311,10:51,1,1,서울역,10,"2,5,6,8,17,23,27,30,42,84"
311,10:51,10,10,인천공항,6,"13,18,19,69,95,99"
311,10:51,2,2,수서,7,"10,15,39,51,52,71,80"
311,10:51,3,3,삼성,12,"9,12,44,58,59,61,68,97,98,103,111,114"
311,10:51,4,4,여의도,11,"1,16,24,54,55,87,93,94,106,110,112"
311,10:51,5,5,김포공항,5,"37,65,102,115,117"
311,10:51,6,6,일산,4,"49,88,89,119"
311,10:51,7,7,판교,11,"0,20,47,56,57,63,66,67,79,105,109"
311,10:51,8,8,동탄/용인,1,108
311,10:51,9,9,평택,3,"14,26,48"
312,10:52,1,1,서울역,9,"5,6,7,8,17,23,27,30,42"
312,10:52,10,10,인천공항,5,"13,19,69,95,99"
312,10:52,2,2,수서,6,"10,15,51,52,71,80"
312,10:52,3,3,삼성,12,"9,12,44,58,59,61,68,97,101,103,111,114"
312,10:52,4,4,여의도,12,"1,16,24,54,55,87,93,94,106,107,110,112"
312,10:52,5,5,김포공항,6,"11,37,65,102,115,117"
312,10:52,6,6,일산,4,"49,88,89,119"
312,10:52,7,7,판교,13,"0,4,20,47,56,57,63,66,67,79,81,105,109"
312,10:52,8,8,동탄/용인,1,108
312,10:52,9,9,평택,4,"14,26,28,48"
313,10:53,1,1,서울역,9,"6,7,8,17,23,27,30,31,42"
313,10:53,10,10,인천공항,5,"13,19,69,95,99"
313,10:53,2,2,수서,5,"10,15,52,71,80"
313,10:53,3,3,삼성,12,"9,12,44,58,59,61,68,97,101,103,111,114"
313,10:53,4,4,여의도,13,"1,16,32,54,55,87,93,94,106,107,110,112,113"
313,10:53,5,5,김포공항,5,"11,65,102,115,117"
313,10:53,6,6,일산,4,"53,83,88,119"
313,10:53,7,7,판교,13,"0,4,20,47,56,57,63,66,67,79,81,105,109"
313,10:53,8,8,동탄/용인,1,108
313,10:53,9,9,평택,5,"14,26,28,33,48"
314,10:54,1,1,서울역,11,"6,7,8,22,23,27,30,31,35,42,118"
314,10:54,10,10,인천공항,5,"13,19,69,95,99"
314,10:54,2,2,수서,5,"10,15,52,71,80"
314,10:54,3,3,삼성,12,"12,44,58,59,61,68,72,97,101,103,111,114"
314,10:54,4,4,여의도,15,"1,16,25,32,40,54,55,87,93,94,106,107,110,112,113"
314,10:54,5,5,김포공항,5,"11,50,102,115,117"
314,10:54,6,6,일산,4,"53,83,88,119"
314,10:54,7,7,판교,13,"0,4,20,29,47,56,57,63,66,79,81,105,109"
314,10:54,8,8,동탄/용인,1,108
314,10:54,9,9,평택,4,"14,26,28,33"
315,10:55,1,1,서울역,11,"6,7,8,22,23,27,30,31,35,42,118"
315,10:55,10,10,인천공항,4,"13,69,95,99"
315,10:55,2,2,수서,5,"10,15,60,71,80"
315,10:55,3,3,삼성,10,"44,58,59,61,68,72,77,97,103,111"
315,10:55,4,4,여의도,14,"1,16,25,32,40,54,55,87,93,94,106,110,112,113"
315,10:55,5,5,김포공항,5,"11,50,102,115,117"
315,10:55,6,6,일산,4,"53,83,88,119"
315,10:55,7,7,판교,13,"0,4,20,29,47,56,57,63,66,79,81,105,109"
315,10:55,8,8,동탄/용인,1,108
315,10:55,9,9,평택,4,"14,26,28,33"
316,10:56,1,1,서울역,11,"6,7,8,22,23,27,30,31,35,42,118"
316,10:56,10,10,인천공항,4,"13,69,95,99"
316,10:56,2,2,수서,7,"10,15,60,64,71,80,100"
316,10:56,3,3,삼성,8,"58,59,61,68,72,77,97,103"
316,10:56,4,4,여의도,12,"1,16,25,32,40,54,55,93,94,106,110,112"
316,10:56,5,5,김포공항,6,"11,50,70,102,115,117"
316,10:56,6,6,일산,2,"88,119"
316,10:56,7,7,판교,13,"0,4,20,29,47,56,57,63,66,79,81,105,109"
316,10:56,8,8,동탄/용인,1,108
316,10:56,9,9,평택,4,"14,26,28,33"
317,10:57,1,1,서울역,11,"7,8,22,23,27,30,31,35,38,42,118"
317,10:57,10,10,인천공항,4,"13,69,95,99"
317,10:57,2,2,수서,9,"10,15,60,62,64,71,78,80,100"
317,10:57,3,3,삼성,10,"58,59,61,68,72,77,90,96,97,103"
317,10:57,4,4,여의도,12,"16,32,34,40,46,54,55,93,94,106,110,112"
317,10:57,5,5,김포공항,6,"11,50,70,102,115,117"
317,10:57,6,6,일산,2,"88,119"
317,10:57,7,7,판교,14,"0,3,4,20,29,47,56,57,63,66,79,81,105,109"
317,10:57,9,9,평택,3,"14,28,33"
318,10:58,1,1,서울역,11,"7,8,22,23,27,30,31,35,38,42,118"
318,10:58,10,10,인천공항,4,"13,69,95,99"
318,10:58,2,2,수서,9,"10,15,60,62,64,71,78,80,100"
318,10:58,3,3,삼성,10,"58,59,61,68,72,77,90,96,97,103"
318,10:58,4,4,여의도,13,"16,17,21,32,34,40,46,54,55,94,106,110,112"
318,10:58,5,5,김포공항,6,"11,50,70,73,115,117"
318,10:58,6,6,일산,2,"88,119"
318,10:58,7,7,판교,15,"0,3,4,20,29,47,56,57,63,66,79,81,92,105,109"
318,10:58,9,9,평택,4,"14,28,33,36"
319,10:59,1,1,서울역,12,"7,8,22,23,27,30,31,35,38,39,42,118"
319,10:59,10,10,인천공항,3,"13,95,99"
319,10:59,2,2,수서,9,"10,15,60,62,64,71,78,80,100"
319,10:59,3,3,삼성,11,"58,59,61,68,72,77,90,96,97,103,116"
319,10:59,4,4,여의도,12,"16,17,21,32,34,40,46,54,55,106,110,112"
319,10:59,5,5,김포공항,7,"11,50,70,73,76,115,117"
319,10:59,6,6,일산,4,"2,84,88,119"
319,10:59,7,7,판교,15,"0,3,4,20,29,47,56,57,63,66,79,81,92,105,109"
319,10:59,9,9,평택,4,"14,28,33,36"
320,11:00,1,1,서울역,10,"7,9,22,23,27,30,31,35,39,42"
320,11:00,10,10,인천공항,3,"13,95,99"
320,11:00,2,2,수서,8,"10,15,60,62,64,71,78,80"
320,11:00,3,3,삼성,11,"58,59,61,68,72,77,82,90,96,103,116"
320,11:00,4,4,여의도,9,"17,21,34,46,54,55,106,110,112"
320,11:00,5,5,김포공항,6,"50,70,73,76,115,117"
320,11:00,6,6,일산,4,"2,84,88,119"
320,11:00,7,7,판교,14,"0,3,4,20,47,56,57,63,66,79,81,92,105,109"
320,11:00,9,9,평택,4,"14,28,33,36"
321,11:01,1,1,서울역,11,"7,9,12,22,23,30,31,35,37,39,42"
321,11:01,10,10,인천공항,4,"13,43,95,99"
321,11:01,2,2,수서,8,"10,15,45,60,62,64,78,80"
321,11:01,3,3,삼성,10,"58,59,61,68,72,82,90,96,103,116"
321,11:01,4,4,여의도,10,"21,34,46,54,55,86,91,106,110,112"
321,11:01,5,5,김포공항,7,"50,51,70,73,76,115,117"
321,11:01,6,6,일산,4,"2,84,88,119"
321,11:01,7,7,판교,14,"0,3,4,20,47,56,57,63,66,79,81,92,105,109"
321,11:01,9,9,평택,5,"14,28,33,36,41"
322,11:02,1,1,서울역,11,"7,9,12,22,30,31,35,37,42,44,104"
322,11:02,10,10,인천공항,4,"13,43,95,99"
322,11:02,2,2,수서,9,"10,15,45,60,62,64,78,80,87"
322,11:02,3,3,삼성,8,"59,68,72,82,90,96,103,116"
322,11:02,4,4,여의도,10,"21,34,46,54,55,86,91,106,110,112"
322,11:02,5,5,김포공항,6,"50,51,73,76,115,117"
322,11:02,6,6,일산,2,"88,119"
322,11:02,7,7,판교,16,"0,3,4,20,47,56,57,63,66,79,81,85,92,105,107,109"
322,11:02,9,9,평택,5,"14,28,33,36,41"
323,11:03,1,1,서울역,11,"7,9,12,22,30,31,35,37,42,44,104"
323,11:03,10,10,인천공항,2,"13,43"
323,11:03,2,2,수서,9,"10,15,45,60,62,64,78,80,87"
323,11:03,3,3,삼성,8,"59,68,72,82,90,96,103,116"
323,11:03,4,4,여의도,10,"21,46,54,55,74,86,91,106,110,112"
323,11:03,5,5,김포공항,7,"50,51,52,73,76,114,115"
323,11:03,6,6,일산,2,"18,119"
323,11:03,7,7,판교,15,"0,4,20,47,56,57,63,66,79,81,85,92,105,107,109"
323,11:03,9,9,평택,6,"14,28,33,36,41,75"
324,11:04,1,1,서울역,10,"7,9,12,22,30,31,35,42,44,104"
324,11:04,10,10,인천공항,3,"13,43,65"
324,11:04,2,2,수서,11,"10,15,45,49,60,62,64,78,80,87,93"
324,11:04,3,3,삼성,7,"59,68,72,82,96,103,116"
324,11:04,4,4,여의도,11,"21,38,46,54,55,74,86,91,106,110,112"
324,11:04,5,5,김포공항,7,"51,52,67,76,111,114,115"
324,11:04,6,6,일산,2,"18,119"
324,11:04,7,7,판교,16,"0,1,4,20,47,56,57,63,66,79,81,85,92,105,107,109"
324,11:04,9,9,평택,6,"14,28,33,36,41,75"
325,11:05,1,1,서울역,9,"7,9,12,22,30,31,35,42,104"
325,11:05,10,10,인천공항,4,"13,24,43,65"
325,11:05,2,2,수서,10,"15,45,49,60,62,64,78,80,93,94"
325,11:05,3,3,삼성,6,"68,72,82,96,103,116"
325,11:05,4,4,여의도,11,"21,38,46,54,55,74,86,91,106,110,112"
325,11:05,5,5,김포공항,7,"51,52,67,76,111,114,115"
325,11:05,6,6,일산,2,"18,119"
325,11:05,7,7,판교,16,"0,1,20,47,56,57,63,66,79,81,85,89,92,105,107,109"
325,11:05,9,9,평택,4,"28,36,41,75"
326,11:06,1,1,서울역,8,"7,9,12,30,31,35,42,104"
326,11:06,10,10,인천공항,5,"5,13,24,43,65"
326,11:06,2,2,수서,10,"15,16,45,49,60,62,64,78,93,94"
326,11:06,3,3,삼성,5,"68,82,96,102,116"
326,11:06,4,4,여의도,11,"38,39,46,54,55,74,86,91,106,110,112"
326,11:06,5,5,김포공항,8,"32,51,52,67,76,111,114,115"
326,11:06,6,6,일산,2,"18,119"
326,11:06,7,7,판교,16,"0,1,20,47,56,57,63,66,79,81,85,89,92,105,107,109"
326,11:06,9,9,평택,4,"28,36,41,75"
327,11:07,1,1,서울역,7,"7,9,12,30,35,42,104"
327,11:07,10,10,인천공항,5,"5,13,24,53,65"
327,11:07,2,2,수서,11,"15,16,45,49,60,62,64,78,83,93,94"
327,11:07,3,3,삼성,6,"40,68,82,96,102,116"
327,11:07,4,4,여의도,13,"19,29,39,46,54,55,74,86,91,97,106,110,112"
327,11:07,5,5,김포공항,7,"32,52,67,76,111,114,115"
327,11:07,6,6,일산,3,"18,118,119"
327,11:07,7,7,판교,16,"0,1,20,47,56,57,63,66,79,81,85,89,92,105,107,109"
327,11:07,9,9,평택,4,"36,41,75,98"
328,11:08,1,1,서울역,8,"7,9,12,30,35,42,58,104"
328,11:08,10,10,인천공항,4,"5,24,53,65"
328,11:08,2,2,수서,10,"11,15,16,45,49,60,62,64,83,94"
328,11:08,3,3,삼성,6,"40,68,82,96,102,116"
328,11:08,4,4,여의도,15,"19,29,37,39,46,54,55,74,86,91,97,106,108,110,112"
328,11:08,5,5,김포공항,8,"32,52,67,76,100,111,114,115"
328,11:08,6,6,일산,2,"18,118"
328,11:08,7,7,판교,14,"0,1,47,56,57,63,66,79,81,85,89,92,105,109"
328,11:08,9,9,평택,4,"36,41,75,98"
329,11:09,1,1,서울역,8,"7,9,12,30,35,42,58,104"
329,11:09,10,10,인천공항,5,"5,24,25,53,65"
329,11:09,2,2,수서,11,"11,15,16,34,45,49,60,62,64,83,94"
329,11:09,3,3,삼성,6,"40,68,80,82,96,102"
329,11:09,4,4,여의도,13,"19,29,37,46,54,55,86,91,97,106,108,110,112"
329,11:09,5,5,김포공항,7,"67,71,76,100,111,114,115"
329,11:09,6,6,일산,1,118
329,11:09,7,7,판교,13,"0,1,56,57,63,66,79,81,85,89,92,105,109"
329,11:09,9,9,평택,4,"36,41,75,98"
330,11:10,1,1,서울역,10,"7,9,12,35,42,48,58,70,88,104"
330,11:10,10,10,인천공항,5,"5,6,24,25,53"
330,11:10,2,2,수서,10,"11,15,16,34,45,49,60,62,64,94"
330,11:10,3,3,삼성,6,"40,68,80,82,96,102"
330,11:10,4,4,여의도,12,"3,19,29,37,54,55,86,97,106,108,110,112"
330,11:10,5,5,김포공항,8,"61,67,71,76,100,111,114,115"
330,11:10,7,7,판교,12,"0,1,57,63,66,79,81,85,89,92,105,109"
330,11:10,9,9,평택,5,"36,41,75,98,101"
331,11:11,1,1,서울역,9,"7,9,12,42,48,59,70,88,104"
331,11:11,10,10,인천공항,4,"5,6,25,53"
331,11:11,2,2,수서,10,"11,15,16,34,45,49,60,62,64,94"
331,11:11,3,3,삼성,5,"40,80,82,96,102"
331,11:11,4,4,여의도,13,"3,19,29,31,54,55,69,86,97,106,108,110,112"
331,11:11,5,5,김포공항,7,"61,67,71,76,111,114,115"
331,11:11,6,6,일산,1,77
331,11:11,7,7,판교,11,"1,57,63,66,79,81,85,89,92,105,109"
331,11:11,9,9,평택,6,"36,41,75,98,101,113"
332,11:12,1,1,서울역,9,"7,9,12,42,48,59,70,88,104"
332,11:12,10,10,인천공항,3,"6,25,53"
332,11:12,2,2,수서,11,"11,15,16,21,34,45,49,60,62,64,94"
332,11:12,3,3,삼성,5,"40,50,82,96,102"
332,11:12,4,4,여의도,14,"3,4,19,26,29,31,55,69,86,97,106,108,110,112"
332,11:12,5,5,김포공항,8,"61,67,71,76,90,111,114,115"
332,11:12,6,6,일산,2,"44,77"
332,11:12,7,7,판교,11,"1,57,63,66,79,81,85,89,92,105,109"
332,11:12,9,9,평택,6,"36,41,75,98,101,113"
333,11:13,1,1,서울역,8,"7,9,12,42,59,70,88,104"
333,11:13,10,10,인천공항,4,"6,8,25,53"
333,11:13,2,2,수서,12,"11,15,16,21,34,45,49,60,62,64,84,94"
333,11:13,3,3,삼성,6,"40,50,82,83,96,102"
333,11:13,4,4,여의도,12,"3,4,19,26,31,69,72,97,106,108,110,112"
333,11:13,5,5,김포공항,9,"10,61,67,71,76,90,111,114,115"
333,11:13,6,6,일산,2,"44,77"
333,11:13,7,7,판교,12,"1,57,63,66,79,81,85,89,92,105,109,117"
333,11:13,9,9,평택,5,"36,41,75,101,113"
334,11:14,1,1,서울역,8,"7,9,12,42,59,70,88,104"
334,11:14,10,10,인천공항,4,"6,8,25,53"
334,11:14,2,2,수서,12,"11,15,16,21,34,45,49,60,62,64,84,94"
334,11:14,3,3,삼성,6,"40,50,82,83,96,102"
334,11:14,4,4,여의도,11,"3,4,19,26,69,72,97,106,108,110,112"
334,11:14,5,5,김포공항,9,"10,61,67,71,76,90,111,114,115"
334,11:14,6,6,일산,2,"44,77"
334,11:14,7,7,판교,13,"1,2,57,63,73,79,81,85,89,92,105,109,117"
334,11:14,9,9,평택,5,"36,41,75,101,113"
335,11:15,1,1,서울역,10,"7,9,12,20,42,59,70,88,104,119"
335,11:15,10,10,인천공항,4,"6,8,23,53"
335,11:15,2,2,수서,11,"11,15,16,21,34,45,60,62,64,84,94"
335,11:15,3,3,삼성,6,"40,50,51,82,83,102"
335,11:15,4,4,여의도,12,"3,4,19,26,35,69,72,97,106,108,110,112"
335,11:15,5,5,김포공항,9,"10,61,67,71,76,90,111,114,115"
335,11:15,6,6,일산,1,77
335,11:15,7,7,판교,13,"1,2,57,63,73,79,81,85,89,92,105,109,117"
335,11:15,8,8,동탄/용인,1,87
335,11:15,9,9,평택,5,"36,41,75,101,113"
336,11:16,1,1,서울역,10,"7,9,12,20,42,59,70,88,104,119"
336,11:16,10,10,인천공항,4,"6,8,23,53"
336,11:16,2,2,수서,12,"11,15,16,21,34,45,46,60,62,64,84,94"
336,11:16,3,3,삼성,6,"40,50,51,74,82,102"
336,11:16,4,4,여의도,12,"4,19,26,35,47,69,72,97,106,108,110,112"
336,11:16,5,5,김포공항,8,"10,67,71,76,90,111,114,115"
336,11:16,6,6,일산,1,77
336,11:16,7,7,판교,12,"1,2,57,63,73,81,85,89,92,105,109,117"
336,11:16,8,8,동탄/용인,1,87
336,11:16,9,9,평택,5,"17,36,41,75,113"
337,11:17,1,1,서울역,11,"7,9,12,20,42,59,68,70,88,104,119"
337,11:17,10,10,인천공항,4,"6,8,23,53"
337,11:17,2,2,수서,12,"11,15,16,21,34,45,46,52,62,64,84,94"
337,11:17,3,3,삼성,6,"40,50,51,74,82,102"
337,11:17,4,4,여의도,14,"4,19,26,35,47,48,56,69,72,97,106,108,110,112"
337,11:17,5,5,김포공항,8,"10,67,71,76,90,111,114,115"
337,11:17,6,6,일산,1,77
337,11:17,7,7,판교,13,"1,2,57,63,73,81,85,89,91,92,105,109,117"
337,11:17,8,8,동탄/용인,1,87
337,11:17,9,9,평택,6,"17,27,36,41,75,113"
338,11:18,1,1,서울역,11,"7,9,12,20,42,59,68,70,88,104,119"
338,11:18,10,10,인천공항,3,"6,8,23"
338,11:18,2,2,수서,13,"11,15,16,21,34,45,46,52,54,62,64,84,94"
338,11:18,3,3,삼성,7,"40,50,51,74,82,95,102"
338,11:18,4,4,여의도,14,"0,4,19,26,47,48,56,69,72,97,106,108,110,112"
338,11:18,5,5,김포공항,8,"10,67,71,76,90,111,114,115"
338,11:18,6,6,일산,2,"58,77"
338,11:18,7,7,판교,13,"1,2,57,63,73,81,85,89,91,92,105,109,117"
338,11:18,8,8,동탄/용인,2,"87,93"
338,11:18,9,9,평택,6,"17,27,36,41,75,113"
339,11:19,1,1,서울역,10,"7,9,20,42,59,68,70,88,104,119"
339,11:19,10,10,인천공항,2,"6,23"
339,11:19,2,2,수서,14,"11,15,16,21,34,45,46,52,54,55,62,64,84,94"
339,11:19,3,3,삼성,6,"50,51,74,82,95,102"
339,11:19,4,4,여의도,13,"0,4,19,26,47,48,56,72,97,106,108,110,112"
339,11:19,5,5,김포공항,8,"10,67,71,76,90,111,114,115"
339,11:19,6,6,일산,2,"58,77"
339,11:19,7,7,판교,13,"1,2,32,57,63,73,85,89,91,92,105,109,117"
339,11:19,8,8,동탄/용인,2,"87,93"
339,11:19,9,9,평택,5,"17,27,36,41,75"
340,11:20,1,1,서울역,8,"7,9,20,59,68,70,88,104"
340,11:20,10,10,인천공항,2,"6,23"
340,11:20,2,2,수서,13,"11,16,21,34,45,46,52,54,55,62,64,84,94"
340,11:20,3,3,삼성,8,"33,50,51,74,82,86,95,102"
340,11:20,4,4,여의도,14,"0,13,14,19,26,47,48,56,72,97,106,108,110,112"
340,11:20,5,5,김포공항,7,"10,71,76,90,111,114,115"
340,11:20,6,6,일산,3,"58,77,107"
340,11:20,7,7,판교,13,"1,2,32,57,63,73,85,89,91,92,105,109,117"
340,11:20,8,8,동탄/용인,2,"87,93"
340,11:20,9,9,평택,5,"17,27,36,41,75"
341,11:21,1,1,서울역,8,"7,9,20,59,68,70,88,104"
341,11:21,10,10,인천공항,2,"6,103"
341,11:21,2,2,수서,13,"11,16,21,34,45,46,52,54,55,62,64,84,94"
341,11:21,3,3,삼성,7,"33,50,51,74,82,86,102"
341,11:21,4,4,여의도,15,"0,13,14,19,26,47,48,56,66,72,97,106,108,110,112"
341,11:21,5,5,김포공항,6,"10,71,76,111,114,115"
341,11:21,6,6,일산,2,"77,107"
341,11:21,7,7,판교,14,"1,2,18,32,57,63,73,85,89,91,92,105,109,117"
341,11:21,8,8,동탄/용인,1,87
341,11:21,9,9,평택,5,"17,27,36,41,75"
342,11:22,1,1,서울역,8,"7,9,20,59,68,70,88,104"
342,11:22,10,10,인천공항,2,"6,103"
342,11:22,2,2,수서,13,"11,16,21,34,45,46,52,54,55,62,64,84,94"
342,11:22,3,3,삼성,8,"33,43,50,51,74,82,86,102"
342,11:22,4,4,여의도,15,"0,13,14,26,28,47,48,56,66,72,97,106,108,110,112"
342,11:22,5,5,김포공항,6,"10,71,76,111,114,115"
342,11:22,6,6,일산,2,"77,107"
342,11:22,7,7,판교,14,"1,2,18,32,57,63,73,89,91,92,105,109,117,118"
342,11:22,8,8,동탄/용인,1,87
342,11:22,9,9,평택,8,"22,27,36,38,41,75,78,99"
343,11:23,1,1,서울역,7,"9,20,59,68,70,88,104"
343,11:23,10,10,인천공항,2,"6,103"
343,11:23,2,2,수서,13,"11,16,21,34,45,46,52,54,55,62,64,84,94"
343,11:23,3,3,삼성,6,"33,43,50,74,86,102"
343,11:23,4,4,여의도,16,"0,13,14,24,28,47,48,56,66,72,79,97,106,108,110,112"
343,11:23,5,5,김포공항,7,"10,49,71,76,111,114,115"
343,11:23,6,6,일산,2,"77,107"
343,11:23,7,7,판교,15,"1,2,3,18,32,57,63,73,89,91,92,105,109,117,118"
343,11:23,8,8,동탄/용인,1,87
343,11:23,9,9,평택,7,"22,36,38,41,75,78,99"
344,11:24,1,1,서울역,6,"20,59,68,70,88,104"
344,11:24,10,10,인천공항,2,"6,103"
344,11:24,2,2,수서,13,"11,16,21,34,45,46,52,54,55,62,64,84,94"
344,11:24,3,3,삼성,7,"33,43,50,61,74,86,102"
344,11:24,4,4,여의도,18,"0,5,13,14,24,28,42,47,48,56,66,72,79,97,106,108,110,112"
344,11:24,5,5,김포공항,6,"10,49,71,76,111,115"
344,11:24,6,6,일산,1,107
344,11:24,7,7,판교,15,"1,2,3,18,32,57,63,73,89,91,92,105,109,117,118"
344,11:24,8,8,동탄/용인,1,87
344,11:24,9,9,평택,8,"22,36,38,39,41,78,99,116"
345,11:25,1,1,서울역,6,"20,59,68,70,88,104"
345,11:25,10,10,인천공항,2,"6,103"
345,11:25,2,2,수서,13,"11,16,21,45,46,52,54,55,62,64,69,84,94"
345,11:25,3,3,삼성,7,"33,43,50,61,74,86,102"
345,11:25,4,4,여의도,17,"0,5,13,14,24,28,42,47,48,66,72,79,97,106,108,110,112"
345,11:25,5,5,김포공항,5,"49,60,76,111,115"
345,11:25,6,6,일산,2,"96,107"
345,11:25,7,7,판교,14,"1,2,3,18,57,63,73,89,91,92,105,109,117,118"
345,11:25,8,8,동탄/용인,2,"31,87"
345,11:25,9,9,평택,7,"22,38,39,41,78,99,116"
346,11:26,1,1,서울역,4,"20,68,70,88"
346,11:26,10,10,인천공항,2,"6,103"
346,11:26,2,2,수서,12,"11,16,45,46,52,54,55,62,64,69,84,94"
346,11:26,3,3,삼성,6,"43,50,61,74,86,102"
346,11:26,4,4,여의도,18,"0,5,13,15,24,28,42,47,48,66,72,79,81,97,106,108,110,112"
346,11:26,5,5,김포공항,5,"49,60,76,111,115"
346,11:26,6,6,일산,1,96
346,11:26,7,7,판교,15,"1,2,3,12,18,57,63,73,89,91,92,105,109,117,118"
346,11:26,8,8,동탄/용인,2,"31,87"
346,11:26,9,9,평택,9,"22,30,37,38,39,41,78,99,116"
347,11:27,1,1,서울역,4,"20,68,70,88"
347,11:27,10,10,인천공항,2,"6,103"
347,11:27,2,2,수서,12,"11,16,45,46,52,54,55,62,64,69,84,94"
347,11:27,3,3,삼성,6,"43,50,61,74,86,102"
347,11:27,4,4,여의도,16,"0,5,15,24,28,47,48,66,72,79,81,97,106,108,110,112"
347,11:27,5,5,김포공항,5,"49,60,76,111,115"
347,11:27,6,6,일산,2,"96,119"
347,11:27,7,7,판교,17,"1,2,3,4,12,18,44,57,63,73,89,91,92,105,109,117,118"
347,11:27,8,8,동탄/용인,2,"31,87"
347,11:27,9,9,평택,10,"22,30,37,38,39,41,78,80,99,116"
348,11:28,1,1,서울역,4,"20,68,70,88"
348,11:28,10,10,인천공항,1,103
348,11:28,2,2,수서,12,"16,19,45,46,52,54,55,62,64,69,84,94"
348,11:28,3,3,삼성,7,"43,50,61,67,74,86,102"
348,11:28,4,4,여의도,14,"0,5,15,24,47,66,72,79,81,97,106,108,110,112"
348,11:28,5,5,김포공항,5,"49,60,76,111,115"
348,11:28,6,6,일산,2,"96,119"
348,11:28,7,7,판교,16,"1,2,3,4,12,44,57,63,73,89,91,92,105,109,117,118"
348,11:28,8,8,동탄/용인,2,"31,87"
348,11:28,9,9,평택,11,"22,29,30,37,38,39,41,80,99,100,116"
349,11:29,1,1,서울역,5,"20,68,70,88,98"
349,11:29,10,10,인천공항,1,103
349,11:29,2,2,수서,12,"16,19,45,46,52,54,55,62,64,69,84,94"
349,11:29,3,3,삼성,6,"7,50,61,67,86,102"
349,11:29,4,4,여의도,13,"0,5,15,47,72,79,81,85,97,106,108,110,112"
349,11:29,5,5,김포공항,4,"60,76,111,115"
349,11:29,6,6,일산,2,"96,119"
349,11:29,7,7,판교,15,"1,2,4,12,44,57,63,73,89,91,92,105,109,117,118"
349,11:29,8,8,동탄/용인,3,"31,35,87"
349,11:29,9,9,평택,12,"22,29,30,37,38,39,41,65,80,99,100,116"
350,11:30,1,1,서울역,5,"20,68,70,88,98"
350,11:30,10,10,인천공항,1,103
350,11:30,2,2,수서,12,"16,19,45,46,52,54,55,62,64,69,84,94"
350,11:30,3,3,삼성,6,"7,25,50,67,86,102"
350,11:30,4,4,여의도,13,"0,5,15,47,59,79,81,85,97,106,108,110,112"
350,11:30,5,5,김포공항,3,"60,111,115"
350,11:30,6,6,일산,1,96
350,11:30,7,7,판교,15,"2,4,12,26,44,57,63,73,89,91,92,105,109,117,118"
350,11:30,8,8,동탄/용인,2,"31,35"
350,11:30,9,9,평택,12,"22,29,30,37,38,39,41,65,80,99,100,116"
351,11:31,1,1,서울역,5,"20,68,70,88,98"
351,11:31,10,10,인천공항,1,103
351,11:31,2,2,수서,13,"9,16,19,45,46,52,54,55,62,64,69,84,94"
351,11:31,3,3,삼성,7,"7,25,50,67,86,101,102"
351,11:31,4,4,여의도,11,"5,15,59,79,81,85,97,106,108,110,112"
351,11:31,5,5,김포공항,2,"111,115"
351,11:31,6,6,일산,1,96
351,11:31,7,7,판교,14,"2,4,12,26,44,57,63,73,89,91,105,109,117,118"
351,11:31,8,8,동탄/용인,1,35
351,11:31,9,9,평택,13,"22,29,30,37,38,39,41,65,80,83,99,100,116"
352,11:32,1,1,서울역,6,"20,33,34,68,70,88"
352,11:32,10,10,인천공항,1,103
352,11:32,2,2,수서,13,"9,14,16,19,46,52,54,55,62,64,69,84,94"
352,11:32,3,3,삼성,7,"7,25,50,67,86,101,102"
352,11:32,4,4,여의도,12,"5,21,32,59,79,81,85,97,106,108,110,112"
352,11:32,5,5,김포공항,2,"111,115"
352,11:32,6,6,일산,1,96
352,11:32,7,7,판교,14,"2,4,26,44,56,57,63,73,89,91,105,109,117,118"
352,11:32,8,8,동탄/용인,1,35
352,11:32,9,9,평택,12,"22,29,37,38,39,41,65,80,83,99,100,116"
353,11:33,1,1,서울역,8,"10,20,33,34,68,70,88,107"
353,11:33,10,10,인천공항,1,103
353,11:33,2,2,수서,12,"9,14,16,19,52,54,55,62,64,69,84,94"
353,11:33,3,3,삼성,8,"7,25,50,67,71,86,101,102"
353,11:33,4,4,여의도,11,"5,21,32,79,81,85,97,106,108,110,112"
353,11:33,5,5,김포공항,2,"111,115"
353,11:33,6,6,일산,3,"82,96,104"
353,11:33,7,7,판교,13,"2,26,56,57,58,63,73,89,91,105,109,117,118"
353,11:33,8,8,동탄/용인,1,35
353,11:33,9,9,평택,12,"22,29,37,38,39,41,65,80,83,99,100,116"
354,11:34,1,1,서울역,8,"10,20,33,34,68,70,88,107"
354,11:34,10,10,인천공항,1,103
354,11:34,2,2,수서,13,"9,14,16,19,28,52,54,55,62,64,69,84,94"
354,11:34,3,3,삼성,11,"7,8,25,50,67,71,77,86,101,102,113"
354,11:34,4,4,여의도,11,"5,21,32,79,81,85,97,106,108,110,112"
354,11:34,5,5,김포공항,2,"111,115"
354,11:34,6,6,일산,3,"82,96,104"
354,11:34,7,7,판교,13,"2,26,56,57,58,63,73,89,91,105,109,117,118"
354,11:34,8,8,동탄/용인,2,"35,78"
354,11:34,9,9,평택,12,"22,37,38,39,40,41,65,80,83,99,100,116"
355,11:35,1,1,서울역,8,"10,20,33,34,68,70,88,107"
355,11:35,2,2,수서,13,"9,14,16,19,24,28,52,55,62,64,69,84,94"
355,11:35,3,3,삼성,11,"7,8,25,50,67,71,77,86,101,102,113"
355,11:35,4,4,여의도,11,"5,18,21,32,81,85,97,106,108,110,112"
355,11:35,5,5,김포공항,2,"111,115"
355,11:35,6,6,일산,3,"82,96,104"
355,11:35,7,7,판교,12,"2,26,56,57,58,73,89,91,105,109,117,118"
355,11:35,8,8,동탄/용인,1,78
355,11:35,9,9,평택,11,"37,38,39,40,41,65,80,83,99,100,116"
356,11:36,1,1,서울역,9,"3,10,20,33,34,68,70,88,107"
356,11:36,10,10,인천공항,1,95
356,11:36,2,2,수서,13,"9,14,16,19,24,28,52,55,62,64,69,84,94"
356,11:36,3,3,삼성,12,"7,8,23,25,50,67,71,77,86,101,102,113"
356,11:36,4,4,여의도,12,"5,18,21,32,81,85,97,98,106,108,110,112"
356,11:36,5,5,김포공항,3,"11,111,115"
356,11:36,6,6,일산,1,96
356,11:36,7,7,판교,12,"2,26,56,58,66,73,89,91,105,109,117,118"
356,11:36,8,8,동탄/용인,1,78
356,11:36,9,9,평택,10,"37,38,39,40,65,80,83,99,100,116"
357,11:37,1,1,서울역,9,"3,10,20,33,34,68,70,88,107"
357,11:37,10,10,인천공항,1,95
357,11:37,2,2,수서,14,"9,14,16,19,24,28,47,52,55,62,64,69,84,94"
357,11:37,3,3,삼성,13,"7,8,23,25,49,50,67,71,77,86,101,102,113"
357,11:37,4,4,여의도,11,"1,5,17,18,21,32,85,97,98,108,112"
357,11:37,5,5,김포공항,3,"11,111,115"
357,11:37,7,7,판교,12,"2,26,56,58,66,72,73,89,91,105,117,118"
357,11:37,9,9,평택,11,"37,38,39,40,53,65,80,83,99,100,116"
358,11:38,1,1,서울역,9,"3,10,20,33,34,68,70,88,107"
358,11:38,10,10,인천공항,2,"51,95"
358,11:38,2,2,수서,14,"9,14,15,16,19,24,28,47,52,55,64,69,84,94"
358,11:38,3,3,삼성,14,"7,8,23,25,49,50,67,71,76,77,86,101,102,113"
358,11:38,4,4,여의도,10,"1,5,17,18,27,32,97,98,108,112"
358,11:38,5,5,김포공항,3,"11,111,115"
358,11:38,6,6,일산,1,93
358,11:38,7,7,판교,12,"0,2,26,56,58,66,72,89,91,105,117,118"
358,11:38,9,9,평택,11,"38,39,40,53,65,80,83,90,99,100,116"
359,11:39,1,1,서울역,10,"3,10,12,20,33,34,68,70,88,107"
359,11:39,10,10,인천공항,3,"42,51,95"
359,11:39,2,2,수서,14,"9,14,15,16,19,24,28,47,52,55,64,69,84,94"
359,11:39,3,3,삼성,15,"7,8,23,25,49,50,60,67,71,76,77,86,101,102,113"
359,11:39,4,4,여의도,10,"1,5,17,18,27,32,97,98,108,112"
359,11:39,5,5,김포공항,3,"11,111,115"
359,11:39,6,6,일산,2,"43,93"
359,11:39,7,7,판교,11,"0,2,26,56,66,72,89,91,105,117,118"
359,11:39,9,9,평택,11,"38,39,40,53,65,80,83,90,99,100,116"
360,11:40,1,1,서울역,8,"3,4,12,20,33,34,70,88"
360,11:40,10,10,인천공항,3,"42,51,95"
360,11:40,2,2,수서,14,"9,14,15,16,19,24,28,47,52,55,64,69,84,94"
360,11:40,3,3,삼성,14,"7,8,23,25,49,60,67,71,76,77,86,101,102,113"
360,11:40,4,4,여의도,12,"1,5,6,17,18,27,32,36,44,97,98,108"
360,11:40,5,5,김포공항,4,"11,45,111,115"
360,11:40,6,6,일산,2,"43,93"
360,11:40,7,7,판교,11,"0,2,26,56,66,72,89,91,105,117,118"
360,11:40,9,9,평택,11,"38,39,40,53,65,80,83,90,99,100,116"
361,11:41,1,1,서울역,8,"3,4,12,20,33,34,70,88"
361,11:41,10,10,인천공항,3,"42,51,95"
361,11:41,2,2,수서,15,"9,14,15,16,19,24,28,47,52,55,64,69,79,84,94"
361,11:41,3,3,삼성,14,"7,8,23,25,49,60,67,71,76,77,86,101,102,113"
361,11:41,4,4,여의도,12,"1,5,6,17,27,32,36,44,87,97,98,108"
361,11:41,5,5,김포공항,6,"11,45,46,75,111,115"
361,11:41,6,6,일산,2,"43,93"
361,11:41,7,7,판교,11,"0,2,26,56,66,72,89,91,105,117,118"
361,11:41,9,9,평택,12,"38,39,40,53,65,80,83,90,99,100,114,116"
362,11:42,1,1,서울역,7,"3,4,12,20,33,34,88"
362,11:42,10,10,인천공항,3,"42,51,95"
362,11:42,2,2,수서,15,"9,14,15,16,19,24,28,47,52,55,64,69,79,84,94"
362,11:42,3,3,삼성,13,"7,8,25,49,60,67,71,76,77,86,101,102,113"
362,11:42,4,4,여의도,14,"1,5,6,17,27,31,32,36,44,63,87,97,98,108"
362,11:42,5,5,김포공항,6,"11,45,46,75,111,115"
362,11:42,6,6,일산,2,"43,93"
362,11:42,7,7,판교,12,"0,2,26,56,66,72,89,91,105,117,118,119"
362,11:42,9,9,평택,13,"13,38,39,40,53,65,80,83,90,99,100,114,116"
363,11:43,1,1,서울역,8,"3,4,12,20,33,34,57,88"
363,11:43,10,10,인천공항,3,"42,51,95"
363,11:43,2,2,수서,16,"9,14,15,16,19,24,28,47,52,55,64,69,79,81,84,94"
363,11:43,3,3,삼성,13,"7,8,25,49,60,67,71,76,77,86,101,102,113"
363,11:43,4,4,여의도,12,"1,6,17,27,31,32,36,44,63,87,98,108"
363,11:43,5,5,김포공항,7,"11,45,46,54,75,111,115"
363,11:43,6,6,일산,3,"43,92,93"
363,11:43,7,7,판교,12,"0,2,26,56,66,72,89,91,105,117,118,119"
363,11:43,9,9,평택,13,"13,38,39,40,48,53,65,83,90,99,100,114,116"
364,11:44,1,1,서울역,9,"3,4,12,20,33,34,57,88,96"
364,11:44,10,10,인천공항,3,"42,51,95"
364,11:44,2,2,수서,16,"14,15,16,19,24,28,47,52,55,64,69,79,81,84,85,94"
364,11:44,3,3,삼성,14,"7,8,25,49,60,67,71,76,77,86,101,102,106,113"
364,11:44,4,4,여의도,11,"6,17,27,31,32,36,44,63,87,98,108"
364,11:44,5,5,김포공항,6,"11,45,46,54,111,115"
364,11:44,6,6,일산,2,"43,92"
364,11:44,7,7,판교,13,"0,2,26,56,66,72,89,91,105,110,117,118,119"
364,11:44,9,9,평택,13,"13,38,39,40,48,65,74,83,90,99,100,114,116"
365,11:45,1,1,서울역,9,"3,4,12,20,33,34,57,88,96"
365,11:45,10,10,인천공항,5,"42,51,59,61,95"
365,11:45,2,2,수서,14,"16,19,24,28,47,52,55,64,69,79,81,84,85,94"
365,11:45,3,3,삼성,14,"7,8,25,49,60,67,71,76,77,86,101,102,106,113"
365,11:45,4,4,여의도,12,"6,17,27,31,32,36,44,63,73,87,98,108"
365,11:45,5,5,김포공항,6,"11,45,46,54,111,115"
365,11:45,6,6,일산,2,"43,92"
365,11:45,7,7,판교,13,"0,2,26,56,66,72,89,91,105,110,117,118,119"
365,11:45,9,9,평택,13,"13,38,39,40,48,65,74,83,90,99,100,114,116"
366,11:46,1,1,서울역,10,"3,4,12,20,33,34,57,58,88,96"
366,11:46,10,10,인천공항,5,"42,51,59,61,95"
366,11:46,2,2,수서,14,"16,19,24,28,47,52,55,64,69,79,81,84,85,94"
366,11:46,3,3,삼성,15,"7,8,25,49,60,67,71,76,77,86,101,102,104,106,113"
366,11:46,4,4,여의도,11,"27,31,32,35,36,44,63,73,87,98,108"
366,11:46,5,5,김포공항,6,"11,45,46,54,111,115"
366,11:46,6,6,일산,2,"43,92"
366,11:46,7,7,판교,11,"0,2,56,66,72,89,91,110,117,118,119"
366,11:46,9,9,평택,11,"13,39,40,48,65,74,90,99,100,114,116"
367,11:47,1,1,서울역,10,"3,4,12,20,33,34,57,58,88,96"
367,11:47,10,10,인천공항,4,"42,51,59,61"
367,11:47,2,2,수서,12,"19,24,28,47,55,64,69,79,81,84,85,94"
367,11:47,3,3,삼성,15,"7,8,25,49,60,67,71,76,77,86,101,102,104,106,113"
367,11:47,4,4,여의도,12,"27,30,31,32,35,36,44,63,73,87,98,108"
367,11:47,5,5,김포공항,5,"11,45,54,111,115"
367,11:47,6,6,일산,4,"10,43,92,107"
367,11:47,7,7,판교,12,"0,2,56,66,72,89,91,110,112,117,118,119"
367,11:47,9,9,평택,11,"13,39,40,48,65,74,90,99,100,114,116"
368,11:48,1,1,서울역,10,"3,4,12,20,33,34,57,58,88,96"
368,11:48,10,10,인천공항,4,"42,51,59,61"
368,11:48,2,2,수서,12,"19,24,28,47,55,64,69,79,81,84,85,94"
368,11:48,3,3,삼성,14,"7,8,25,60,67,71,76,77,86,101,102,104,106,113"
368,11:48,4,4,여의도,11,"27,30,32,35,36,44,63,73,87,98,108"
368,11:48,5,5,김포공항,5,"11,45,54,111,115"
368,11:48,6,6,일산,4,"10,43,92,107"
368,11:48,7,7,판교,12,"0,2,66,72,82,89,91,110,112,117,118,119"
368,11:48,9,9,평택,10,"39,40,48,65,74,90,99,100,114,116"
369,11:49,1,1,서울역,10,"3,4,12,20,33,34,57,58,88,96"
369,11:49,10,10,인천공항,4,"42,51,59,61"
369,11:49,2,2,수서,13,"5,19,24,28,47,55,64,69,79,81,84,85,94"
369,11:49,3,3,삼성,13,"7,25,60,67,71,76,77,86,101,102,104,106,113"
369,11:49,4,4,여의도,12,"27,29,30,32,35,36,44,63,73,87,98,108"
369,11:49,5,5,김포공항,4,"11,54,111,115"
369,11:49,6,6,일산,4,"10,43,62,107"
369,11:49,7,7,판교,12,"0,2,66,72,82,89,91,110,112,117,118,119"
369,11:49,9,9,평택,10,"39,40,48,65,74,90,99,100,114,116"
370,11:50,1,1,서울역,10,"3,4,12,20,33,34,57,58,88,96"
370,11:50,10,10,인천공항,5,"21,42,51,59,61"
370,11:50,2,2,수서,13,"5,19,24,28,47,55,64,69,79,81,84,85,94"
370,11:50,3,3,삼성,14,"7,25,60,67,71,76,77,86,101,102,103,104,106,113"
370,11:50,4,4,여의도,13,"22,27,29,30,32,35,36,44,63,73,87,98,108"
370,11:50,5,5,김포공항,5,"11,23,54,111,115"
370,11:50,6,6,일산,4,"43,50,62,107"
370,11:50,7,7,판교,12,"0,2,66,72,82,89,91,110,112,117,118,119"
370,11:50,9,9,평택,10,"39,40,48,65,74,90,99,100,114,116"
371,11:51,1,1,서울역,11,"3,4,12,20,33,34,57,58,88,93,96"
371,11:51,10,10,인천공항,5,"21,42,51,59,61"
371,11:51,2,2,수서,13,"5,19,24,28,47,55,64,69,79,81,84,85,94"
371,11:51,3,3,삼성,15,"7,25,41,60,67,71,76,77,86,101,102,103,104,106,113"
371,11:51,4,4,여의도,12,"22,29,30,32,35,36,44,63,73,87,98,108"
371,11:51,5,5,김포공항,5,"11,23,54,111,115"
371,11:51,6,6,일산,5,"43,50,62,75,107"
371,11:51,7,7,판교,13,"0,1,2,66,72,82,89,91,110,112,117,118,119"
371,11:51,9,9,평택,10,"39,40,48,65,74,90,99,100,114,116"
372,11:52,1,1,서울역,10,"4,12,15,20,33,34,57,88,93,96"
372,11:52,10,10,인천공항,5,"21,42,51,59,61"
372,11:52,2,2,수서,15,"5,6,17,19,24,28,47,55,64,69,79,81,84,85,94"
372,11:52,3,3,삼성,15,"7,25,41,60,67,71,76,77,86,101,102,103,104,106,113"
372,11:52,4,4,여의도,12,"22,29,30,32,35,36,44,63,73,87,98,108"
372,11:52,5,5,김포공항,6,"9,11,23,54,111,115"
372,11:52,6,6,일산,5,"43,50,62,75,107"
372,11:52,7,7,판교,13,"0,1,2,66,72,82,89,91,110,112,117,118,119"
372,11:52,8,8,동탄/용인,1,83
372,11:52,9,9,평택,9,"40,48,65,74,90,99,100,114,116"
373,11:53,1,1,서울역,10,"4,12,15,20,33,34,57,88,93,96"
373,11:53,10,10,인천공항,6,"21,42,51,59,61,109"
373,11:53,2,2,수서,15,"5,6,17,19,24,28,47,55,64,69,79,81,84,85,94"
373,11:53,3,3,삼성,15,"7,25,41,60,67,71,76,77,86,101,102,103,104,106,113"
373,11:53,4,4,여의도,11,"22,26,29,32,35,36,37,73,87,98,108"
373,11:53,5,5,김포공항,7,"9,11,14,23,54,111,115"
373,11:53,6,6,일산,4,"50,62,75,107"
373,11:53,7,7,판교,12,"1,2,66,72,82,89,91,110,112,117,118,119"
373,11:53,8,8,동탄/용인,1,83
373,11:53,9,9,평택,9,"40,48,65,74,90,99,100,114,116"
374,11:54,1,1,서울역,10,"4,12,15,20,33,34,57,88,93,96"
374,11:54,10,10,인천공항,6,"21,42,51,59,61,109"
374,11:54,2,2,수서,15,"5,6,17,19,24,28,47,55,64,69,79,81,84,85,94"
374,11:54,3,3,삼성,15,"7,25,41,60,67,71,76,77,86,101,102,103,104,106,113"
374,11:54,4,4,여의도,11,"22,26,29,32,35,36,37,73,87,98,108"
374,11:54,5,5,김포공항,7,"9,11,14,23,54,111,115"
374,11:54,6,6,일산,4,"50,62,78,107"
374,11:54,7,7,판교,12,"1,2,66,72,82,89,91,110,112,117,118,119"
374,11:54,8,8,동탄/용인,1,83
374,11:54,9,9,평택,9,"40,48,65,74,90,99,100,114,116"
375,11:55,1,1,서울역,10,"4,12,15,20,33,34,57,88,93,96"
375,11:55,10,10,인천공항,6,"21,42,51,59,61,109"
375,11:55,2,2,수서,14,"5,6,17,24,28,47,55,64,69,79,81,84,85,94"
375,11:55,3,3,삼성,15,"7,25,41,60,67,71,76,77,86,101,102,103,104,106,113"
375,11:55,4,4,여의도,10,"22,26,32,35,36,37,56,73,87,108"
375,11:55,5,5,김포공항,8,"9,11,14,16,23,54,111,115"
375,11:55,6,6,일산,3,"50,78,107"
375,11:55,7,7,판교,13,"1,2,31,66,72,82,89,91,110,112,117,118,119"
375,11:55,9,9,평택,9,"40,48,65,74,90,99,100,114,116"
376,11:56,1,1,서울역,11,"4,12,15,20,33,34,57,88,92,93,96"
376,11:56,10,10,인천공항,5,"21,42,59,61,109"
376,11:56,2,2,수서,14,"5,6,17,24,28,47,55,64,69,79,81,84,85,94"
376,11:56,3,3,삼성,15,"7,25,41,60,67,71,76,77,86,101,102,103,104,106,113"
376,11:56,4,4,여의도,9,"8,26,32,36,37,56,73,87,108"
376,11:56,5,5,김포공항,8,"9,11,14,16,49,54,111,115"
376,11:56,6,6,일산,3,"50,78,107"
376,11:56,7,7,판교,11,"1,31,66,72,89,91,110,112,117,118,119"
376,11:56,9,9,평택,10,"18,40,48,65,68,90,99,100,114,116"
377,11:57,1,1,서울역,11,"10,12,15,20,33,34,57,88,92,93,96"
377,11:57,10,10,인천공항,4,"21,42,61,109"
377,11:57,2,2,수서,15,"5,6,17,24,27,28,47,55,64,69,79,81,84,85,94"
377,11:57,3,3,삼성,14,"7,25,60,67,71,76,77,86,101,102,103,104,106,113"
377,11:57,4,4,여의도,9,"8,26,32,36,37,56,73,87,108"
377,11:57,5,5,김포공항,8,"9,11,14,16,49,54,111,115"
377,11:57,6,6,일산,3,"50,78,107"
377,11:57,7,7,판교,11,"1,31,66,72,89,91,110,112,117,118,119"
377,11:57,9,9,평택,10,"18,40,48,65,68,90,99,100,114,116"
378,11:58,1,1,서울역,10,"10,15,20,33,34,57,88,92,93,96"
378,11:58,10,10,인천공항,4,"21,42,61,109"
378,11:58,2,2,수서,14,"5,6,17,27,28,47,55,64,69,79,81,84,85,94"
378,11:58,3,3,삼성,14,"7,25,60,67,71,76,77,86,101,102,103,104,106,113"
378,11:58,4,4,여의도,9,"8,26,32,36,37,56,73,87,108"
378,11:58,5,5,김포공항,8,"9,11,14,16,49,54,111,115"
378,11:58,6,6,일산,4,"50,52,78,107"
378,11:58,7,7,판교,10,"1,31,66,72,91,110,112,117,118,119"
378,11:58,9,9,평택,13,"18,40,48,65,68,70,90,97,99,100,105,114,116"
379,11:59,1,1,서울역,9,"10,15,33,34,57,88,92,93,96"
379,11:59,10,10,인천공항,3,"42,61,109"
379,11:59,2,2,수서,14,"5,6,17,27,28,47,55,64,69,79,81,84,85,94"
379,11:59,3,3,삼성,14,"7,25,60,67,71,76,77,86,101,102,103,104,106,113"
379,11:59,4,4,여의도,8,"8,26,32,36,56,73,87,108"
379,11:59,5,5,김포공항,7,"9,14,16,49,54,111,115"
379,11:59,6,6,일산,3,"52,78,107"
379,11:59,7,7,판교,11,"1,3,31,66,72,91,110,112,117,118,119"
379,11:59,9,9,평택,12,"18,40,48,68,70,90,97,99,100,105,114,116"
380,12:00,1,1,서울역,10,"10,15,33,34,53,57,88,92,93,96"
380,12:00,10,10,인천공항,3,"42,61,109"
380,12:00,2,2,수서,13,"5,6,17,27,28,47,55,69,79,81,84,85,94"
380,12:00,3,3,삼성,14,"7,30,60,67,71,76,77,86,101,102,103,104,106,113"
380,12:00,4,4,여의도,8,"0,8,26,36,56,73,87,108"
380,12:00,5,5,김포공항,8,"9,14,16,49,54,80,111,115"
380,12:00,6,6,일산,2,"52,107"
380,12:00,7,7,판교,11,"1,3,31,66,72,91,110,112,117,118,119"
380,12:00,9,9,평택,12,"18,40,48,68,70,90,97,99,100,105,114,116"
381,12:01,1,1,서울역,10,"10,15,33,34,53,57,88,92,93,96"
381,12:01,10,10,인천공항,3,"42,61,109"
381,12:01,2,2,수서,13,"5,6,17,27,28,47,55,69,79,81,84,85,94"
381,12:01,3,3,삼성,13,"30,60,67,71,76,77,86,101,102,103,104,106,113"
381,12:01,4,4,여의도,8,"0,8,26,36,38,56,87,108"
381,12:01,5,5,김포공항,8,"9,14,16,49,54,80,111,115"
381,12:01,6,6,일산,1,52
381,12:01,7,7,판교,11,"1,3,31,66,72,91,110,112,117,118,119"
381,12:01,9,9,평택,12,"18,40,48,68,70,90,97,99,100,105,114,116"
382,12:02,1,1,서울역,11,"10,15,33,34,53,57,62,88,92,93,96"
382,12:02,10,10,인천공항,3,"42,61,109"
382,12:02,2,2,수서,14,"5,6,17,22,27,28,47,55,69,79,81,84,85,94"
382,12:02,3,3,삼성,14,"29,30,60,67,71,76,77,86,101,102,103,104,106,113"
382,12:02,4,4,여의도,7,"0,8,26,38,56,87,108"
382,12:02,5,5,김포공항,8,"9,14,16,49,54,80,111,115"
382,12:02,6,6,일산,1,52
382,12:02,7,7,판교,11,"1,3,31,66,72,91,110,112,117,118,119"
382,12:02,9,9,평택,12,"18,40,48,68,70,90,97,99,100,105,114,116"
383,12:03,1,1,서울역,12,"2,10,15,33,34,53,57,62,88,92,93,96"
383,12:03,10,10,인천공항,3,"42,61,109"
383,12:03,2,2,수서,13,"5,17,22,27,28,47,55,69,79,81,84,85,94"
383,12:03,3,3,삼성,15,"4,29,30,60,67,71,76,77,86,101,102,103,104,106,113"
383,12:03,4,4,여의도,9,"0,8,13,26,38,56,82,87,108"
383,12:03,5,5,김포공항,9,"9,14,16,19,49,54,80,111,115"
383,12:03,6,6,일산,1,52
383,12:03,7,7,판교,10,"1,3,31,35,66,72,91,112,117,118"
383,12:03,8,8,동탄/용인,1,45
383,12:03,9,9,평택,10,"18,48,70,90,97,99,100,105,114,116"
384,12:04,1,1,서울역,12,"2,10,15,33,34,53,57,62,88,92,93,96"
384,12:04,10,10,인천공항,2,"61,109"
384,12:04,2,2,수서,13,"5,17,22,27,28,47,55,69,79,81,84,85,94"
384,12:04,3,3,삼성,15,"4,29,30,60,67,71,76,77,86,101,102,103,104,106,113"
384,12:04,4,4,여의도,8,"0,8,13,38,56,82,87,108"
384,12:04,5,5,김포공항,9,"9,14,16,19,49,54,80,111,115"
384,12:04,6,6,일산,1,52
384,12:04,7,7,판교,9,"3,31,35,66,72,91,112,117,118"
384,12:04,8,8,동탄/용인,1,45
384,12:04,9,9,평택,10,"18,46,70,90,97,99,100,105,114,116"
385,12:05,1,1,서울역,12,"2,10,15,33,34,53,57,62,88,92,93,96"
385,12:05,10,10,인천공항,3,"44,61,109"
385,12:05,2,2,수서,12,"5,17,22,27,28,55,69,79,81,84,85,94"
385,12:05,3,3,삼성,15,"4,29,30,60,67,71,76,77,86,101,102,103,104,106,113"
385,12:05,4,4,여의도,9,"0,8,13,38,56,82,87,89,108"
385,12:05,5,5,김포공항,9,"9,14,16,19,49,54,80,111,115"
385,12:05,6,6,일산,1,52
385,12:05,7,7,판교,10,"3,31,35,43,66,72,91,112,117,118"
385,12:05,8,8,동탄/용인,1,45
385,12:05,9,9,평택,10,"18,46,70,90,97,99,100,105,114,116"
386,12:06,1,1,서울역,13,"2,10,15,25,33,34,53,57,62,88,92,93,96"
386,12:06,10,10,인천공항,3,"44,61,109"
386,12:06,2,2,수서,12,"5,17,22,27,28,55,69,79,81,84,85,94"
386,12:06,3,3,삼성,15,"4,29,30,60,67,71,76,77,86,101,102,103,104,106,113"
386,12:06,4,4,여의도,10,"0,8,13,38,56,82,83,87,89,108"
386,12:06,5,5,김포공항,10,"9,14,16,19,24,49,54,80,111,115"
386,12:06,6,6,일산,1,52
386,12:06,7,7,판교,12,"3,31,35,43,64,66,72,75,91,112,117,118"
386,12:06,8,8,동탄/용인,1,45
386,12:06,9,9,평택,11,"18,46,70,90,95,97,99,100,105,114,116"
387,12:07,1,1,서울역,12,"2,10,25,33,34,53,57,62,88,92,93,96"
387,12:07,10,10,인천공항,3,"44,61,109"
387,12:07,2,2,수서,12,"5,17,22,27,28,55,69,79,81,84,85,94"
387,12:07,3,3,삼성,17,"4,11,29,30,32,60,67,71,76,77,86,101,102,103,104,106,113"
387,12:07,4,4,여의도,11,"0,8,13,38,39,56,82,83,87,89,108"
387,12:07,5,5,김포공항,10,"9,14,16,19,24,49,54,80,111,115"
387,12:07,6,6,일산,2,"41,52"
387,12:07,7,7,판교,12,"3,31,35,43,64,66,72,75,91,112,117,118"
387,12:07,8,8,동탄/용인,1,45
387,12:07,9,9,평택,10,"18,46,90,95,97,99,100,105,114,116"
388,12:08,1,1,서울역,12,"2,10,25,33,34,53,57,62,88,92,93,96"
388,12:08,10,10,인천공항,3,"44,61,109"
388,12:08,2,2,수서,12,"5,17,22,27,28,55,69,79,81,84,85,94"
388,12:08,3,3,삼성,17,"4,11,29,30,32,60,67,71,76,77,86,101,102,103,104,106,113"
388,12:08,4,4,여의도,10,"0,8,13,39,56,82,83,87,89,108"
388,12:08,5,5,김포공항,9,"9,14,19,24,49,54,80,111,115"
388,12:08,6,6,일산,2,"41,52"
388,12:08,7,7,판교,12,"3,31,35,43,64,66,72,75,91,112,117,118"
388,12:08,8,8,동탄/용인,1,45
388,12:08,9,9,평택,12,"18,46,58,63,90,95,97,99,100,105,114,116"
389,12:09,1,1,서울역,12,"2,10,25,33,34,53,57,62,88,92,93,96"
389,12:09,10,10,인천공항,3,"44,61,109"
389,12:09,2,2,수서,12,"5,17,22,27,28,55,69,79,81,84,85,94"
389,12:09,3,3,삼성,17,"4,11,29,30,32,60,67,71,76,77,86,101,102,103,104,106,113"
389,12:09,4,4,여의도,10,"0,8,13,39,56,82,83,87,89,108"
389,12:09,5,5,김포공항,9,"9,14,19,24,49,54,80,111,115"
389,12:09,6,6,일산,2,"41,52"
389,12:09,7,7,판교,12,"3,31,35,36,43,66,72,75,91,112,117,118"
389,12:09,8,8,동탄/용인,1,45
389,12:09,9,9,평택,12,"18,46,58,63,90,95,97,99,100,105,114,116"
390,12:10,1,1,서울역,11,"2,10,25,33,34,53,57,88,92,93,96"
390,12:10,10,10,인천공항,3,"44,61,109"
390,12:10,2,2,수서,11,"5,17,22,27,28,69,79,81,84,85,94"
390,12:10,3,3,삼성,17,"4,11,29,30,32,60,67,71,76,77,86,101,102,103,104,106,113"
390,12:10,4,4,여의도,10,"0,8,13,39,56,82,83,87,89,108"
390,12:10,5,5,김포공항,9,"9,14,19,24,49,54,80,111,115"
390,12:10,6,6,일산,2,"41,52"
390,12:10,7,7,판교,11,"3,31,35,36,43,66,72,75,91,112,117"
390,12:10,8,8,동탄/용인,1,45
390,12:10,9,9,평택,12,"46,58,63,90,95,97,98,99,100,105,114,116"
391,12:11,1,1,서울역,11,"1,10,25,33,34,53,57,88,92,93,96"
391,12:11,10,10,인천공항,4,"12,37,61,109"
391,12:11,2,2,수서,11,"5,17,22,27,28,69,79,81,84,85,94"
391,12:11,3,3,삼성,18,"4,11,29,30,32,51,60,67,71,76,77,86,101,102,103,104,106,113"
391,12:11,4,4,여의도,11,"0,8,13,21,39,56,82,83,87,89,108"
391,12:11,5,5,김포공항,10,"6,9,14,19,24,49,54,80,111,115"
391,12:11,6,6,일산,2,"41,52"
391,12:11,7,7,판교,13,"3,31,35,36,43,47,50,66,72,75,91,112,117"
391,12:11,8,8,동탄/용인,1,45
391,12:11,9,9,평택,12,"46,58,63,90,95,97,98,99,100,105,114,116"
392,12:12,1,1,서울역,10,"1,10,33,34,53,57,88,92,93,96"
392,12:12,10,10,인천공항,5,"12,20,37,61,109"
392,12:12,2,2,수서,10,"17,22,27,28,69,79,81,84,85,94"
392,12:12,3,3,삼성,19,"4,11,29,30,32,51,59,60,67,71,76,77,86,101,102,103,104,106,113"
392,12:12,4,4,여의도,11,"0,8,13,21,39,56,82,83,87,89,108"
392,12:12,5,5,김포공항,10,"6,9,14,19,24,49,54,80,111,115"
392,12:12,6,6,일산,2,"41,52"
392,12:12,7,7,판교,14,"3,31,35,36,43,47,50,66,72,75,78,91,112,117"
392,12:12,8,8,동탄/용인,1,45
392,12:12,9,9,평택,12,"46,58,63,90,95,97,98,99,100,105,114,116"
393,12:13,1,1,서울역,9,"1,10,34,53,57,88,92,93,96"
393,12:13,10,10,인천공항,5,"12,20,37,61,109"
393,12:13,2,2,수서,9,"17,22,27,69,79,81,84,85,94"
393,12:13,3,3,삼성,19,"4,11,29,30,32,51,59,60,67,71,76,77,86,101,102,103,104,106,113"
393,12:13,4,4,여의도,11,"0,8,13,21,39,56,82,83,87,89,108"
393,12:13,5,5,김포공항,12,"6,9,14,19,24,49,54,74,80,110,111,115"
393,12:13,6,6,일산,2,"41,52"
393,12:13,7,7,판교,14,"31,35,36,43,47,50,66,72,75,78,91,107,112,117"
393,12:13,8,8,동탄/용인,2,"45,70"
393,12:13,9,9,평택,13,"23,46,58,63,90,95,97,98,99,100,105,114,116"
394,12:14,1,1,서울역,9,"1,10,34,53,57,88,92,93,96"
394,12:14,10,10,인천공항,5,"12,20,37,61,109"
394,12:14,2,2,수서,9,"17,22,27,69,79,81,84,85,94"
394,12:14,3,3,삼성,19,"4,11,29,30,32,51,59,60,67,71,76,77,86,101,102,103,104,106,113"
394,12:14,4,4,여의도,10,"0,13,21,39,56,82,83,87,89,108"
394,12:14,5,5,김포공항,12,"6,9,14,19,24,49,54,74,80,110,111,115"
394,12:14,6,6,일산,2,"41,52"
394,12:14,7,7,판교,12,"31,35,36,50,66,72,75,78,91,107,112,117"
394,12:14,8,8,동탄/용인,2,"45,70"
394,12:14,9,9,평택,13,"23,46,58,63,90,95,97,98,99,100,105,114,116"
395,12:15,1,1,서울역,10,"1,10,34,53,57,65,88,92,93,96"
395,12:15,10,10,인천공항,5,"12,20,37,61,109"
395,12:15,2,2,수서,9,"17,22,27,69,79,81,84,85,94"
395,12:15,3,3,삼성,19,"4,11,29,30,32,51,59,60,67,71,76,77,86,101,102,103,104,106,113"
395,12:15,4,4,여의도,10,"0,13,21,39,56,82,83,87,89,108"
395,12:15,5,5,김포공항,12,"6,9,14,19,24,49,54,74,80,110,111,115"
395,12:15,6,6,일산,4,"16,41,52,119"
395,12:15,7,7,판교,12,"31,35,36,50,66,72,75,78,91,107,112,117"
395,12:15,8,8,동탄/용인,2,"45,70"
395,12:15,9,9,평택,13,"23,46,58,63,90,95,97,98,99,100,105,114,116"
396,12:16,1,1,서울역,10,"1,10,34,53,57,65,88,92,93,96"
396,12:16,10,10,인천공항,6,"7,12,20,37,61,109"
396,12:16,2,2,수서,9,"17,22,27,69,79,81,84,85,94"
396,12:16,3,3,삼성,19,"4,11,29,30,32,51,59,60,67,71,76,77,86,101,102,103,104,106,113"
396,12:16,4,4,여의도,11,"0,13,21,39,42,56,82,83,87,89,108"
396,12:16,5,5,김포공항,12,"6,9,14,19,24,49,54,74,80,110,111,115"
396,12:16,6,6,일산,4,"16,41,52,119"
396,12:16,7,7,판교,13,"31,35,36,50,55,66,72,75,78,91,107,112,117"
396,12:16,8,8,동탄/용인,1,45
396,12:16,9,9,평택,14,"23,46,58,63,73,90,95,97,98,99,100,105,114,116"
397,12:17,1,1,서울역,10,"1,10,34,53,57,65,88,92,93,96"
397,12:17,10,10,인천공항,6,"7,12,20,37,61,109"
397,12:17,2,2,수서,9,"17,22,27,69,79,81,84,85,94"
397,12:17,3,3,삼성,19,"4,11,29,30,32,51,59,60,67,71,76,77,86,101,102,103,104,106,113"
397,12:17,4,4,여의도,11,"0,13,21,39,42,56,82,83,87,89,108"
397,12:17,5,5,김포공항,12,"6,9,14,19,24,49,54,74,80,110,111,115"
397,12:17,6,6,일산,4,"16,41,52,119"
397,12:17,7,7,판교,12,"31,35,36,55,66,72,75,78,91,107,112,117"
397,12:17,8,8,동탄/용인,1,45
397,12:17,9,9,평택,14,"23,46,58,63,73,90,95,97,98,99,100,105,114,116"
398,12:18,1,1,서울역,10,"1,10,34,53,57,65,88,92,93,96"
398,12:18,10,10,인천공항,6,"7,12,20,37,61,109"
398,12:18,2,2,수서,8,"17,22,69,79,81,84,85,94"
398,12:18,3,3,삼성,19,"4,11,29,30,32,51,59,60,67,71,76,77,86,101,102,103,104,106,113"
398,12:18,4,4,여의도,12,"0,13,21,39,40,42,56,82,83,87,89,108"
398,12:18,5,5,김포공항,11,"6,14,19,24,49,54,74,80,110,111,115"
398,12:18,6,6,일산,2,"41,119"
398,12:18,7,7,판교,13,"2,31,35,36,55,66,72,75,78,91,107,112,117"
398,12:18,8,8,동탄/용인,1,45
398,12:18,9,9,평택,14,"23,46,58,63,73,90,95,97,98,99,100,105,114,116"
399,12:19,1,1,서울역,10,"1,10,34,53,57,65,88,92,93,96"
399,12:19,10,10,인천공항,6,"7,12,20,37,61,109"
399,12:19,2,2,수서,8,"17,22,69,79,81,84,85,94"
399,12:19,3,3,삼성,18,"4,11,29,32,51,59,60,67,71,76,77,86,101,102,103,104,106,113"
399,12:19,4,4,여의도,13,"0,13,21,39,40,42,48,56,82,83,87,89,108"
399,12:19,5,5,김포공항,11,"6,14,19,24,49,54,74,80,110,111,115"
399,12:19,6,6,일산,2,"41,119"
399,12:19,7,7,판교,11,"2,31,35,36,72,75,78,91,107,112,117"
399,12:19,8,8,동탄/용인,1,45
399,12:19,9,9,평택,14,"23,26,46,58,73,90,95,97,98,99,100,105,114,116"
400,12:20,1,1,서울역,10,"1,3,34,53,57,65,88,92,93,96"
400,12:20,10,10,인천공항,6,"7,15,20,37,61,109"
400,12:20,2,2,수서,8,"17,22,69,79,81,84,85,94"
400,12:20,3,3,삼성,17,"4,11,29,51,59,60,67,71,76,77,86,101,102,103,104,106,113"
400,12:20,4,4,여의도,12,"0,13,21,39,40,48,56,82,83,87,89,108"
400,12:20,5,5,김포공항,11,"5,6,19,24,49,54,74,80,110,111,115"
400,12:20,6,6,일산,2,"41,119"
400,12:20,7,7,판교,9,"2,35,36,75,78,91,107,112,117"
400,12:20,8,8,동탄/용인,1,45
400,12:20,9,9,평택,14,"23,26,46,58,73,90,95,97,98,99,100,105,114,116"
401,12:21,1,1,서울역,9,"1,3,53,57,65,88,92,93,96"
401,12:21,10,10,인천공항,6,"7,15,20,37,61,109"
401,12:21,2,2,수서,8,"17,22,69,79,81,84,85,94"
401,12:21,3,3,삼성,16,"4,11,29,59,60,67,71,76,77,86,101,102,103,104,106,113"
401,12:21,4,4,여의도,12,"0,13,21,39,43,48,56,82,83,87,89,108"
401,12:21,5,5,김포공항,11,"5,6,19,24,49,54,74,80,110,111,115"
401,12:21,6,6,일산,2,"41,119"
401,12:21,7,7,판교,9,"2,35,36,75,78,91,107,112,117"
401,12:21,8,8,동탄/용인,1,45
401,12:21,9,9,평택,14,"23,26,46,58,73,90,95,97,98,99,100,105,114,116"
402,12:22,1,1,서울역,9,"1,3,53,57,65,88,92,93,96"
402,12:22,10,10,인천공항,7,"7,15,20,37,61,68,109"
402,12:22,2,2,수서,8,"17,22,69,79,81,84,85,94"
402,12:22,3,3,삼성,16,"4,11,29,59,60,67,71,76,77,86,101,102,103,104,106,113"
402,12:22,4,4,여의도,12,"0,13,21,39,43,48,56,82,83,87,89,108"
402,12:22,5,5,김포공항,11,"5,6,19,24,49,54,74,80,110,111,115"
402,12:22,6,6,일산,2,"41,119"
402,12:22,7,7,판교,9,"2,35,36,75,78,91,107,112,117"
402,12:22,8,8,동탄/용인,1,45
402,12:22,9,9,평택,15,"23,26,46,58,73,90,95,97,98,99,100,105,114,116,118"
403,12:23,1,1,서울역,9,"1,3,53,57,65,88,92,93,96"
403,12:23,10,10,인천공항,7,"7,15,20,37,61,68,109"
403,12:23,2,2,수서,8,"17,22,69,79,81,84,85,94"
403,12:23,3,3,삼성,14,"4,59,60,67,71,76,77,86,101,102,103,104,106,113"
403,12:23,4,4,여의도,12,"0,13,21,39,43,48,56,82,83,87,89,108"
403,12:23,5,5,김포공항,11,"5,6,19,24,49,54,74,80,110,111,115"
403,12:23,6,6,일산,2,"41,119"
403,12:23,7,7,판교,8,"2,35,36,75,78,91,107,112"
403,12:23,8,8,동탄/용인,1,45
403,12:23,9,9,평택,16,"23,26,38,46,58,73,90,95,97,98,99,100,105,114,116,118"
404,12:24,1,1,서울역,9,"1,3,53,57,65,88,92,93,96"
404,12:24,10,10,인천공항,7,"7,15,20,37,61,68,109"
404,12:24,2,2,수서,8,"17,22,69,79,81,84,85,94"
404,12:24,3,3,삼성,14,"4,59,60,67,71,76,77,86,101,102,103,104,106,113"
404,12:24,4,4,여의도,12,"0,13,21,39,48,50,56,82,83,87,89,108"
404,12:24,5,5,김포공항,11,"5,6,19,24,49,54,74,80,110,111,115"
404,12:24,6,6,일산,2,"41,119"
404,12:24,7,7,판교,7,"35,36,75,78,91,107,112"
404,12:24,8,8,동탄/용인,1,45
404,12:24,9,9,평택,16,"23,26,38,46,58,73,90,95,97,98,99,100,105,114,116,118"
405,12:25,1,1,서울역,9,"1,3,53,57,65,88,92,93,96"
405,12:25,10,10,인천공항,8,"7,15,20,25,61,64,68,109"
405,12:25,2,2,수서,8,"17,22,69,79,81,84,85,94"
405,12:25,3,3,삼성,14,"4,59,60,67,71,76,77,86,101,102,103,104,106,113"
405,12:25,4,4,여의도,13,"0,13,18,21,39,48,50,56,82,83,87,89,108"
405,12:25,5,5,김포공항,11,"5,6,19,24,49,54,74,80,110,111,115"
405,12:25,6,6,일산,1,119
405,12:25,7,7,판교,7,"35,36,75,78,91,107,112"
405,12:25,8,8,동탄/용인,1,45
405,12:25,9,9,평택,16,"23,26,38,46,58,73,90,95,97,98,99,100,105,114,116,118"
406,12:26,1,1,서울역,8,"1,53,57,65,88,92,93,96"
406,12:26,10,10,인천공항,9,"7,8,20,25,33,61,64,68,109"
406,12:26,2,2,수서,8,"17,22,69,79,81,84,85,94"
406,12:26,3,3,삼성,16,"4,9,44,59,60,67,71,76,77,86,101,102,103,104,106,113"
406,12:26,4,4,여의도,14,"0,13,18,21,39,48,50,56,66,82,83,87,89,108"
406,12:26,5,5,김포공항,11,"5,6,19,24,49,54,74,80,110,111,115"
406,12:26,6,6,일산,2,"47,119"
406,12:26,7,7,판교,7,"35,36,75,78,91,107,112"
406,12:26,8,8,동탄/용인,1,45
406,12:26,9,9,평택,16,"23,26,38,46,62,73,90,95,97,98,99,100,105,114,116,118"
407,12:27,1,1,서울역,9,"1,31,53,57,65,88,92,93,96"
407,12:27,10,10,인천공항,8,"7,8,20,25,33,64,68,109"
407,12:27,2,2,수서,8,"17,22,69,79,81,84,85,94"
407,12:27,3,3,삼성,16,"4,9,44,59,60,67,71,76,77,86,101,102,103,104,106,113"
407,12:27,4,4,여의도,15,"0,13,18,21,39,48,50,56,66,72,82,83,87,89,108"
407,12:27,5,5,김포공항,11,"5,6,19,24,49,54,74,80,110,111,115"
407,12:27,6,6,일산,2,"47,119"
407,12:27,7,7,판교,7,"10,42,75,78,91,107,112"
407,12:27,8,8,동탄/용인,1,45
407,12:27,9,9,평택,16,"23,26,38,46,62,73,90,95,97,98,99,100,105,114,116,118"
408,12:28,1,1,서울역,8,"1,31,57,65,88,92,93,96"
408,12:28,10,10,인천공항,8,"7,8,20,25,33,64,68,109"
408,12:28,2,2,수서,9,"14,17,22,69,79,81,84,85,94"
408,12:28,3,3,삼성,16,"4,9,44,59,60,67,71,76,77,86,101,102,103,104,106,113"
408,12:28,4,4,여의도,15,"0,13,18,21,39,48,50,56,66,72,82,83,87,89,108"
408,12:28,5,5,김포공항,11,"5,6,19,24,49,54,74,80,110,111,115"
408,12:28,6,6,일산,1,47
408,12:28,7,7,판교,8,"10,40,42,75,78,91,107,112"
408,12:28,9,9,평택,16,"23,26,38,46,62,73,90,95,97,98,99,100,105,114,116,118"
409,12:29,1,1,서울역,8,"1,31,57,65,88,92,93,96"
409,12:29,10,10,인천공항,10,"7,8,20,25,28,33,52,64,68,109"
409,12:29,2,2,수서,8,"14,22,69,79,81,84,85,94"
409,12:29,3,3,삼성,16,"4,9,44,59,60,67,71,76,77,86,101,102,103,104,106,113"
409,12:29,4,4,여의도,15,"0,13,18,21,39,48,50,56,66,72,82,83,87,89,108"
409,12:29,5,5,김포공항,11,"5,6,19,24,49,54,74,80,110,111,115"
409,12:29,6,6,일산,2,"27,47"
409,12:29,7,7,판교,8,"10,40,42,75,78,91,107,112"
409,12:29,9,9,평택,15,"23,26,46,62,73,90,95,97,98,99,100,105,114,116,118"
410,12:30,1,1,서울역,7,"1,31,57,65,88,93,96"
410,12:30,10,10,인천공항,10,"7,8,20,25,28,33,52,64,68,109"
410,12:30,2,2,수서,8,"14,22,69,79,81,84,85,94"
410,12:30,3,3,삼성,16,"4,9,44,59,60,67,71,76,77,86,101,102,103,104,106,113"
410,12:30,4,4,여의도,14,"0,13,18,21,39,50,56,66,72,82,83,87,89,108"
410,12:30,5,5,김포공항,11,"5,6,19,24,49,54,74,80,110,111,115"
410,12:30,6,6,일산,2,"27,47"
410,12:30,7,7,판교,8,"10,16,40,75,78,91,107,112"
410,12:30,9,9,평택,15,"23,26,46,62,73,90,95,97,98,99,100,105,114,116,118"
411,12:31,1,1,서울역,7,"1,31,57,65,88,93,96"
411,12:31,10,10,인천공항,8,"7,8,20,28,33,52,68,109"
411,12:31,2,2,수서,8,"14,22,69,79,81,84,85,94"
411,12:31,3,3,삼성,15,"9,44,59,60,67,71,76,77,86,101,102,103,104,106,113"
411,12:31,4,4,여의도,15,"0,2,13,18,21,39,50,56,66,72,82,83,87,89,108"
411,12:31,5,5,김포공항,11,"5,6,19,24,49,54,74,80,110,111,115"
411,12:31,6,6,일산,3,"27,47,55"
411,12:31,7,7,판교,8,"10,16,43,75,78,91,107,112"
411,12:31,9,9,평택,14,"23,46,62,73,90,95,97,98,99,100,105,114,116,118"
412,12:32,1,1,서울역,7,"1,31,57,65,88,93,96"
412,12:32,10,10,인천공항,7,"7,8,20,28,52,68,109"
412,12:32,2,2,수서,8,"14,22,69,79,81,84,85,94"
412,12:32,3,3,삼성,14,"9,59,60,67,71,76,77,86,101,102,103,104,106,113"
412,12:32,4,4,여의도,15,"0,2,12,13,21,39,50,56,66,72,82,83,87,89,108"
412,12:32,5,5,김포공항,11,"5,6,19,24,49,54,74,80,110,111,115"
412,12:32,6,6,일산,2,"27,55"
412,12:32,7,7,판교,7,"10,16,43,78,91,107,112"
412,12:32,8,8,동탄/용인,1,58
412,12:32,9,9,평택,14,"23,46,62,73,90,95,97,98,99,100,105,114,116,118"
413,12:33,1,1,서울역,7,"1,31,57,65,88,93,96"
413,12:33,10,10,인천공항,7,"7,8,20,28,52,68,109"
413,12:33,2,2,수서,8,"14,22,69,79,81,84,85,94"
413,12:33,3,3,삼성,13,"9,60,67,71,76,77,86,101,102,103,104,106,113"
413,12:33,4,4,여의도,14,"2,12,13,21,39,50,56,66,72,82,83,87,89,108"
413,12:33,5,5,김포공항,11,"5,6,19,24,49,54,74,80,110,111,115"
413,12:33,6,6,일산,3,"27,55,70"
413,12:33,7,7,판교,6,"16,43,78,91,107,112"
413,12:33,8,8,동탄/용인,2,"11,58"
413,12:33,9,9,평택,14,"23,46,62,73,90,95,97,98,99,100,105,114,116,118"
414,12:34,1,1,서울역,7,"1,31,35,65,88,93,96"
414,12:34,10,10,인천공항,8,"7,8,20,28,34,52,68,109"
414,12:34,2,2,수서,7,"22,69,79,81,84,85,94"
414,12:34,3,3,삼성,13,"9,60,67,71,76,77,86,101,102,103,104,106,113"
414,12:34,4,4,여의도,15,"2,12,13,21,36,39,50,56,66,72,82,83,87,89,108"
414,12:34,5,5,김포공항,11,"5,6,19,24,49,54,74,80,110,111,115"
414,12:34,6,6,일산,3,"27,55,70"
414,12:34,7,7,판교,6,"16,43,78,91,107,112"
414,12:34,8,8,동탄/용인,2,"11,58"
414,12:34,9,9,평택,14,"30,46,62,73,90,95,97,98,99,100,105,114,116,118"
415,12:35,1,1,서울역,7,"1,31,35,65,88,93,96"
415,12:35,10,10,인천공항,8,"7,8,20,28,34,52,68,109"
415,12:35,2,2,수서,7,"22,69,79,81,84,85,94"
415,12:35,3,3,삼성,12,"9,67,71,76,77,86,101,102,103,104,106,113"
415,12:35,4,4,여의도,15,"2,12,13,21,36,39,50,56,66,72,82,83,87,89,108"
415,12:35,5,5,김포공항,11,"5,6,19,24,49,54,74,80,110,111,115"
415,12:35,6,6,일산,3,"27,55,70"
415,12:35,7,7,판교,6,"16,43,78,91,107,112"
415,12:35,8,8,동탄/용인,1,11
415,12:35,9,9,평택,15,"30,32,46,62,73,90,95,97,98,99,100,105,114,116,118"
416,12:36,1,1,서울역,7,"1,31,35,65,88,93,96"
416,12:36,10,10,인천공항,8,"7,8,20,28,34,52,68,109"
416,12:36,2,2,수서,7,"22,69,79,81,84,85,94"
416,12:36,3,3,삼성,12,"9,67,71,76,77,86,101,102,103,104,106,113"
416,12:36,4,4,여의도,15,"2,12,13,21,36,39,50,56,66,72,82,83,87,89,108"
416,12:36,5,5,김포공항,11,"5,6,19,24,49,54,74,80,110,111,115"
416,12:36,6,6,일산,3,"27,55,70"
416,12:36,7,7,판교,4,"43,78,91,112"
416,12:36,8,8,동탄/용인,1,11
416,12:36,9,9,평택,16,"30,32,46,51,62,73,90,95,97,98,99,100,105,114,116,118"
417,12:37,1,1,서울역,7,"1,31,35,65,88,93,96"
417,12:37,10,10,인천공항,8,"7,8,20,28,34,52,68,109"
417,12:37,2,2,수서,6,"69,79,81,84,85,94"
417,12:37,3,3,삼성,12,"9,67,71,76,77,86,101,102,103,104,106,113"
417,12:37,4,4,여의도,15,"2,12,13,21,36,39,50,56,66,72,82,83,87,89,108"
417,12:37,5,5,김포공항,11,"5,17,19,24,49,54,74,80,110,111,115"
417,12:37,6,6,일산,2,"27,70"
417,12:37,7,7,판교,6,"41,43,48,78,91,112"
417,12:37,8,8,동탄/용인,1,11
417,12:37,9,9,평택,16,"30,32,46,51,62,73,90,95,97,98,99,100,105,114,116,118"
418,12:38,1,1,서울역,5,"1,31,35,88,96"
418,12:38,10,10,인천공항,9,"7,8,20,28,29,34,52,68,109"
418,12:38,2,2,수서,6,"69,79,81,84,85,94"
418,12:38,3,3,삼성,13,"9,45,67,71,76,77,86,101,102,103,104,106,113"
418,12:38,4,4,여의도,15,"2,12,13,21,36,39,50,56,66,72,82,83,87,89,108"
418,12:38,5,5,김포공항,11,"5,17,19,24,49,54,74,80,110,111,115"
418,12:38,6,6,일산,2,"27,70"
418,12:38,7,7,판교,5,"41,43,48,91,112"
418,12:38,8,8,동탄/용인,1,11
418,12:38,9,9,평택,16,"30,32,46,51,62,73,90,95,97,98,99,100,105,114,116,118"
419,12:39,1,1,서울역,5,"1,31,35,88,96"
419,12:39,10,10,인천공항,11,"3,7,8,20,28,29,34,52,68,109,117"
419,12:39,2,2,수서,6,"0,79,81,84,85,94"
419,12:39,3,3,삼성,13,"9,45,67,71,76,77,86,101,102,103,104,106,113"
419,12:39,4,4,여의도,16,"2,12,13,21,36,39,50,56,66,72,75,82,83,87,89,108"
419,12:39,5,5,김포공항,11,"4,5,17,24,49,54,74,80,110,111,115"
419,12:39,6,6,일산,3,"27,63,70"
419,12:39,7,7,판교,4,"41,43,48,91"
419,12:39,8,8,동탄/용인,1,11
419,12:39,9,9,평택,16,"30,32,46,51,62,73,90,95,97,98,99,100,105,114,116,118"
420,12:40,1,1,서울역,6,"1,10,31,35,88,96"
420,12:40,10,10,인천공항,11,"3,7,8,20,28,29,34,52,68,109,117"
420,12:40,2,2,수서,6,"0,79,81,84,85,94"
420,12:40,3,3,삼성,14,"9,37,45,67,71,76,77,86,101,102,103,104,106,113"
420,12:40,4,4,여의도,15,"2,12,13,21,36,39,50,66,72,75,82,83,87,89,108"
420,12:40,5,5,김포공항,12,"4,5,17,24,42,49,54,74,80,110,111,115"
420,12:40,6,6,일산,3,"27,63,70"
420,12:40,7,7,판교,3,"41,43,119"
420,12:40,8,8,동탄/용인,1,11
420,12:40,9,9,평택,14,"46,51,62,73,90,95,97,98,99,100,105,114,116,118"
421,12:41,1,1,서울역,6,"1,10,31,35,88,96"
421,12:41,10,10,인천공항,11,"3,8,20,28,29,34,52,53,68,109,117"
421,12:41,2,2,수서,6,"0,79,81,84,85,94"
421,12:41,3,3,삼성,15,"9,15,37,45,67,71,76,77,86,101,102,103,104,106,113"
421,12:41,4,4,여의도,15,"2,12,13,21,36,39,50,66,72,75,82,83,87,89,108"
421,12:41,5,5,김포공항,13,"4,5,17,24,40,42,49,54,74,80,110,111,115"
421,12:41,6,6,일산,3,"27,63,70"
421,12:41,7,7,판교,3,"41,43,119"
421,12:41,8,8,동탄/용인,1,11
421,12:41,9,9,평택,13,"51,62,73,90,95,97,98,99,100,105,114,116,118"
422,12:42,1,1,서울역,5,"1,10,31,35,96"
422,12:42,10,10,인천공항,10,"3,8,20,29,34,52,53,68,109,117"
422,12:42,2,2,수서,6,"0,79,81,84,85,94"
422,12:42,3,3,삼성,16,"9,15,37,45,61,67,71,76,77,86,101,102,103,104,106,113"
422,12:42,4,4,여의도,14,"2,12,13,36,39,50,66,72,75,82,83,87,89,108"
422,12:42,5,5,김포공항,14,"4,5,14,17,24,40,42,49,54,74,80,110,111,115"
422,12:42,6,6,일산,3,"27,63,70"
422,12:42,7,7,판교,3,"41,43,119"
422,12:42,8,8,동탄/용인,1,11
422,12:42,9,9,평택,13,"51,62,73,90,95,97,98,99,100,105,114,116,118"
423,12:43,1,1,서울역,5,"1,10,31,35,96"
423,12:43,10,10,인천공항,11,"3,8,20,29,34,47,52,53,68,109,117"
423,12:43,2,2,수서,5,"0,79,81,85,94"
423,12:43,3,3,삼성,16,"9,15,37,45,61,67,71,76,77,86,101,102,103,104,106,113"
423,12:43,4,4,여의도,17,"2,12,13,16,25,36,39,50,66,72,75,82,83,87,89,107,108"
423,12:43,5,5,김포공항,13,"4,14,17,24,40,42,49,54,74,80,110,111,115"
423,12:43,6,6,일산,3,"27,63,70"
423,12:43,7,7,판교,2,"43,119"
423,12:43,9,9,평택,13,"51,62,73,90,95,97,98,99,100,105,114,116,118"
424,12:44,1,1,서울역,5,"1,10,31,35,96"
424,12:44,10,10,인천공항,12,"3,8,18,20,29,34,47,52,53,68,109,117"
424,12:44,2,2,수서,5,"0,79,81,85,94"
424,12:44,3,3,삼성,17,"9,15,37,38,45,61,67,71,76,77,86,101,102,103,104,106,113"
424,12:44,4,4,여의도,16,"2,13,16,25,36,39,50,66,72,75,82,83,87,89,107,108"
424,12:44,5,5,김포공항,13,"4,14,17,24,40,42,49,54,74,80,110,111,115"
424,12:44,6,6,일산,3,"27,63,70"
424,12:44,7,7,판교,2,"43,119"
424,12:44,9,9,평택,13,"51,62,73,90,95,97,98,99,100,105,114,116,118"
425,12:45,1,1,서울역,5,"1,10,31,78,96"
425,12:45,10,10,인천공항,12,"3,8,18,20,29,34,47,52,53,68,109,117"
425,12:45,2,2,수서,4,"0,79,81,94"
425,12:45,3,3,삼성,17,"9,15,37,38,45,61,67,71,76,77,86,101,102,103,104,106,113"
425,12:45,4,4,여의도,16,"2,13,16,25,36,39,50,66,72,75,82,83,87,89,107,108"
425,12:45,5,5,김포공항,14,"4,14,17,22,24,40,42,49,54,74,80,110,111,115"
425,12:45,6,6,일산,3,"27,63,70"
425,12:45,7,7,판교,2,"43,119"
425,12:45,9,9,평택,12,"62,73,90,95,97,98,99,100,105,114,116,118"
426,12:46,1,1,서울역,5,"1,10,31,78,96"
426,12:46,10,10,인천공항,12,"3,8,18,20,29,34,47,52,53,68,109,117"
426,12:46,2,2,수서,4,"0,79,81,94"
426,12:46,3,3,삼성,18,"9,15,37,38,45,61,64,67,71,76,77,86,101,102,103,104,106,113"
426,12:46,4,4,여의도,18,"13,16,25,26,36,39,50,58,66,72,75,82,83,87,89,107,108,112"
426,12:46,5,5,김포공항,14,"4,14,17,22,24,40,42,49,54,74,80,110,111,115"
426,12:46,6,6,일산,3,"27,63,70"
426,12:46,7,7,판교,2,"43,119"
426,12:46,8,8,동탄/용인,1,32
426,12:46,9,9,평택,13,"62,73,90,92,95,97,98,99,100,105,114,116,118"
427,12:47,1,1,서울역,6,"1,10,31,78,91,96"
427,12:47,10,10,인천공항,12,"3,18,20,29,34,47,52,53,57,68,109,117"
427,12:47,2,2,수서,4,"0,79,81,94"
427,12:47,3,3,삼성,18,"9,15,33,37,38,61,64,67,71,76,77,86,101,102,103,104,106,113"
427,12:47,4,4,여의도,17,"16,25,26,36,48,50,58,66,72,75,82,83,87,89,107,108,112"
427,12:47,5,5,김포공항,13,"14,22,24,40,42,49,54,69,74,80,110,111,115"
427,12:47,6,6,일산,3,"27,63,70"
427,12:47,7,7,판교,3,"43,56,119"
427,12:47,8,8,동탄/용인,2,"32,46"
427,12:47,9,9,평택,14,"44,62,73,90,92,95,97,98,99,100,105,114,116,118"
428,12:48,1,1,서울역,6,"1,10,31,78,91,96"
428,12:48,10,10,인천공항,12,"3,18,20,29,34,47,52,53,57,68,109,117"
428,12:48,2,2,수서,3,"0,81,94"
428,12:48,3,3,삼성,16,"15,33,38,61,64,67,71,76,77,86,101,102,103,104,106,113"
428,12:48,4,4,여의도,17,"16,25,26,36,48,50,58,66,72,75,82,83,87,89,107,108,112"
428,12:48,5,5,김포공항,12,"22,24,40,42,49,54,69,74,80,110,111,115"
428,12:48,6,6,일산,3,"27,63,70"
428,12:48,7,7,판교,2,"56,119"
428,12:48,8,8,동탄/용인,2,"32,46"
428,12:48,9,9,평택,15,"44,59,62,73,90,92,95,97,98,99,100,105,114,116,118"
429,12:49,1,1,서울역,6,"1,10,31,78,91,96"
429,12:49,10,10,인천공항,12,"3,18,20,29,34,47,52,53,57,68,109,117"
429,12:49,2,2,수서,2,"0,81"
429,12:49,3,3,삼성,16,"15,33,38,61,64,67,71,76,77,86,101,102,103,104,106,113"
429,12:49,4,4,여의도,18,"16,23,25,26,36,48,50,58,66,72,75,82,83,87,89,107,108,112"
429,12:49,5,5,김포공항,12,"22,24,40,42,49,54,69,74,80,110,111,115"
429,12:49,6,6,일산,3,"27,63,70"
429,12:49,7,7,판교,2,"56,119"
429,12:49,8,8,동탄/용인,1,46
429,12:49,9,9,평택,15,"44,59,62,73,90,92,95,97,98,99,100,105,114,116,118"
430,12:50,1,1,서울역,6,"1,10,31,78,91,96"
430,12:50,10,10,인천공항,13,"3,18,20,29,34,47,52,53,57,60,68,109,117"
430,12:50,2,2,수서,3,"0,12,81"
430,12:50,3,3,삼성,13,"15,38,64,67,71,77,86,101,102,103,104,106,113"
430,12:50,4,4,여의도,19,"16,23,25,26,36,41,48,50,58,66,72,75,82,83,87,89,107,108,112"
430,12:50,5,5,김포공항,12,"22,24,40,42,49,54,69,74,80,110,111,115"
430,12:50,6,6,일산,3,"27,63,70"
430,12:50,7,7,판교,1,119
430,12:50,9,9,평택,15,"44,59,62,73,90,92,95,97,98,99,100,105,114,116,118"
431,12:51,1,1,서울역,6,"1,10,31,78,91,96"
431,12:51,10,10,인천공항,14,"3,18,20,29,34,47,52,53,57,60,65,68,109,117"
431,12:51,2,2,수서,4,"0,12,37,81"
431,12:51,3,3,삼성,13,"15,38,64,67,71,77,86,101,102,103,104,106,113"
431,12:51,4,4,여의도,19,"16,23,25,26,36,41,48,50,58,66,72,75,82,83,87,89,107,108,112"
431,12:51,5,5,김포공항,13,"22,24,40,42,49,54,69,74,80,84,110,111,115"
431,12:51,6,6,일산,3,"27,63,70"
431,12:51,7,7,판교,1,119
431,12:51,9,9,평택,15,"44,59,62,73,90,92,95,97,98,99,100,105,114,116,118"
432,12:52,1,1,서울역,6,"1,10,31,78,91,96"
432,12:52,10,10,인천공항,14,"3,18,20,29,34,47,52,53,57,60,65,68,109,117"
432,12:52,2,2,수서,3,"0,12,37"
432,12:52,3,3,삼성,13,"15,38,64,67,71,77,86,101,102,103,104,106,113"
432,12:52,4,4,여의도,18,"16,23,25,26,41,48,50,58,66,72,75,82,83,87,89,107,108,112"
432,12:52,5,5,김포공항,13,"22,24,40,42,49,54,69,74,80,84,110,111,115"
432,12:52,6,6,일산,2,"27,70"
432,12:52,7,7,판교,1,119
432,12:52,9,9,평택,15,"44,59,62,73,90,92,95,97,98,99,100,105,114,116,118"
433,12:53,1,1,서울역,5,"10,31,78,91,96"
433,12:53,10,10,인천공항,13,"18,20,29,34,47,52,53,57,60,65,68,109,117"
433,12:53,2,2,수서,5,"0,12,13,37,76"
433,12:53,3,3,삼성,14,"11,15,38,64,67,71,77,86,101,102,103,104,106,113"
433,12:53,4,4,여의도,19,"7,16,23,25,26,41,48,50,58,66,72,75,82,83,87,89,107,108,112"
433,12:53,5,5,김포공항,14,"22,24,40,42,49,54,69,74,80,84,85,110,111,115"
433,12:53,6,6,일산,2,"27,70"
433,12:53,7,7,판교,1,2
433,12:53,9,9,평택,15,"44,59,62,73,90,92,95,97,98,99,100,105,114,116,118"
434,12:54,1,1,서울역,5,"10,31,78,91,96"
434,12:54,10,10,인천공항,12,"18,29,34,47,52,53,57,60,65,68,109,117"
434,12:54,2,2,수서,4,"0,12,13,76"
434,12:54,3,3,삼성,14,"11,15,38,64,67,71,77,86,101,102,103,104,106,113"
434,12:54,4,4,여의도,19,"7,16,23,25,26,41,48,50,58,66,72,75,82,83,87,89,107,108,112"
434,12:54,5,5,김포공항,14,"22,24,40,42,49,54,69,74,80,84,85,110,111,115"
434,12:54,6,6,일산,2,"27,70"
434,12:54,7,7,판교,1,2
434,12:54,8,8,동탄/용인,1,55
434,12:54,9,9,평택,17,"6,44,59,62,73,90,92,93,95,97,98,99,100,105,114,116,118"
435,12:55,1,1,서울역,5,"10,31,78,91,96"
435,12:55,10,10,인천공항,13,"18,29,34,47,52,53,57,60,65,68,88,109,117"
435,12:55,2,2,수서,3,"12,13,76"
435,12:55,3,3,삼성,14,"11,15,38,64,67,71,77,86,101,102,103,104,106,113"
435,12:55,4,4,여의도,18,"7,16,25,26,30,41,50,58,66,72,75,82,83,87,89,107,108,112"
435,12:55,5,5,김포공항,14,"22,24,40,42,49,54,69,74,80,84,85,110,111,115"
435,12:55,6,6,일산,2,"27,70"
435,12:55,7,7,판교,1,2
435,12:55,8,8,동탄/용인,1,55
435,12:55,9,9,평택,17,"6,44,59,62,73,90,92,93,95,97,98,99,100,105,114,116,118"
436,12:56,1,1,서울역,5,"10,31,78,91,96"
436,12:56,10,10,인천공항,12,"18,34,47,52,53,57,60,65,68,88,109,117"
436,12:56,2,2,수서,2,"12,13"
436,12:56,3,3,삼성,14,"11,15,38,64,67,71,77,86,101,102,103,104,106,113"
436,12:56,4,4,여의도,18,"7,16,25,26,30,41,50,58,66,72,75,82,83,87,89,107,108,112"
436,12:56,5,5,김포공항,15,"22,24,40,42,49,54,69,74,79,80,84,85,110,111,115"
436,12:56,6,6,일산,2,"27,70"
436,12:56,8,8,동탄/용인,1,55
436,12:56,9,9,평택,18,"6,19,44,59,62,73,90,92,93,95,97,98,99,100,105,114,116,118"
437,12:57,1,1,서울역,5,"10,31,78,91,96"
437,12:57,10,10,인천공항,13,"4,18,34,47,52,53,57,60,65,68,88,109,117"
437,12:57,2,2,수서,2,"12,13"
437,12:57,3,3,삼성,15,"11,15,28,38,64,67,71,77,86,101,102,103,104,106,113"
437,12:57,4,4,여의도,18,"7,16,25,26,30,41,50,58,66,72,75,82,83,87,89,107,108,112"
437,12:57,5,5,김포공항,16,"22,24,40,42,49,54,69,74,79,80,84,85,94,110,111,115"
437,12:57,6,6,일산,2,"27,70"
437,12:57,7,7,판교,1,33
437,12:57,8,8,동탄/용인,2,"35,55"
437,12:57,9,9,평택,18,"6,19,21,44,62,73,90,92,93,95,97,98,99,100,105,114,116,118"
438,12:58,1,1,서울역,5,"10,31,78,91,96"
438,12:58,10,10,인천공항,13,"4,18,34,47,52,53,57,60,65,68,88,109,117"
438,12:58,2,2,수서,2,"12,13"
438,12:58,3,3,삼성,15,"11,15,28,38,64,67,71,77,86,101,102,103,104,106,113"
438,12:58,4,4,여의도,17,"7,16,26,30,41,50,58,66,72,75,82,83,87,89,107,108,112"
438,12:58,5,5,김포공항,16,"22,24,40,42,49,54,69,74,79,80,84,85,94,110,111,115"
438,12:58,6,6,일산,3,"9,27,70"
438,12:58,7,7,판교,1,33
438,12:58,8,8,동탄/용인,2,"35,55"
438,12:58,9,9,평택,18,"6,19,21,44,62,73,90,92,93,95,97,98,99,100,105,114,116,118"
439,12:59,1,1,서울역,5,"10,31,78,91,96"
439,12:59,10,10,인천공항,13,"4,18,34,47,52,53,57,60,65,68,88,109,117"
439,12:59,2,2,수서,2,"12,13"
439,12:59,3,3,삼성,16,"11,15,28,32,38,64,67,71,77,86,101,102,103,104,106,113"
439,12:59,4,4,여의도,16,"7,16,30,41,50,58,66,72,75,82,83,87,89,107,108,112"
439,12:59,5,5,김포공항,16,"22,24,40,42,49,54,69,74,79,80,84,85,94,110,111,115"
439,12:59,6,6,일산,3,"9,27,70"
439,12:59,7,7,판교,2,"33,36"
439,12:59,8,8,동탄/용인,2,"35,55"
439,12:59,9,9,평택,17,"6,19,21,44,62,73,92,93,95,97,98,99,100,105,114,116,118"
440,13:00,1,1,서울역,5,"10,31,78,91,96"
440,13:00,10,10,인천공항,13,"4,18,34,47,52,53,57,60,65,68,88,109,117"
440,13:00,2,2,수서,1,13
440,13:00,3,3,삼성,16,"11,15,32,38,46,51,64,67,77,86,101,102,103,104,106,113"
440,13:00,4,4,여의도,17,"7,16,30,41,50,58,66,72,75,82,83,87,89,107,108,112,119"
440,13:00,5,5,김포공항,17,"22,24,40,42,49,54,69,74,79,80,81,84,85,94,110,111,115"
440,13:00,6,6,일산,4,"9,27,43,70"
440,13:00,7,7,판교,2,"1,36"
440,13:00,8,8,동탄/용인,2,"35,55"
440,13:00,9,9,평택,18,"5,6,19,21,44,62,73,92,93,95,97,98,99,100,105,114,116,118"
441,13:01,1,1,서울역,4,"10,78,91,96"
441,13:01,10,10,인천공항,13,"4,18,34,47,52,53,57,60,65,68,88,109,117"
441,13:01,2,2,수서,1,13
441,13:01,3,3,삼성,15,"11,32,38,46,51,64,67,77,86,101,102,103,104,106,113"
441,13:01,4,4,여의도,17,"7,16,30,41,50,58,66,72,75,82,83,87,89,107,108,112,119"
441,13:01,5,5,김포공항,17,"22,24,40,42,49,54,69,74,79,80,81,84,85,94,110,111,115"
441,13:01,6,6,일산,4,"9,27,43,70"
441,13:01,7,7,판교,2,"1,36"
441,13:01,8,8,동탄/용인,2,"35,55"
441,13:01,9,9,평택,18,"5,6,19,21,44,62,73,92,93,95,97,98,99,100,105,114,116,118"
442,13:02,1,1,서울역,3,"78,91,96"
442,13:02,10,10,인천공항,13,"4,18,34,47,52,53,57,60,65,68,88,109,117"
442,13:02,3,3,삼성,15,"8,11,32,46,51,64,67,77,86,101,102,103,104,106,113"
442,13:02,4,4,여의도,17,"7,16,30,41,50,58,66,72,75,82,83,87,89,107,108,112,119"
442,13:02,5,5,김포공항,17,"22,24,40,42,49,54,69,74,79,80,81,84,85,94,110,111,115"
442,13:02,6,6,일산,4,"9,27,43,70"
442,13:02,7,7,판교,1,1
442,13:02,8,8,동탄/용인,2,"35,55"
442,13:02,9,9,평택,19,"5,6,21,39,44,45,62,73,92,93,95,97,98,99,100,105,114,116,118"
443,13:03,1,1,서울역,3,"78,91,96"
443,13:03,10,10,인천공항,14,"4,18,34,47,52,53,57,60,63,65,68,88,109,117"
443,13:03,3,3,삼성,14,"8,11,32,46,64,67,77,86,101,102,103,104,106,113"
443,13:03,4,4,여의도,18,"2,7,16,30,41,50,58,66,72,75,82,83,87,89,107,108,112,119"
443,13:03,5,5,김포공항,18,"0,22,24,40,42,49,54,69,74,79,80,81,84,85,94,110,111,115"
443,13:03,6,6,일산,4,"9,27,43,70"
443,13:03,7,7,판교,1,1
443,13:03,8,8,동탄/용인,2,"35,55"
443,13:03,9,9,평택,19,"5,6,21,39,44,45,62,73,92,93,95,97,98,99,100,105,114,116,118"
444,13:04,1,1,서울역,3,"78,91,96"
444,13:04,10,10,인천공항,14,"4,18,34,47,52,53,57,60,63,65,68,88,109,117"
444,13:04,3,3,삼성,14,"8,11,32,46,64,67,77,86,101,102,103,104,106,113"
444,13:04,4,4,여의도,17,"2,7,16,30,50,58,66,72,75,82,83,87,89,107,108,112,119"
444,13:04,5,5,김포공항,18,"0,22,24,40,42,49,54,69,74,79,80,81,84,85,94,110,111,115"
444,13:04,6,6,일산,4,"9,27,43,70"
444,13:04,7,7,판교,1,1
444,13:04,8,8,동탄/용인,2,"35,55"
444,13:04,9,9,평택,20,"5,6,17,21,39,44,45,62,73,92,93,95,97,98,99,100,105,114,116,118"
445,13:05,1,1,서울역,3,"78,91,96"
445,13:05,10,10,인천공항,13,"4,18,34,52,53,57,60,63,65,68,88,109,117"
445,13:05,3,3,삼성,13,"11,32,46,64,67,77,86,101,102,103,104,106,113"
445,13:05,4,4,여의도,18,"2,3,7,16,30,50,58,66,72,75,82,83,87,89,107,108,112,119"
445,13:05,5,5,김포공항,18,"0,22,24,40,42,49,54,69,74,79,80,81,84,85,94,110,111,115"
445,13:05,6,6,일산,4,"9,37,43,70"
445,13:05,7,7,판교,1,1
445,13:05,8,8,동탄/용인,2,"35,55"
445,13:05,9,9,평택,22,"5,6,14,17,21,39,44,45,61,62,73,92,93,95,97,98,99,100,105,114,116,118"
446,13:06,1,1,서울역,3,"78,91,96"
446,13:06,10,10,인천공항,14,"4,18,34,52,53,56,57,60,63,65,68,88,109,117"
446,13:06,3,3,삼성,12,"11,46,64,67,77,86,101,102,103,104,106,113"
446,13:06,4,4,여의도,18,"2,3,7,16,20,50,58,66,72,75,82,83,87,89,107,108,112,119"
446,13:06,5,5,김포공항,18,"0,22,24,40,42,49,54,69,74,79,80,81,84,85,94,110,111,115"
446,13:06,6,6,일산,3,"9,37,70"
446,13:06,7,7,판교,1,1
446,13:06,8,8,동탄/용인,2,"35,55"
446,13:06,9,9,평택,20,"6,14,17,39,44,45,61,62,73,92,93,95,97,98,99,100,105,114,116,118"
447,13:07,1,1,서울역,4,"33,78,91,96"
447,13:07,10,10,인천공항,15,"4,18,23,34,52,53,56,57,60,63,65,68,88,109,117"
447,13:07,3,3,삼성,12,"11,46,64,67,77,86,101,102,103,104,106,113"
447,13:07,4,4,여의도,17,"2,3,16,20,50,58,66,72,75,82,83,87,89,107,108,112,119"
447,13:07,5,5,김포공항,18,"0,22,24,40,42,49,54,69,74,79,80,81,84,85,94,110,111,115"
447,13:07,6,6,일산,3,"9,37,70"
447,13:07,7,7,판교,2,"1,28"
447,13:07,8,8,동탄/용인,2,"35,55"
447,13:07,9,9,평택,19,"6,14,17,39,45,61,62,73,92,93,95,97,98,99,100,105,114,116,118"
448,13:08,1,1,서울역,4,"33,78,91,96"
448,13:08,10,10,인천공항,15,"4,18,23,34,52,53,56,57,60,63,65,68,88,109,117"
448,13:08,2,2,수서,1,8
448,13:08,3,3,삼성,12,"11,46,64,67,77,86,101,102,103,104,106,113"
448,13:08,4,4,여의도,18,"2,3,16,20,29,50,58,66,72,75,82,83,87,89,107,108,112,119"
448,13:08,5,5,김포공항,19,"0,12,22,24,40,42,49,54,69,74,79,80,81,84,85,94,110,111,115"
448,13:08,6,6,일산,3,"9,37,70"
448,13:08,7,7,판교,3,"1,28,31"
448,13:08,8,8,동탄/용인,2,"35,55"
448,13:08,9,9,평택,18,"6,14,17,45,61,62,73,92,93,95,97,98,99,100,105,114,116,118"
449,13:09,1,1,서울역,4,"33,78,91,96"
449,13:09,10,10,인천공항,14,"4,18,23,52,53,56,57,60,63,65,68,88,109,117"
449,13:09,2,2,수서,2,"8,10"
449,13:09,3,3,삼성,12,"11,46,64,67,77,86,101,102,103,104,106,113"
449,13:09,4,4,여의도,19,"2,3,16,20,29,36,50,58,66,72,75,82,83,87,89,107,108,112,119"
449,13:09,5,5,김포공항,19,"0,12,22,24,40,42,49,54,69,74,79,80,81,84,85,94,110,111,115"
449,13:09,6,6,일산,3,"9,37,70"
449,13:09,7,7,판교,3,"1,28,31"
449,13:09,8,8,동탄/용인,2,"35,55"
449,13:09,9,9,평택,18,"6,14,17,45,61,62,73,92,93,95,97,98,99,100,105,114,116,118"
450,13:10,1,1,서울역,4,"33,78,91,96"
450,13:10,10,10,인천공항,15,"4,18,23,25,52,53,56,57,60,63,65,68,88,109,117"
450,13:10,2,2,수서,2,"8,10"
450,13:10,3,3,삼성,11,"11,64,67,77,86,101,102,103,104,106,113"
450,13:10,4,4,여의도,18,"3,16,20,29,36,50,58,66,72,75,82,83,87,89,107,108,112,119"
450,13:10,5,5,김포공항,20,"0,12,13,22,24,40,42,49,54,69,74,79,80,81,84,85,94,110,111,115"
450,13:10,6,6,일산,3,"9,37,70"
450,13:10,7,7,판교,2,"31,51"
450,13:10,8,8,동탄/용인,2,"35,55"
450,13:10,9,9,평택,20,"6,14,17,45,48,61,62,73,76,92,93,95,97,98,99,100,105,114,116,118"
451,13:11,1,1,서울역,4,"33,78,91,96"
451,13:11,10,10,인천공항,16,"4,18,23,25,26,52,53,56,57,60,63,65,68,88,109,117"
451,13:11,2,2,수서,1,10
451,13:11,3,3,삼성,11,"11,64,67,77,86,101,102,103,104,106,113"
451,13:11,4,4,여의도,17,"3,20,29,36,50,58,66,72,75,82,83,87,89,107,108,112,119"
451,13:11,5,5,김포공항,20,"0,12,13,22,24,40,42,49,54,69,74,79,80,81,84,85,94,110,111,115"
451,13:11,6,6,일산,4,"9,15,37,70"
451,13:11,7,7,판교,2,"31,51"
451,13:11,8,8,동탄/용인,2,"35,55"
451,13:11,9,9,평택,19,"6,17,45,48,61,62,73,76,92,93,95,97,98,99,100,105,114,116,118"
452,13:12,1,1,서울역,5,"27,33,78,91,96"
452,13:12,10,10,인천공항,16,"4,18,23,25,26,52,53,56,57,60,63,65,68,88,109,117"
452,13:12,2,2,수서,1,10
452,13:12,3,3,삼성,11,"11,64,67,77,86,101,102,103,104,106,113"
452,13:12,4,4,여의도,17,"3,20,29,36,50,58,66,72,75,82,83,87,89,107,108,112,119"
452,13:12,5,5,김포공항,20,"0,12,13,22,24,40,42,49,54,69,74,79,80,81,84,85,94,110,111,115"
452,13:12,6,6,일산,4,"9,15,37,70"
452,13:12,7,7,판교,2,"31,51"
452,13:12,8,8,동탄/용인,2,"35,55"
452,13:12,9,9,평택,19,"6,17,45,48,61,62,73,76,92,93,95,97,98,99,100,105,114,116,118"
453,13:13,1,1,서울역,6,"27,33,59,78,91,96"
453,13:13,10,10,인천공항,16,"4,18,23,25,26,52,53,56,57,60,63,65,68,88,109,117"
453,13:13,2,2,수서,2,"7,10"
453,13:13,3,3,삼성,11,"11,64,67,77,86,101,102,103,104,106,113"
453,13:13,4,4,여의도,17,"3,20,29,36,50,58,66,72,75,82,83,87,89,107,108,112,119"
453,13:13,5,5,김포공항,20,"0,12,13,22,24,40,42,49,54,69,74,79,80,81,84,85,94,110,111,115"
453,13:13,6,6,일산,4,"9,15,37,70"
453,13:13,7,7,판교,3,"30,31,51"
453,13:13,8,8,동탄/용인,2,"35,55"
453,13:13,9,9,평택,19,"6,17,45,48,61,62,73,76,92,93,95,97,98,99,100,105,114,116,118"
454,13:14,1,1,서울역,6,"27,33,59,78,91,96"
454,13:14,10,10,인천공항,16,"4,18,23,25,26,52,53,56,57,60,63,65,68,88,109,117"
454,13:14,2,2,수서,2,"7,10"
454,13:14,3,3,삼성,11,"11,64,67,77,86,101,102,103,104,106,113"
454,13:14,4,4,여의도,17,"3,20,29,36,50,58,66,72,75,82,83,87,89,107,108,112,119"
454,13:14,5,5,김포공항,19,"12,13,22,24,40,42,49,54,69,74,79,80,81,84,85,94,110,111,115"
454,13:14,6,6,일산,4,"9,15,37,70"
454,13:14,7,7,판교,3,"30,31,51"
454,13:14,8,8,동탄/용인,2,"35,55"
454,13:14,9,9,평택,18,"6,17,48,61,62,73,76,92,93,95,97,98,99,100,105,114,116,118"
455,13:15,1,1,서울역,6,"27,33,59,78,91,96"
455,13:15,10,10,인천공항,16,"4,18,23,25,26,52,53,56,57,60,63,65,68,88,109,117"
455,13:15,2,2,수서,2,"7,10"
455,13:15,3,3,삼성,11,"11,64,67,77,86,101,102,103,104,106,113"
455,13:15,4,4,여의도,17,"3,20,29,36,50,58,66,72,75,82,83,87,89,107,108,112,119"
455,13:15,5,5,김포공항,19,"12,13,22,24,40,42,49,54,69,74,79,80,81,84,85,94,110,111,115"
455,13:15,6,6,일산,3,"15,37,70"
455,13:15,7,7,판교,3,"30,31,51"
455,13:15,8,8,동탄/용인,2,"35,55"
455,13:15,9,9,평택,19,"6,17,48,61,62,71,73,76,92,93,95,97,98,99,100,105,114,116,118"
456,13:16,1,1,서울역,6,"27,33,59,78,91,96"
456,13:16,10,10,인천공항,16,"4,18,23,25,26,52,53,56,57,60,63,65,68,88,109,117"
456,13:16,2,2,수서,3,"2,7,10"
456,13:16,3,3,삼성,11,"11,64,67,77,86,101,102,103,104,106,113"
456,13:16,4,4,여의도,16,"3,29,36,50,58,66,72,75,82,83,87,89,107,108,112,119"
456,13:16,5,5,김포공항,19,"12,13,22,24,40,42,49,54,69,74,79,80,81,84,85,94,110,111,115"
456,13:16,6,6,일산,2,"15,70"
456,13:16,7,7,판교,2,"31,51"
456,13:16,8,8,동탄/용인,2,"35,55"
456,13:16,9,9,평택,19,"6,17,48,61,62,71,73,76,92,93,95,97,98,99,100,105,114,116,118"
457,13:17,1,1,서울역,7,"1,27,33,59,78,91,96"
457,13:17,10,10,인천공항,16,"4,18,23,26,38,52,53,56,57,60,63,65,68,88,109,117"
457,13:17,2,2,수서,3,"2,7,10"
457,13:17,3,3,삼성,11,"11,64,67,77,86,101,102,103,104,106,113"
457,13:17,4,4,여의도,18,"3,19,28,29,36,50,58,66,72,75,82,83,87,89,107,108,112,119"
457,13:17,5,5,김포공항,19,"12,13,22,24,40,42,49,54,69,74,79,80,81,84,85,94,110,111,115"
457,13:17,6,6,일산,1,70
457,13:17,7,7,판교,2,"31,51"
457,13:17,8,8,동탄/용인,2,"35,55"
457,13:17,9,9,평택,19,"6,17,48,61,62,71,73,76,92,93,95,97,98,99,100,105,114,116,118"
458,13:18,1,1,서울역,7,"1,27,33,59,78,91,96"
458,13:18,10,10,인천공항,17,"4,18,23,26,38,52,53,56,57,60,63,65,68,88,90,109,117"
458,13:18,2,2,수서,3,"2,7,10"
458,13:18,3,3,삼성,11,"11,64,67,77,86,101,102,103,104,106,113"
458,13:18,4,4,여의도,18,"3,19,28,29,36,50,58,66,72,75,82,83,87,89,107,108,112,119"
458,13:18,5,5,김포공항,19,"12,13,22,24,40,42,49,54,69,74,79,80,81,84,85,94,110,111,115"
458,13:18,6,6,일산,1,70
458,13:18,7,7,판교,4,"16,31,43,51"
458,13:18,8,8,동탄/용인,2,"35,55"
458,13:18,9,9,평택,19,"6,17,48,61,62,71,73,76,92,93,95,97,98,99,100,105,114,116,118"
459,13:19,1,1,서울역,7,"1,27,33,59,78,91,96"
459,13:19,10,10,인천공항,16,"4,18,23,38,52,53,56,57,60,63,65,68,88,90,109,117"
459,13:19,2,2,수서,2,"2,10"
459,13:19,3,3,삼성,11,"11,64,67,77,86,101,102,103,104,106,113"
459,13:19,4,4,여의도,18,"3,19,28,29,36,50,58,66,72,75,82,83,87,89,107,108,112,119"
459,13:19,5,5,김포공항,21,"8,12,13,22,24,34,40,42,49,54,69,74,79,80,81,84,85,94,110,111,115"
459,13:19,6,6,일산,1,70
459,13:19,7,7,판교,4,"16,31,43,51"
459,13:19,8,8,동탄/용인,2,"35,55"
459,13:19,9,9,평택,20,"6,17,41,48,61,62,71,73,76,92,93,95,97,98,99,100,105,114,116,118"
460,13:20,1,1,서울역,7,"1,27,33,59,78,91,96"
460,13:20,10,10,인천공항,16,"4,18,23,38,52,53,56,57,60,63,65,68,88,90,109,117"
460,13:20,2,2,수서,3,"2,5,10"
460,13:20,3,3,삼성,12,"11,47,64,67,77,86,101,102,103,104,106,113"
460,13:20,4,4,여의도,16,"3,19,36,50,58,66,72,75,82,83,87,89,107,108,112,119"
460,13:20,5,5,김포공항,21,"8,12,13,22,24,34,40,42,49,54,69,74,79,80,81,84,85,94,110,111,115"
460,13:20,6,6,일산,1,70
460,13:20,7,7,판교,4,"16,31,43,51"
460,13:20,8,8,동탄/용인,2,"35,55"
460,13:20,9,9,평택,20,"6,17,41,48,61,62,71,73,76,92,93,95,97,98,99,100,105,114,116,118"
461,13:21,1,1,서울역,7,"1,27,33,59,78,91,96"
461,13:21,10,10,인천공항,17,"4,18,23,32,38,52,53,56,57,60,63,65,68,88,90,109,117"
461,13:21,2,2,수서,3,"2,5,10"
461,13:21,3,3,삼성,13,"11,21,47,64,67,77,86,101,102,103,104,106,113"
461,13:21,4,4,여의도,16,"3,19,36,50,58,66,72,75,82,83,87,89,107,108,112,119"
461,13:21,5,5,김포공항,20,"8,13,22,24,34,40,42,49,54,69,74,79,80,81,84,85,94,110,111,115"
461,13:21,7,7,판교,4,"16,31,43,51"
461,13:21,8,8,동탄/용인,2,"35,55"
461,13:21,9,9,평택,18,"17,41,48,61,62,71,76,92,93,95,97,98,99,100,105,114,116,118"
462,13:22,1,1,서울역,6,"1,27,59,78,91,96"
462,13:22,10,10,인천공항,17,"4,18,23,32,38,52,53,56,57,60,63,65,68,88,90,109,117"
462,13:22,2,2,수서,3,"2,5,20"
462,13:22,3,3,삼성,13,"11,21,47,64,67,77,86,101,102,103,104,106,113"
462,13:22,4,4,여의도,16,"3,19,36,50,58,66,72,75,82,83,87,89,107,108,112,119"
462,13:22,5,5,김포공항,20,"8,13,22,24,34,40,42,49,54,69,74,79,80,81,84,85,94,110,111,115"
462,13:22,7,7,판교,4,"16,31,43,51"
462,13:22,8,8,동탄/용인,2,"35,55"
462,13:22,9,9,평택,18,"17,41,48,61,62,71,76,92,93,95,97,98,99,100,105,114,116,118"
463,13:23,1,1,서울역,8,"1,27,30,44,59,78,91,96"
463,13:23,10,10,인천공항,16,"4,18,32,38,52,53,56,57,60,63,65,68,88,90,109,117"
463,13:23,2,2,수서,3,"2,5,20"
463,13:23,3,3,삼성,13,"11,21,47,64,67,77,86,101,102,103,104,106,113"
463,13:23,4,4,여의도,15,"3,19,36,50,58,66,72,75,83,87,89,107,108,112,119"
463,13:23,5,5,김포공항,20,"8,13,22,24,34,40,42,49,54,69,74,79,80,81,84,85,94,110,111,115"
463,13:23,7,7,판교,3,"16,43,51"
463,13:23,8,8,동탄/용인,2,"35,55"
463,13:23,9,9,평택,18,"17,41,48,61,62,71,76,92,93,95,97,98,99,100,105,114,116,118"
464,13:24,1,1,서울역,8,"1,27,30,39,44,78,91,96"
464,13:24,10,10,인천공항,16,"4,18,32,38,52,53,56,57,60,63,65,68,88,90,109,117"
464,13:24,2,2,수서,3,"2,5,20"
464,13:24,3,3,삼성,13,"11,21,47,64,67,77,86,101,102,103,104,106,113"
464,13:24,4,4,여의도,15,"3,19,36,50,58,66,72,75,83,87,89,107,108,112,119"
464,13:24,5,5,김포공항,19,"8,22,24,34,40,42,49,54,69,74,79,80,81,84,85,94,110,111,115"
464,13:24,7,7,판교,2,"43,51"
464,13:24,8,8,동탄/용인,2,"35,55"
464,13:24,9,9,평택,18,"17,41,48,61,62,71,76,92,93,95,97,98,99,100,105,114,116,118"
465,13:25,1,1,서울역,8,"1,27,30,39,44,78,91,96"
465,13:25,10,10,인천공항,16,"4,18,32,46,52,53,56,57,60,63,65,68,88,90,109,117"
465,13:25,2,2,수서,3,"2,5,20"
465,13:25,3,3,삼성,13,"11,21,47,64,67,77,86,101,102,103,104,106,113"
465,13:25,4,4,여의도,15,"3,19,36,50,58,66,72,75,83,87,89,107,108,112,119"
465,13:25,5,5,김포공항,19,"8,22,24,34,40,42,49,54,69,74,79,80,81,84,85,94,110,111,115"
465,13:25,7,7,판교,1,51
465,13:25,8,8,동탄/용인,2,"35,55"
465,13:25,9,9,평택,18,"17,41,48,61,62,71,76,92,93,95,97,98,99,100,105,114,116,118"
466,13:26,1,1,서울역,8,"1,27,30,39,44,78,91,96"
466,13:26,10,10,인천공항,16,"4,18,32,46,52,53,56,57,60,63,65,68,88,90,109,117"
466,13:26,2,2,수서,3,"2,5,20"
466,13:26,3,3,삼성,14,"11,14,21,47,64,67,77,86,101,102,103,104,106,113"
466,13:26,4,4,여의도,15,"3,19,36,50,58,66,72,75,83,87,89,107,108,112,119"
466,13:26,5,5,김포공항,19,"8,22,24,34,40,42,49,54,69,74,79,80,81,84,85,94,110,111,115"
466,13:26,7,7,판교,1,51
466,13:26,8,8,동탄/용인,2,"35,55"
466,13:26,9,9,평택,18,"17,41,48,61,62,71,76,92,93,95,97,98,99,100,105,114,116,118"
467,13:27,1,1,서울역,8,"1,27,30,39,44,78,91,96"
467,13:27,10,10,인천공항,16,"4,18,32,46,52,53,56,57,60,63,65,68,88,90,109,117"
467,13:27,2,2,수서,3,"2,5,20"
467,13:27,3,3,삼성,14,"11,14,21,47,64,67,77,86,101,102,103,104,106,113"
467,13:27,4,4,여의도,15,"3,19,36,50,58,66,72,75,83,87,89,107,108,112,119"
467,13:27,5,5,김포공항,18,"8,24,34,40,42,49,54,69,74,79,80,81,84,85,94,110,111,115"
467,13:27,7,7,판교,4,"9,28,29,51"
467,13:27,8,8,동탄/용인,3,"35,55,73"
467,13:27,9,9,평택,18,"17,41,48,61,62,71,76,92,93,95,97,98,99,100,105,114,116,118"
468,13:28,1,1,서울역,8,"1,27,30,39,44,78,91,96"
468,13:28,10,10,인천공항,16,"4,18,32,46,52,53,56,57,60,63,65,68,88,90,109,117"
468,13:28,2,2,수서,3,"2,5,20"
468,13:28,3,3,삼성,14,"11,14,21,47,64,67,77,86,101,102,103,104,106,113"
468,13:28,4,4,여의도,15,"3,19,36,50,58,66,72,75,83,87,89,107,108,112,119"
468,13:28,5,5,김포공항,18,"8,24,34,40,42,49,54,69,74,79,80,81,84,85,94,110,111,115"
468,13:28,6,6,일산,1,12
468,13:28,7,7,판교,4,"9,28,29,37"
468,13:28,8,8,동탄/용인,3,"35,55,73"
468,13:28,9,9,평택,17,"17,41,48,61,71,76,92,93,95,97,98,99,100,105,114,116,118"
469,13:29,1,1,서울역,8,"1,27,30,39,44,78,91,96"
469,13:29,10,10,인천공항,16,"4,18,32,46,52,53,56,57,60,63,65,68,88,90,109,117"
469,13:29,2,2,수서,3,"2,5,20"
469,13:29,3,3,삼성,15,"11,14,21,45,47,64,67,77,86,101,102,103,104,106,113"
469,13:29,4,4,여의도,15,"3,19,25,36,50,58,66,72,75,87,89,107,108,112,119"
469,13:29,5,5,김포공항,18,"8,24,34,40,42,49,54,69,74,79,80,81,84,85,94,110,111,115"
469,13:29,6,6,일산,1,12
469,13:29,7,7,판교,5,"9,15,28,29,37"
469,13:29,8,8,동탄/용인,2,"55,73"
469,13:29,9,9,평택,17,"17,41,48,61,71,76,92,93,95,97,98,99,100,105,114,116,118"
470,13:30,1,1,서울역,8,"1,27,30,39,44,78,91,96"
470,13:30,10,10,인천공항,15,"18,32,46,52,53,56,57,60,63,65,68,88,90,109,117"
470,13:30,2,2,수서,3,"2,5,20"
470,13:30,3,3,삼성,14,"11,14,45,47,64,67,77,86,101,102,103,104,106,113"
470,13:30,4,4,여의도,14,"3,25,31,36,50,58,66,72,75,89,107,108,112,119"
470,13:30,5,5,김포공항,19,"8,10,24,34,40,42,49,54,69,74,79,80,81,84,85,94,110,111,115"
470,13:30,6,6,일산,2,"7,12"
470,13:30,7,7,판교,4,"9,15,29,37"
470,13:30,8,8,동탄/용인,1,55
470,13:30,9,9,평택,16,"17,48,61,71,76,92,93,95,97,98,99,100,105,114,116,118"
471,13:31,1,1,서울역,8,"1,27,30,39,44,78,91,96"
471,13:31,10,10,인천공항,14,"18,32,52,53,56,57,60,63,65,68,88,90,109,117"
471,13:31,2,2,수서,3,"2,5,20"
471,13:31,3,3,삼성,13,"14,45,47,64,67,77,86,101,102,103,104,106,113"
471,13:31,4,4,여의도,15,"3,16,25,31,36,50,58,66,72,75,89,107,108,112,119"
471,13:31,5,5,김포공항,19,"8,10,24,34,40,42,49,54,69,74,79,80,81,84,85,94,110,111,115"
471,13:31,6,6,일산,2,"7,13"
471,13:31,7,7,판교,4,"9,15,29,37"
471,13:31,8,8,동탄/용인,1,55
471,13:31,9,9,평택,17,"0,17,48,61,71,76,92,93,95,97,98,99,100,105,114,116,118"
472,13:32,1,1,서울역,8,"1,27,30,39,44,78,91,96"
472,13:32,10,10,인천공항,13,"32,52,53,56,57,60,63,65,68,88,90,109,117"
472,13:32,2,2,수서,3,"2,5,20"
472,13:32,3,3,삼성,12,"14,47,64,67,77,86,101,102,103,104,106,113"
472,13:32,4,4,여의도,16,"3,16,25,31,36,43,50,58,66,72,75,89,107,108,112,119"
472,13:32,5,5,김포공항,19,"8,10,24,34,40,42,49,54,69,74,79,80,81,84,85,94,110,111,115"
472,13:32,6,6,일산,2,"7,13"
472,13:32,7,7,판교,4,"9,15,29,37"
472,13:32,8,8,동탄/용인,1,55
472,13:32,9,9,평택,17,"0,17,48,61,71,76,92,93,95,97,98,99,100,105,114,116,118"
473,13:33,1,1,서울역,8,"1,27,30,39,44,78,91,96"
473,13:33,10,10,인천공항,13,"32,52,53,56,57,60,63,65,68,88,90,109,117"
473,13:33,2,2,수서,3,"2,5,20"
473,13:33,3,3,삼성,12,"14,47,64,67,77,86,101,102,103,104,106,113"
473,13:33,4,4,여의도,15,"16,25,31,36,43,50,58,66,72,75,89,107,108,112,119"
473,13:33,5,5,김포공항,19,"8,10,24,34,40,42,49,54,69,74,79,80,81,84,85,94,110,111,115"
473,13:33,6,6,일산,2,"7,13"
473,13:33,7,7,판교,5,"9,15,29,37,70"
473,13:33,8,8,동탄/용인,1,55
473,13:33,9,9,평택,17,"0,17,48,61,71,76,92,93,95,97,98,99,100,105,114,116,118"
474,13:34,1,1,서울역,8,"1,27,30,39,44,78,91,96"
474,13:34,10,10,인천공항,13,"32,52,53,56,57,60,63,65,68,88,90,109,117"
474,13:34,2,2,수서,3,"2,5,20"
474,13:34,3,3,삼성,13,"14,26,47,64,67,77,86,101,102,103,104,106,113"
474,13:34,4,4,여의도,15,"16,25,31,36,43,50,58,66,72,75,89,107,108,112,119"
474,13:34,5,5,김포공항,19,"8,10,24,34,40,42,49,54,69,74,79,80,81,84,85,94,110,111,115"
474,13:34,6,6,일산,3,"7,22,23"
474,13:34,7,7,판교,4,"9,15,29,70"
474,13:34,8,8,동탄/용인,2,"33,55"
474,13:34,9,9,평택,17,"0,17,48,61,71,76,92,93,95,97,98,99,100,105,114,116,118"
475,13:35,1,1,서울역,7,"1,27,39,44,78,91,96"
475,13:35,10,10,인천공항,13,"32,52,53,56,57,60,63,65,68,88,90,109,117"
475,13:35,2,2,수서,4,"5,6,20,45"
475,13:35,3,3,삼성,13,"14,26,47,64,67,77,86,101,102,103,104,106,113"
475,13:35,4,4,여의도,14,"16,31,36,43,50,58,66,72,75,89,107,108,112,119"
475,13:35,5,5,김포공항,19,"8,10,24,34,40,42,49,54,69,74,79,80,81,84,85,94,110,111,115"
475,13:35,6,6,일산,3,"7,22,23"
475,13:35,7,7,판교,3,"9,29,70"
475,13:35,8,8,동탄/용인,2,"33,55"
475,13:35,9,9,평택,17,"0,17,48,61,71,76,92,93,95,97,98,99,100,105,114,116,118"
476,13:36,1,1,서울역,7,"1,27,39,44,78,91,96"
476,13:36,10,10,인천공항,13,"32,52,53,56,57,60,63,65,68,88,90,109,117"
476,13:36,2,2,수서,5,"5,6,19,20,45"
476,13:36,3,3,삼성,13,"14,26,47,64,67,77,86,101,102,103,104,106,113"
476,13:36,4,4,여의도,14,"16,31,36,43,50,58,66,72,75,89,107,108,112,119"
476,13:36,5,5,김포공항,19,"8,10,24,34,40,42,49,54,69,74,79,80,81,84,85,94,110,111,115"
476,13:36,6,6,일산,3,"7,22,23"
476,13:36,7,7,판교,3,"9,29,70"
476,13:36,8,8,동탄/용인,2,"33,55"
476,13:36,9,9,평택,17,"0,17,48,61,71,76,92,93,95,97,98,99,100,105,114,116,118"
477,13:37,1,1,서울역,7,"1,27,39,44,78,91,96"
477,13:37,10,10,인천공항,14,"32,52,53,56,57,59,60,63,65,68,88,90,109,117"
477,13:37,2,2,수서,5,"5,6,19,20,45"
477,13:37,3,3,삼성,13,"14,26,47,64,67,77,86,101,102,103,104,106,113"
477,13:37,4,4,여의도,15,"16,28,31,36,43,50,58,66,72,75,89,107,108,112,119"
477,13:37,5,5,김포공항,19,"8,10,24,34,40,42,49,54,69,74,79,80,81,84,85,94,110,111,115"
477,13:37,6,6,일산,2,"7,23"
477,13:37,7,7,판교,4,"9,21,29,70"
477,13:37,8,8,동탄/용인,2,"33,55"
477,13:37,9,9,평택,16,"17,48,61,71,76,92,93,95,97,98,99,100,105,114,116,118"
478,13:38,1,1,서울역,5,"1,27,78,91,96"
478,13:38,10,10,인천공항,14,"32,52,53,56,57,59,60,63,65,68,88,90,109,117"
478,13:38,2,2,수서,4,"5,6,19,20"
478,13:38,3,3,삼성,13,"14,26,47,64,67,77,86,101,102,103,104,106,113"
478,13:38,4,4,여의도,15,"16,28,31,36,43,50,58,66,72,75,89,107,108,112,119"
478,13:38,5,5,김포공항,20,"8,10,24,34,40,42,49,51,54,69,74,79,80,81,84,85,94,110,111,115"
478,13:38,6,6,일산,2,"7,23"
478,13:38,7,7,판교,3,"21,29,70"
478,13:38,8,8,동탄/용인,2,"33,55"
478,13:38,9,9,평택,17,"17,48,61,71,76,82,92,93,95,97,98,99,100,105,114,116,118"
479,13:39,1,1,서울역,5,"1,27,78,91,96"
479,13:39,10,10,인천공항,14,"32,52,53,56,57,59,60,63,65,68,88,90,109,117"
479,13:39,2,2,수서,4,"5,6,19,20"
479,13:39,3,3,삼성,13,"26,35,47,64,67,77,86,101,102,103,104,106,113"
479,13:39,4,4,여의도,15,"16,28,31,36,43,50,58,66,72,75,89,107,108,112,119"
479,13:39,5,5,김포공항,20,"8,10,24,34,40,42,49,51,54,69,74,79,80,81,84,85,94,110,111,115"
479,13:39,6,6,일산,2,"7,23"
479,13:39,7,7,판교,2,"21,29"
479,13:39,8,8,동탄/용인,2,"33,55"
479,13:39,9,9,평택,17,"17,48,61,71,76,82,92,93,95,97,98,99,100,105,114,116,118"
480,13:40,1,1,서울역,4,"1,27,78,91"
480,13:40,10,10,인천공항,14,"32,52,53,56,57,59,60,63,65,68,88,90,109,117"
480,13:40,2,2,수서,4,"5,6,19,20"
480,13:40,3,3,삼성,13,"3,26,35,38,47,64,86,101,102,103,104,106,113"
480,13:40,4,4,여의도,15,"16,28,31,36,43,50,58,66,72,75,89,107,108,112,119"
480,13:40,5,5,김포공항,19,"8,10,34,40,42,49,51,54,69,74,79,80,81,84,85,94,110,111,115"
480,13:40,6,6,일산,1,7
480,13:40,7,7,판교,1,29
480,13:40,8,8,동탄/용인,1,55
480,13:40,9,9,평택,16,"17,48,61,71,76,82,93,95,97,98,99,100,105,114,116,118"
481,13:41,1,1,서울역,4,"1,27,78,91"
481,13:41,10,10,인천공항,14,"32,52,53,56,57,59,60,63,65,68,88,90,109,117"
481,13:41,2,2,수서,5,"5,6,19,20,25"
481,13:41,3,3,삼성,13,"3,26,35,38,47,64,86,101,102,103,104,106,113"
481,13:41,4,4,여의도,14,"16,28,31,43,50,58,66,72,75,89,107,108,112,119"
481,13:41,5,5,김포공항,19,"8,10,34,40,42,49,51,54,69,74,79,80,81,84,85,94,110,111,115"
481,13:41,6,6,일산,2,"7,11"
481,13:41,7,7,판교,1,29
481,13:41,8,8,동탄/용인,1,55
481,13:41,9,9,평택,16,"17,48,61,71,76,82,93,95,97,98,99,100,105,114,116,118"
482,13:42,1,1,서울역,4,"1,27,78,91"
482,13:42,10,10,인천공항,14,"32,52,53,56,57,59,60,63,65,68,88,90,109,117"
482,13:42,2,2,수서,5,"5,6,19,20,25"
482,13:42,3,3,삼성,13,"3,26,35,38,47,64,86,101,102,103,104,106,113"
482,13:42,4,4,여의도,16,"4,15,16,28,31,43,50,58,66,72,75,89,107,108,112,119"
482,13:42,5,5,김포공항,19,"8,10,34,40,42,49,51,54,69,74,79,80,81,84,85,94,110,111,115"
482,13:42,6,6,일산,2,"7,11"
482,13:42,7,7,판교,1,29
482,13:42,8,8,동탄/용인,1,55
482,13:42,9,9,평택,15,"17,48,61,71,76,82,95,97,98,99,100,105,114,116,118"
483,13:43,1,1,서울역,4,"1,27,78,91"
483,13:43,10,10,인천공항,14,"32,52,53,56,57,59,60,63,65,68,88,90,109,117"
483,13:43,2,2,수서,7,"5,6,19,20,25,67,77"
483,13:43,3,3,삼성,13,"3,26,35,38,47,64,86,101,102,103,104,106,113"
483,13:43,4,4,여의도,16,"4,15,16,28,31,43,50,58,66,72,75,89,107,108,112,119"
483,13:43,5,5,김포공항,19,"2,8,10,40,42,49,51,54,69,74,79,80,81,84,85,94,110,111,115"
483,13:43,6,6,일산,2,"7,11"
483,13:43,7,7,판교,2,"12,29"
483,13:43,8,8,동탄/용인,1,55
483,13:43,9,9,평택,15,"17,48,61,71,76,82,95,97,98,99,100,105,114,116,118"
484,13:44,1,1,서울역,5,"1,27,62,78,91"
484,13:44,10,10,인천공항,14,"32,52,53,56,57,59,60,63,65,68,88,90,109,117"
484,13:44,2,2,수서,7,"5,6,19,20,25,67,77"
484,13:44,3,3,삼성,13,"3,26,35,38,47,64,86,101,102,103,104,106,113"
484,13:44,4,4,여의도,16,"4,15,16,28,31,43,50,58,66,72,75,89,107,108,112,119"
484,13:44,5,5,김포공항,20,"2,8,10,37,40,42,49,51,54,69,74,79,80,81,84,85,94,110,111,115"
484,13:44,6,6,일산,2,"7,11"
484,13:44,7,7,판교,2,"12,29"
484,13:44,8,8,동탄/용인,1,55
484,13:44,9,9,평택,16,"17,48,61,71,76,82,83,95,97,98,99,100,105,114,116,118"
485,13:45,1,1,서울역,6,"1,9,27,62,78,91"
485,13:45,10,10,인천공항,14,"32,52,53,56,57,59,60,63,65,68,88,90,109,117"
485,13:45,2,2,수서,7,"5,6,19,20,25,67,77"
485,13:45,3,3,삼성,12,"3,26,35,38,47,64,101,102,103,104,106,113"
485,13:45,4,4,여의도,17,"4,15,16,28,31,41,43,50,58,66,72,75,89,107,108,112,119"
485,13:45,5,5,김포공항,20,"2,8,10,37,40,42,49,51,54,69,74,79,80,81,84,85,94,110,111,115"
485,13:45,6,6,일산,2,"7,11"
485,13:45,7,7,판교,2,"12,29"
485,13:45,8,8,동탄/용인,1,55
485,13:45,9,9,평택,17,"17,48,61,71,76,82,83,87,95,97,98,99,100,105,114,116,118"
486,13:46,1,1,서울역,6,"1,9,27,62,78,91"
486,13:46,10,10,인천공항,13,"32,52,56,57,59,60,63,65,68,88,90,109,117"
486,13:46,2,2,수서,5,"5,6,19,20,25"
486,13:46,3,3,삼성,13,"3,26,35,38,46,47,64,101,102,103,104,106,113"
486,13:46,4,4,여의도,17,"4,15,16,28,31,41,43,50,58,66,72,75,89,107,108,112,119"
486,13:46,5,5,김포공항,20,"2,8,10,37,40,42,49,51,54,69,74,79,80,81,84,85,94,110,111,115"
486,13:46,6,6,일산,2,"7,11"
486,13:46,7,7,판교,2,"12,13"
486,13:46,8,8,동탄/용인,2,"55,92"
486,13:46,9,9,평택,17,"17,48,61,71,76,82,83,87,95,97,98,99,100,105,114,116,118"
487,13:47,1,1,서울역,6,"1,9,27,62,78,91"
487,13:47,10,10,인천공항,12,"32,56,57,59,60,63,65,68,88,90,109,117"
487,13:47,2,2,수서,5,"5,6,19,20,25"
487,13:47,3,3,삼성,14,"3,18,26,35,38,46,47,64,101,102,103,104,106,113"
487,13:47,4,4,여의도,16,"4,15,16,31,41,43,50,58,66,72,75,89,107,108,112,119"
487,13:47,5,5,김포공항,19,"2,8,10,40,42,49,51,54,69,74,79,80,81,84,85,94,110,111,115"
487,13:47,6,6,일산,4,"7,11,24,73"
487,13:47,7,7,판교,3,"12,13,96"
487,13:47,8,8,동탄/용인,1,92
487,13:47,9,9,평택,15,"17,61,71,76,82,87,95,97,98,99,100,105,114,116,118"
488,13:48,1,1,서울역,6,"1,9,27,62,78,91"
488,13:48,10,10,인천공항,13,"30,32,56,57,59,60,63,65,68,88,90,109,117"
488,13:48,2,2,수서,6,"5,6,19,20,25,86"
488,13:48,3,3,삼성,14,"3,18,26,35,38,46,47,64,101,102,103,104,106,113"
488,13:48,4,4,여의도,15,"4,16,31,41,43,50,58,66,72,75,89,107,108,112,119"
488,13:48,5,5,김포공항,19,"2,8,10,40,42,49,51,54,69,74,79,80,81,84,85,94,110,111,115"
488,13:48,6,6,일산,4,"7,11,24,73"
488,13:48,7,7,판교,4,"12,13,36,96"
488,13:48,8,8,동탄/용인,2,"92,93"
488,13:48,9,9,평택,15,"17,61,71,76,82,87,95,97,98,99,100,105,114,116,118"
489,13:49,1,1,서울역,6,"1,9,27,62,78,91"
489,13:49,10,10,인천공항,13,"30,32,56,57,59,60,63,65,68,88,90,109,117"
489,13:49,2,2,수서,6,"5,6,19,20,25,86"
489,13:49,3,3,삼성,14,"3,18,26,35,38,46,47,64,101,102,103,104,106,113"
489,13:49,4,4,여의도,14,"4,31,41,43,50,58,66,72,75,89,107,108,112,119"
489,13:49,5,5,김포공항,20,"2,8,10,40,42,49,51,54,69,70,74,79,80,81,84,85,94,110,111,115"
489,13:49,6,6,일산,4,"7,11,24,73"
489,13:49,7,7,판교,5,"12,13,22,36,96"
489,13:49,8,8,동탄/용인,1,93
489,13:49,9,9,평택,14,"17,61,71,76,87,95,97,98,99,100,105,114,116,118"
490,13:50,1,1,서울역,6,"1,9,27,62,78,91"
490,13:50,10,10,인천공항,13,"30,32,56,57,59,60,63,65,68,88,90,109,117"
490,13:50,2,2,수서,6,"5,6,19,20,25,86"
490,13:50,3,3,삼성,14,"3,18,26,35,38,46,47,64,101,102,103,104,106,113"
490,13:50,4,4,여의도,14,"4,31,41,43,50,58,66,72,75,89,107,108,112,119"
490,13:50,5,5,김포공항,19,"2,8,10,40,49,51,54,69,70,74,79,80,81,84,85,94,110,111,115"
490,13:50,6,6,일산,3,"11,34,73"
490,13:50,7,7,판교,4,"12,13,22,36"
490,13:50,8,8,동탄/용인,1,93
490,13:50,9,9,평택,14,"17,61,71,76,87,95,97,98,99,100,105,114,116,118"
491,13:51,1,1,서울역,5,"1,27,62,78,91"
491,13:51,10,10,인천공항,14,"30,32,39,56,57,59,60,63,65,68,88,90,109,117"
491,13:51,2,2,수서,6,"0,5,6,19,20,25"
491,13:51,3,3,삼성,14,"3,18,26,35,38,46,47,64,101,102,103,104,106,113"
491,13:51,4,4,여의도,14,"4,31,41,43,50,58,66,72,75,89,107,108,112,119"
491,13:51,5,5,김포공항,18,"2,8,10,40,51,54,69,70,74,79,80,81,84,85,94,110,111,115"
491,13:51,6,6,일산,3,"11,34,73"
491,13:51,7,7,판교,4,"12,13,22,36"
491,13:51,9,9,평택,13,"17,71,76,87,95,97,98,99,100,105,114,116,118"
492,13:52,1,1,서울역,4,"1,62,78,91"
492,13:52,10,10,인천공항,14,"30,32,39,56,57,59,60,63,65,68,88,90,109,117"
492,13:52,2,2,수서,6,"0,5,6,19,20,25"
492,13:52,3,3,삼성,14,"3,18,26,35,38,46,47,64,101,102,103,104,106,113"
492,13:52,4,4,여의도,12,"4,41,43,50,58,66,72,75,89,107,112,119"
492,13:52,5,5,김포공항,18,"2,8,10,40,51,54,69,70,74,79,80,81,84,85,94,110,111,115"
492,13:52,6,6,일산,3,"11,34,73"
492,13:52,7,7,판교,5,"12,13,22,23,36"
492,13:52,9,9,평택,14,"17,21,71,76,87,95,97,98,99,100,105,114,116,118"
493,13:53,1,1,서울역,4,"1,62,78,91"
493,13:53,10,10,인천공항,14,"30,32,39,56,57,59,60,63,65,68,88,90,109,117"
493,13:53,2,2,수서,6,"0,5,6,19,20,25"
493,13:53,3,3,삼성,14,"3,18,26,35,38,46,47,64,101,102,103,104,106,113"
493,13:53,4,4,여의도,11,"4,29,43,50,58,66,72,75,89,107,112"
493,13:53,5,5,김포공항,17,"8,10,40,51,54,69,70,74,79,80,81,84,85,94,110,111,115"
493,13:53,6,6,일산,2,"11,73"
493,13:53,7,7,판교,5,"12,13,22,23,36"
493,13:53,8,8,동탄/용인,1,83
493,13:53,9,9,평택,13,"21,71,76,87,95,97,98,99,100,105,114,116,118"
494,13:54,1,1,서울역,4,"1,62,78,91"
494,13:54,10,10,인천공항,15,"14,30,39,45,56,57,59,60,63,65,68,88,90,109,117"
494,13:54,2,2,수서,6,"0,5,6,19,20,25"
494,13:54,3,3,삼성,14,"3,18,26,35,38,46,47,64,101,102,103,104,106,113"
494,13:54,4,4,여의도,10,"4,29,50,58,66,72,75,89,107,112"
494,13:54,5,5,김포공항,17,"8,10,40,51,54,69,70,74,79,80,81,84,85,94,110,111,115"
494,13:54,6,6,일산,3,"11,37,73"
494,13:54,7,7,판교,6,"12,13,22,23,28,36"
494,13:54,8,8,동탄/용인,1,83
494,13:54,9,9,평택,14,"21,44,71,76,87,95,97,98,99,100,105,114,116,118"
495,13:55,1,1,서울역,4,"1,62,78,91"
495,13:55,10,10,인천공항,15,"14,30,39,45,56,57,59,60,63,65,68,88,90,109,117"
495,13:55,2,2,수서,7,"0,5,6,16,19,20,25"
495,13:55,3,3,삼성,14,"3,18,26,35,38,46,47,64,101,102,103,104,106,113"
495,13:55,4,4,여의도,10,"4,29,50,58,66,72,75,89,107,112"
495,13:55,5,5,김포공항,17,"8,10,40,51,54,69,70,74,79,80,81,84,85,94,110,111,115"
495,13:55,6,6,일산,2,"37,73"
495,13:55,7,7,판교,7,"12,13,15,22,23,28,36"
495,13:55,8,8,동탄/용인,1,83
495,13:55,9,9,평택,14,"21,44,71,76,87,95,97,98,99,100,105,114,116,118"
496,13:56,1,1,서울역,4,"1,62,78,91"
496,13:56,10,10,인천공항,15,"14,30,39,45,56,57,59,60,63,65,68,88,90,109,117"
496,13:56,2,2,수서,7,"0,5,6,16,19,20,25"
496,13:56,3,3,삼성,14,"3,18,26,35,38,46,47,64,101,102,103,104,106,113"
496,13:56,4,4,여의도,10,"4,29,50,58,66,72,75,89,107,112"
496,13:56,5,5,김포공항,17,"8,10,40,51,54,69,70,74,79,80,81,84,85,94,110,111,115"
496,13:56,6,6,일산,2,"37,73"
496,13:56,7,7,판교,6,"12,15,22,23,28,36"
496,13:56,9,9,평택,14,"21,44,71,76,87,95,97,98,99,100,105,114,116,118"
497,13:57,1,1,서울역,5,"1,7,62,78,91"
497,13:57,10,10,인천공항,15,"14,30,39,45,56,57,59,60,63,65,68,88,90,109,117"
497,13:57,2,2,수서,7,"0,5,6,16,19,20,25"
497,13:57,3,3,삼성,15,"3,18,26,35,38,46,47,55,64,101,102,103,104,106,113"
497,13:57,4,4,여의도,10,"4,29,50,58,66,72,75,89,107,112"
497,13:57,5,5,김포공항,17,"8,10,40,51,54,69,70,74,79,80,81,84,85,94,110,111,115"
497,13:57,6,6,일산,6,"33,37,42,67,73,77"
497,13:57,7,7,판교,6,"12,15,22,23,28,36"
497,13:57,9,9,평택,14,"21,44,71,76,87,95,97,98,99,100,105,114,116,118"
498,13:58,1,1,서울역,5,"1,7,62,78,91"
498,13:58,10,10,인천공항,14,"14,30,45,56,57,59,60,63,65,68,88,90,109,117"
498,13:58,2,2,수서,8,"0,5,6,9,16,19,20,25"
498,13:58,3,3,삼성,15,"3,18,26,35,38,46,47,55,64,101,102,103,104,106,113"
498,13:58,4,4,여의도,8,"4,29,58,66,75,89,107,112"
498,13:58,5,5,김포공항,17,"8,10,40,51,54,69,70,74,79,80,81,84,85,94,110,111,115"
498,13:58,6,6,일산,7,"33,37,42,49,67,73,77"
498,13:58,7,7,판교,6,"12,15,22,23,28,36"
498,13:58,9,9,평택,14,"21,44,71,76,87,95,97,98,99,100,105,114,116,118"
499,13:59,1,1,서울역,5,"1,7,62,78,91"
499,13:59,10,10,인천공항,14,"14,30,45,56,57,59,60,63,65,68,88,90,109,117"
499,13:59,2,2,수서,9,"0,5,6,9,16,19,20,25,27"
499,13:59,3,3,삼성,15,"3,18,26,35,38,46,47,55,64,101,102,103,104,106,113"
499,13:59,4,4,여의도,8,"4,52,58,66,75,89,107,112"
499,13:59,5,5,김포공항,17,"8,10,40,51,54,69,70,74,79,80,81,84,85,94,110,111,115"
499,13:59,6,6,일산,7,"33,37,42,49,67,73,77"
499,13:59,7,7,판교,7,"12,15,22,23,28,31,36"
499,13:59,9,9,평택,14,"21,44,71,76,87,95,97,98,99,100,105,114,116,118"
500,14:00,1,1,서울역,5,"1,7,62,78,91"
500,14:00,10,10,인천공항,14,"14,30,45,56,57,59,60,63,65,68,88,90,109,117"
500,14:00,2,2,수서,9,"0,5,6,9,16,20,25,27,43"
500,14:00,3,3,삼성,15,"3,18,26,35,38,46,47,55,64,101,102,103,104,106,113"
500,14:00,4,4,여의도,8,"4,52,58,66,75,89,107,112"
500,14:00,5,5,김포공항,15,"8,10,51,54,70,74,79,80,81,85,94,96,110,111,115"
500,14:00,6,6,일산,6,"33,37,49,67,73,77"
500,14:00,7,7,판교,8,"12,15,22,23,28,31,36,41"
500,14:00,9,9,평택,13,"21,44,71,76,87,97,98,99,100,105,114,116,118"
501,14:01,1,1,서울역,5,"1,7,62,78,91"
501,14:01,10,10,인천공항,14,"14,30,45,56,57,59,60,63,65,68,88,90,109,117"
501,14:01,2,2,수서,10,"0,2,5,6,9,16,20,25,27,43"
501,14:01,3,3,삼성,16,"3,18,26,35,38,46,47,53,55,64,101,102,103,104,106,113"
501,14:01,4,4,여의도,8,"4,52,58,66,75,89,107,112"
501,14:01,5,5,김포공항,15,"8,10,51,54,70,74,79,80,81,85,94,96,110,111,115"
501,14:01,6,6,일산,5,"33,37,67,73,77"
501,14:01,7,7,판교,6,"12,15,23,28,31,41"
501,14:01,9,9,평택,13,"21,44,71,76,87,97,98,99,100,105,114,116,118"
502,14:02,1,1,서울역,4,"1,7,62,91"
502,14:02,10,10,인천공항,14,"14,30,45,56,57,59,60,63,65,68,88,90,109,117"
502,14:02,2,2,수서,10,"0,2,5,6,9,16,20,25,27,43"
502,14:02,3,3,삼성,16,"3,18,26,35,38,46,47,53,55,64,101,102,103,104,106,113"
502,14:02,4,4,여의도,9,"4,48,52,58,66,75,89,107,112"
502,14:02,5,5,김포공항,14,"8,10,51,54,70,74,79,81,85,94,96,110,111,115"
502,14:02,6,6,일산,6,"33,37,67,73,77,86"
502,14:02,7,7,판교,7,"12,15,23,24,28,31,41"
502,14:02,9,9,평택,13,"21,44,71,76,87,97,98,99,100,105,114,116,118"
503,14:03,1,1,서울역,4,"1,7,62,91"
503,14:03,10,10,인천공항,14,"14,30,45,56,57,59,60,63,65,68,88,90,109,117"
503,14:03,2,2,수서,10,"0,2,5,6,9,16,20,25,27,43"
503,14:03,3,3,삼성,16,"3,18,26,35,38,46,47,53,55,64,101,102,103,104,106,113"
503,14:03,4,4,여의도,10,"4,13,48,52,58,66,75,89,107,112"
503,14:03,5,5,김포공항,13,"8,10,51,54,70,74,79,81,94,96,110,111,115"
503,14:03,6,6,일산,4,"33,37,73,86"
503,14:03,7,7,판교,7,"12,15,23,24,28,31,41"
503,14:03,8,8,동탄/용인,1,108
503,14:03,9,9,평택,13,"21,44,71,76,87,97,98,99,100,105,114,116,118"
504,14:04,1,1,서울역,4,"1,7,62,91"
504,14:04,10,10,인천공항,14,"14,30,45,56,57,59,60,63,65,68,88,90,109,117"
504,14:04,2,2,수서,10,"2,5,6,9,16,20,25,27,43,50"
504,14:04,3,3,삼성,16,"3,18,26,35,38,46,47,53,55,64,101,102,103,104,106,113"
504,14:04,4,4,여의도,10,"4,13,48,52,58,66,75,89,107,112"
504,14:04,5,5,김포공항,12,"10,51,54,70,74,79,81,94,96,110,111,115"
504,14:04,6,6,일산,4,"33,37,73,86"
504,14:04,7,7,판교,6,"15,23,24,28,31,41"
504,14:04,8,8,동탄/용인,1,108
504,14:04,9,9,평택,13,"21,44,71,76,87,97,98,99,100,105,114,116,118"
505,14:05,1,1,서울역,4,"1,7,62,91"
505,14:05,10,10,인천공항,14,"14,30,45,56,57,59,60,63,65,68,88,90,109,117"
505,14:05,2,2,수서,10,"2,5,6,9,16,20,25,27,43,50"
505,14:05,3,3,삼성,16,"3,11,18,26,35,38,46,47,53,55,64,101,102,103,104,106"
505,14:05,4,4,여의도,9,"4,13,48,52,58,75,89,107,112"
505,14:05,5,5,김포공항,12,"10,51,54,70,74,79,81,94,96,110,111,115"
505,14:05,6,6,일산,4,"33,37,73,86"
505,14:05,7,7,판교,8,"15,23,24,28,31,34,41,72"
505,14:05,8,8,동탄/용인,1,108
505,14:05,9,9,평택,13,"21,44,71,76,87,97,98,99,100,105,114,116,118"
506,14:06,1,1,서울역,4,"1,7,62,91"
506,14:06,10,10,인천공항,13,"14,45,56,57,59,60,63,65,68,88,90,109,117"
506,14:06,2,2,수서,7,"2,16,20,25,27,43,50"
506,14:06,3,3,삼성,16,"3,11,18,26,35,38,46,47,53,55,64,101,102,103,104,106"
506,14:06,4,4,여의도,10,"4,13,40,48,52,61,75,89,107,112"
506,14:06,5,5,김포공항,12,"10,51,54,70,74,79,81,94,96,110,111,115"
506,14:06,6,6,일산,5,"33,37,73,86,92"
506,14:06,7,7,판교,7,"15,23,24,28,34,41,72"
506,14:06,8,8,동탄/용인,2,"95,108"
506,14:06,9,9,평택,13,"21,44,71,76,87,97,98,99,100,105,114,116,118"
507,14:07,1,1,서울역,4,"1,7,62,91"
507,14:07,10,10,인천공항,13,"14,45,56,57,59,60,63,65,68,88,90,109,117"
507,14:07,2,2,수서,8,"2,16,17,20,25,27,43,50"
507,14:07,3,3,삼성,15,"3,11,18,35,38,46,47,53,55,64,101,102,103,104,106"
507,14:07,4,4,여의도,10,"4,13,40,48,52,61,75,89,107,112"
507,14:07,5,5,김포공항,11,"10,51,54,70,74,81,94,96,110,111,115"
507,14:07,6,6,일산,5,"33,37,73,86,92"
507,14:07,7,7,판교,7,"15,23,24,28,34,41,72"
507,14:07,8,8,동탄/용인,2,"95,108"
507,14:07,9,9,평택,13,"21,44,71,76,87,97,98,99,100,105,114,116,118"
508,14:08,1,1,서울역,5,"1,62,69,84,91"
508,14:08,10,10,인천공항,13,"14,45,56,57,59,60,63,65,68,88,90,109,117"
508,14:08,2,2,수서,9,"2,16,17,20,25,27,43,50,113"
508,14:08,3,3,삼성,14,"3,18,35,38,46,47,53,55,64,101,102,103,104,106"
508,14:08,4,4,여의도,10,"4,13,22,40,48,52,61,89,107,112"
508,14:08,5,5,김포공항,10,"19,54,70,74,81,94,96,110,111,115"
508,14:08,6,6,일산,4,"33,37,92,93"
508,14:08,7,7,판교,7,"15,23,24,28,34,41,72"
508,14:08,8,8,동탄/용인,2,"95,108"
508,14:08,9,9,평택,14,"21,44,71,76,87,97,98,99,100,105,114,116,118,119"
509,14:09,1,1,서울역,5,"1,62,69,84,91"
509,14:09,10,10,인천공항,12,"14,56,57,59,60,63,65,68,88,90,109,117"
509,14:09,2,2,수서,9,"2,16,17,20,25,27,43,50,113"
509,14:09,3,3,삼성,14,"3,18,32,35,38,46,53,55,64,101,102,103,104,106"
509,14:09,4,4,여의도,8,"4,22,48,52,61,89,107,112"
509,14:09,5,5,김포공항,10,"19,54,70,74,81,94,96,110,111,115"
509,14:09,6,6,일산,5,"33,37,82,92,93"
509,14:09,7,7,판교,7,"15,23,24,28,34,41,72"
509,14:09,8,8,동탄/용인,1,108
509,14:09,9,9,평택,13,"21,44,76,87,97,98,99,100,105,114,116,118,119"
510,14:10,1,1,서울역,6,"1,62,69,80,84,91"
510,14:10,10,10,인천공항,12,"14,56,57,59,60,63,65,68,88,90,109,117"
510,14:10,2,2,수서,9,"2,16,17,20,25,27,43,50,113"
510,14:10,3,3,삼성,13,"18,32,35,38,46,53,55,64,101,102,103,104,106"
510,14:10,4,4,여의도,8,"4,22,48,52,61,89,107,112"
510,14:10,5,5,김포공항,8,"19,54,70,74,96,110,111,115"
510,14:10,6,6,일산,5,"33,37,82,92,93"
510,14:10,7,7,판교,7,"15,23,24,28,34,41,72"
510,14:10,8,8,동탄/용인,1,108
510,14:10,9,9,평택,12,"21,76,87,97,98,99,100,105,114,116,118,119"
511,14:11,1,1,서울역,5,"1,62,80,85,91"
511,14:11,10,10,인천공항,11,"14,56,57,60,63,65,68,88,90,109,117"
511,14:11,2,2,수서,7,"2,17,20,25,27,43,50"
511,14:11,3,3,삼성,12,"18,32,38,46,53,55,64,101,102,103,104,106"
511,14:11,4,4,여의도,9,"4,12,22,48,52,61,89,107,112"
511,14:11,5,5,김포공항,8,"19,54,70,74,96,110,111,115"
511,14:11,6,6,일산,5,"33,37,82,92,93"
511,14:11,7,7,판교,7,"15,23,24,28,34,41,72"
511,14:11,8,8,동탄/용인,1,108
511,14:11,9,9,평택,12,"21,76,87,97,98,99,100,105,114,116,118,119"
512,14:12,1,1,서울역,5,"1,62,80,85,91"
512,14:12,10,10,인천공항,9,"56,57,63,65,68,88,90,109,117"
512,14:12,2,2,수서,9,"2,8,17,20,25,27,43,50,58"
512,14:12,3,3,삼성,11,"18,32,46,53,55,64,101,102,103,104,106"
512,14:12,4,4,여의도,8,"4,5,12,22,48,52,107,112"
512,14:12,5,5,김포공항,9,"0,19,54,70,74,96,110,111,115"
512,14:12,6,6,일산,5,"33,37,82,92,93"
512,14:12,7,7,판교,8,"15,23,24,28,34,41,66,72"
512,14:12,8,8,동탄/용인,1,108
512,14:12,9,9,평택,11,"21,87,97,98,99,100,105,114,116,118,119"
513,14:13,1,1,서울역,6,"1,6,31,62,85,91"
513,14:13,10,10,인천공항,9,"56,57,63,65,68,88,90,109,117"
513,14:13,2,2,수서,9,"2,8,17,20,25,27,43,50,58"
513,14:13,3,3,삼성,11,"18,32,39,55,64,67,101,102,103,104,106"
513,14:13,4,4,여의도,8,"4,5,12,22,48,52,107,112"
513,14:13,5,5,김포공항,9,"0,19,54,70,74,96,110,111,115"
513,14:13,6,6,일산,7,"33,36,37,82,83,92,93"
513,14:13,7,7,판교,7,"15,24,28,34,41,66,72"
513,14:13,8,8,동탄/용인,1,108
513,14:13,9,9,평택,10,"87,97,98,99,100,105,114,116,118,119"
514,14:14,1,1,서울역,6,"1,6,11,31,62,91"
514,14:14,10,10,인천공항,9,"56,57,63,65,68,88,90,109,117"
514,14:14,2,2,수서,9,"2,8,17,20,25,27,43,50,58"
514,14:14,3,3,삼성,9,"18,32,39,64,67,101,102,103,106"
514,14:14,4,4,여의도,8,"4,5,12,22,48,51,52,112"
514,14:14,5,5,김포공항,10,"0,9,19,54,70,74,96,110,111,115"
514,14:14,6,6,일산,6,"33,36,82,83,92,93"
514,14:14,7,7,판교,7,"15,24,28,34,41,66,72"
514,14:14,8,8,동탄/용인,1,108
514,14:14,9,9,평택,11,"29,87,97,98,99,100,105,114,116,118,119"
515,14:15,1,1,서울역,6,"6,11,31,62,79,91"
515,14:15,10,10,인천공항,9,"56,57,65,68,78,88,90,109,117"
515,14:15,2,2,수서,8,"8,17,20,25,27,43,50,58"
515,14:15,3,3,삼성,7,"39,64,67,101,102,103,106"
515,14:15,4,4,여의도,8,"4,5,12,22,48,51,52,112"
515,14:15,5,5,김포공항,10,"0,9,19,54,70,74,96,110,111,115"
515,14:15,6,6,일산,5,"33,36,83,92,93"
515,14:15,7,7,판교,9,"7,15,24,28,34,66,72,75,77"
515,14:15,9,9,평택,11,"29,87,97,98,99,100,105,114,116,118,119"
516,14:16,1,1,서울역,5,"6,11,62,79,91"
516,14:16,10,10,인천공항,9,"56,57,65,68,78,88,90,109,117"
516,14:16,2,2,수서,9,"8,10,17,20,25,27,43,50,58"
516,14:16,3,3,삼성,7,"39,64,67,101,102,103,106"
516,14:16,4,4,여의도,8,"4,5,12,22,48,51,52,112"
516,14:16,5,5,김포공항,10,"0,9,19,54,70,74,96,110,111,115"
516,14:16,6,6,일산,5,"33,36,83,92,93"
516,14:16,7,7,판교,10,"7,13,15,24,28,34,66,72,75,77"
516,14:16,9,9,평택,10,"29,87,98,99,100,105,114,116,118,119"
517,14:17,1,1,서울역,4,"6,62,79,91"
517,14:17,10,10,인천공항,9,"56,57,65,68,78,88,90,109,117"
517,14:17,2,2,수서,8,"8,10,17,25,27,43,50,58"
517,14:17,3,3,삼성,6,"39,64,67,101,102,103"
517,14:17,4,4,여의도,8,"3,4,5,12,22,48,52,112"
517,14:17,5,5,김포공항,11,"0,9,19,47,54,70,74,96,110,111,115"
517,14:17,6,6,일산,5,"33,36,83,92,93"
517,14:17,7,7,판교,9,"7,13,15,28,34,66,72,75,77"
517,14:17,8,8,동탄/용인,1,42
517,14:17,9,9,평택,10,"29,87,98,99,100,105,114,116,118,119"
518,14:18,1,1,서울역,4,"6,62,81,94"
518,14:18,10,10,인천공항,9,"56,57,65,68,78,88,90,109,117"
518,14:18,2,2,수서,9,"8,10,17,25,27,43,50,58,61"
518,14:18,3,3,삼성,7,"39,64,67,73,101,102,103"
518,14:18,4,4,여의도,9,"3,4,5,12,22,30,35,48,112"
518,14:18,5,5,김포공항,11,"0,9,19,47,54,70,74,96,110,111,115"
518,14:18,6,6,일산,5,"33,36,83,92,93"
518,14:18,7,7,판교,9,"7,13,15,28,34,66,72,75,77"
518,14:18,8,8,동탄/용인,2,"42,49"
518,14:18,9,9,평택,10,"29,87,98,99,100,105,114,116,118,119"
519,14:19,1,1,서울역,2,"81,94"
519,14:19,10,10,인천공항,9,"56,57,65,68,78,88,90,109,117"
519,14:19,2,2,수서,8,"8,10,17,27,43,50,58,61"
519,14:19,3,3,삼성,6,"64,67,73,101,102,103"
519,14:19,4,4,여의도,9,"3,4,5,12,30,35,38,48,112"
519,14:19,5,5,김포공항,12,"0,9,16,19,47,54,70,74,96,110,111,115"
519,14:19,6,6,일산,5,"33,36,83,92,93"
519,14:19,7,7,판교,8,"7,13,34,66,72,75,77,89"
519,14:19,8,8,동탄/용인,2,"42,49"
519,14:19,9,9,평택,9,"29,87,99,100,105,114,116,118,119"
520,14:20,1,1,서울역,2,"81,94"
520,14:20,10,10,인천공항,9,"56,57,65,68,78,88,90,109,117"
520,14:20,2,2,수서,9,"8,10,17,27,43,50,58,61,107"
520,14:20,3,3,삼성,5,"64,67,73,101,103"
520,14:20,4,4,여의도,10,"3,4,5,30,35,38,46,48,95,112"
520,14:20,5,5,김포공항,5,"0,16,19,110,115"
520,14:20,6,6,일산,5,"33,36,83,92,93"
520,14:20,7,7,판교,8,"7,13,34,66,77,80,86,89"
520,14:20,8,8,동탄/용인,2,"42,49"
520,14:20,9,9,평택,8,"87,99,100,105,114,116,118,119"
521,14:21,1,1,서울역,1,32
521,14:21,10,10,인천공항,10,"40,56,57,65,68,78,88,90,109,117"
521,14:21,2,2,수서,9,"8,10,17,27,43,50,58,61,107"
521,14:21,3,3,삼성,3,"64,73,101"
521,14:21,4,4,여의도,11,"3,4,5,30,35,38,46,48,55,95,112"
521,14:21,5,5,김포공항,6,"0,16,19,53,110,115"
521,14:21,6,6,일산,4,"33,83,92,93"
521,14:21,7,7,판교,8,"7,13,34,66,77,80,86,89"
521,14:21,8,8,동탄/용인,2,"42,49"
521,14:21,9,9,평택,8,"87,99,100,105,114,116,118,119"
522,14:22,1,1,서울역,1,32
522,14:22,10,10,인천공항,10,"40,56,57,65,68,78,88,90,109,117"
522,14:22,2,2,수서,9,"8,10,17,27,43,50,58,61,107"
522,14:22,3,3,삼성,2,"73,101"
522,14:22,4,4,여의도,12,"3,4,5,30,35,38,41,46,48,55,95,112"
522,14:22,5,5,김포공항,5,"0,16,53,110,115"
522,14:22,6,6,일산,4,"33,92,93,113"
522,14:22,7,7,판교,9,"1,7,13,34,66,77,80,86,89"
522,14:22,8,8,동탄/용인,2,"42,49"
522,14:22,9,9,평택,9,"26,87,99,100,105,114,116,118,119"
523,14:23,1,1,서울역,1,32
523,14:23,10,10,인천공항,10,"40,56,57,65,68,78,88,90,109,117"
523,14:23,2,2,수서,7,"10,27,43,50,58,61,107"
523,14:23,3,3,삼성,3,"11,73,101"
523,14:23,4,4,여의도,11,"3,4,5,30,35,38,41,46,55,95,112"
523,14:23,5,5,김포공항,8,"0,2,16,18,23,53,110,115"
523,14:23,6,6,일산,4,"33,92,93,113"
523,14:23,7,7,판교,10,"1,7,13,31,34,66,77,80,86,89"
523,14:23,8,8,동탄/용인,2,"42,49"
523,14:23,9,9,평택,9,"26,87,99,100,105,114,116,118,119"
524,14:24,1,1,서울역,3,"12,24,32"
524,14:24,10,10,인천공항,11,"40,56,57,65,68,69,78,88,90,109,117"
524,14:24,2,2,수서,7,"10,27,43,50,58,61,107"
524,14:24,3,3,삼성,4,"11,45,71,101"
524,14:24,4,4,여의도,11,"3,4,5,14,35,38,41,46,55,95,112"
524,14:24,5,5,김포공항,7,"0,2,16,18,23,110,115"
524,14:24,6,6,일산,4,"33,92,93,113"
524,14:24,7,7,판교,10,"1,7,13,31,34,66,77,80,86,89"
524,14:24,8,8,동탄/용인,2,"42,49"
524,14:24,9,9,평택,9,"26,87,99,100,105,114,116,118,119"
525,14:25,1,1,서울역,3,"12,24,32"
525,14:25,10,10,인천공항,11,"40,56,57,65,68,69,78,88,90,109,117"
525,14:25,2,2,수서,6,"10,27,43,50,61,107"
525,14:25,3,3,삼성,6,"11,44,45,71,101,108"
525,14:25,4,4,여의도,10,"3,4,5,14,38,41,46,55,95,112"
525,14:25,5,5,김포공항,8,"0,2,16,18,20,23,110,115"
525,14:25,6,6,일산,4,"33,92,93,113"
525,14:25,7,7,판교,11,"1,7,13,31,34,66,77,80,86,89,91"
525,14:25,8,8,동탄/용인,2,"42,49"
525,14:25,9,9,평택,9,"26,87,99,100,105,114,116,118,119"
526,14:26,1,1,서울역,4,"12,24,28,32"
526,14:26,10,10,인천공항,11,"40,56,57,65,68,69,78,88,90,109,117"
526,14:26,2,2,수서,8,"6,10,27,43,50,61,62,107"
526,14:26,3,3,삼성,7,"11,44,45,59,71,101,108"
526,14:26,4,4,여의도,13,"4,5,9,14,15,38,39,41,46,54,55,95,112"
526,14:26,5,5,김포공항,7,"0,2,16,20,23,110,115"
526,14:26,6,6,일산,3,"92,93,113"
526,14:26,7,7,판교,12,"1,7,13,31,34,37,66,77,80,86,89,91"
526,14:26,8,8,동탄/용인,2,"42,49"
526,14:26,9,9,평택,9,"26,87,99,100,105,114,116,118,119"
527,14:27,1,1,서울역,3,"24,28,75"
527,14:27,10,10,인천공항,11,"40,56,57,65,68,69,78,88,90,109,117"
527,14:27,2,2,수서,8,"6,10,27,43,50,61,62,107"
527,14:27,3,3,삼성,8,"11,44,45,59,60,71,101,108"
527,14:27,4,4,여의도,14,"4,5,9,14,15,38,39,41,46,54,55,72,95,112"
527,14:27,5,5,김포공항,7,"0,2,16,20,25,110,115"
527,14:27,6,6,일산,4,"92,93,111,113"
527,14:27,7,7,판교,11,"1,13,31,34,37,66,80,82,86,89,91"
527,14:27,8,8,동탄/용인,2,"42,49"
527,14:27,9,9,평택,10,"26,84,87,99,100,105,114,116,118,119"
528,14:28,1,1,서울역,6,"24,28,47,75,76,96"
528,14:28,10,10,인천공항,11,"40,56,57,65,68,69,78,88,90,109,117"
528,14:28,2,2,수서,9,"6,10,27,43,50,61,62,81,107"
528,14:28,3,3,삼성,10,"11,44,45,59,60,70,71,74,101,108"
528,14:28,4,4,여의도,13,"4,5,9,14,15,21,39,46,54,55,72,95,112"
528,14:28,5,5,김포공항,7,"2,16,20,25,102,110,115"
528,14:28,6,6,일산,4,"92,93,94,111"
528,14:28,7,7,판교,8,"1,31,34,37,66,82,86,89"
528,14:28,8,8,동탄/용인,3,"42,49,51"
528,14:28,9,9,평택,10,"26,84,87,99,100,105,114,116,118,119"
529,14:29,1,1,서울역,6,"24,28,47,75,76,96"
529,14:29,10,10,인천공항,11,"40,56,57,65,68,69,78,88,90,109,117"
529,14:29,2,2,수서,8,"6,10,27,43,50,62,81,107"
529,14:29,3,3,삼성,9,"44,45,59,60,70,71,74,101,108"
529,14:29,4,4,여의도,11,"4,14,15,21,39,46,55,64,72,95,112"
529,14:29,5,5,김포공항,8,"2,16,20,25,102,103,110,115"
529,14:29,6,6,일산,4,"92,93,94,111"
529,14:29,7,7,판교,7,"1,31,34,66,82,86,89"
529,14:29,8,8,동탄/용인,3,"42,49,51"
529,14:29,9,9,평택,11,"26,84,87,99,100,104,105,114,116,118,119"
530,14:30,1,1,서울역,6,"17,24,28,47,76,96"
530,14:30,10,10,인천공항,9,"40,56,57,65,68,88,90,109,117"
530,14:30,2,2,수서,7,"6,10,27,50,62,81,107"
530,14:30,3,3,삼성,10,"44,45,59,60,63,70,71,74,101,108"
530,14:30,4,4,여의도,11,"4,14,15,21,39,46,55,64,72,95,112"
530,14:30,5,5,김포공항,8,"2,16,20,25,102,103,110,115"
530,14:30,6,6,일산,3,"92,93,94"
530,14:30,7,7,판교,7,"1,31,34,48,66,82,89"
530,14:30,8,8,동탄/용인,3,"42,49,51"
530,14:30,9,9,평택,12,"26,84,85,87,99,100,104,105,114,116,118,119"
531,14:31,1,1,서울역,4,"17,24,28,76"
531,14:31,10,10,인천공항,10,"40,56,57,65,68,79,88,90,109,117"
531,14:31,2,2,수서,7,"6,10,27,50,62,81,107"
531,14:31,3,3,삼성,8,"44,45,59,60,63,71,101,108"
531,14:31,4,4,여의도,12,"4,14,15,21,39,46,55,64,72,73,95,112"
531,14:31,5,5,김포공항,8,"2,16,20,25,102,103,110,115"
531,14:31,6,6,일산,3,"92,93,94"
531,14:31,7,7,판교,7,"1,30,34,48,66,82,89"
531,14:31,8,8,동탄/용인,3,"42,49,51"
531,14:31,9,9,평택,11,"84,85,87,99,100,104,105,114,116,118,119"
532,14:32,1,1,서울역,4,"17,24,53,76"
532,14:32,10,10,인천공항,8,"57,65,68,79,88,90,109,117"
532,14:32,2,2,수서,7,"3,6,10,27,62,81,107"
532,14:32,3,3,삼성,7,"44,45,60,63,71,101,108"
532,14:32,4,4,여의도,10,"4,18,21,46,55,64,72,73,95,112"
532,14:32,5,5,김포공항,8,"2,16,20,25,102,103,110,115"
532,14:32,6,6,일산,3,"92,93,94"
532,14:32,7,7,판교,6,"1,30,35,48,66,82"
532,14:32,8,8,동탄/용인,3,"42,49,51"
532,14:32,9,9,평택,12,"84,85,87,99,100,104,105,106,114,116,118,119"
533,14:33,1,1,서울역,3,"17,53,76"
533,14:33,10,10,인천공항,8,"57,65,68,79,88,90,109,117"
533,14:33,2,2,수서,7,"3,6,10,27,62,81,107"
533,14:33,3,3,삼성,6,"44,45,63,71,101,108"
533,14:33,4,4,여의도,10,"4,18,21,46,55,64,72,73,95,112"
533,14:33,5,5,김포공항,8,"2,16,25,58,102,103,110,115"
533,14:33,6,6,일산,3,"92,93,94"
533,14:33,7,7,판교,7,"1,30,35,36,48,66,82"
533,14:33,8,8,동탄/용인,3,"42,49,51"
533,14:33,9,9,평택,13,"52,84,85,87,99,100,104,105,106,114,116,118,119"
534,14:34,1,1,서울역,4,"7,17,53,77"
534,14:34,10,10,인천공항,6,"65,68,79,90,109,117"
534,14:34,2,2,수서,9,"3,6,10,27,32,38,62,81,107"
534,14:34,3,3,삼성,5,"44,45,63,71,101"
534,14:34,4,4,여의도,9,"4,18,46,55,64,72,73,95,112"
534,14:34,5,5,김포공항,8,"2,16,25,58,102,103,110,115"
534,14:34,6,6,일산,4,"8,92,93,94"
534,14:34,7,7,판교,8,"1,12,30,35,36,48,82,83"
534,14:34,8,8,동탄/용인,2,"49,51"
534,14:34,9,9,평택,14,"22,52,84,85,87,99,100,104,105,106,114,116,118,119"
535,14:35,1,1,서울역,7,"7,13,17,23,77,80,91"
535,14:35,10,10,인천공항,6,"65,68,79,90,109,117"
535,14:35,2,2,수서,8,"3,6,10,27,32,38,62,107"
535,14:35,3,3,삼성,5,"44,45,63,71,101"
535,14:35,4,4,여의도,8,"4,46,55,64,72,73,95,112"
535,14:35,5,5,김포공항,8,"2,16,25,58,102,103,110,115"
535,14:35,6,6,일산,4,"8,92,93,94"
535,14:35,7,7,판교,9,"1,12,30,35,36,41,48,82,83"
535,14:35,8,8,동탄/용인,2,"49,51"
535,14:35,9,9,평택,14,"22,52,84,85,87,99,100,104,105,106,114,116,118,119"
536,14:36,1,1,서울역,9,"7,13,17,23,29,37,77,80,91"
536,14:36,10,10,인천공항,5,"68,79,90,109,117"
536,14:36,2,2,수서,7,"3,6,10,27,32,38,107"
536,14:36,3,3,삼성,5,"44,45,63,71,101"
536,14:36,4,4,여의도,7,"4,11,55,64,72,73,95"
536,14:36,5,5,김포공항,8,"2,16,25,58,102,103,110,115"
536,14:36,6,6,일산,5,"8,92,93,94,97"
536,14:36,7,7,판교,10,"1,5,12,30,35,36,41,48,82,83"
536,14:36,8,8,동탄/용인,2,"49,51"
536,14:36,9,9,평택,15,"22,52,67,84,85,87,99,100,104,105,106,114,116,118,119"
537,14:37,1,1,서울역,8,"7,13,17,23,29,37,80,91"
537,14:37,10,10,인천공항,4,"68,90,109,117"
537,14:37,2,2,수서,7,"3,6,10,27,32,38,107"
537,14:37,3,3,삼성,6,"44,45,63,71,86,101"
537,14:37,4,4,여의도,6,"4,11,64,72,73,95"
537,14:37,5,5,김포공항,9,"2,16,25,58,61,102,103,110,115"
537,14:37,6,6,일산,4,"8,93,94,97"
537,14:37,7,7,판교,10,"5,12,30,35,36,41,48,75,82,83"
537,14:37,8,8,동탄/용인,1,51
537,14:37,9,9,평택,15,"22,52,67,84,85,87,99,100,104,105,106,114,116,118,119"
538,14:38,1,1,서울역,5,"7,13,17,29,37"
538,14:38,10,10,인천공항,5,"68,90,98,109,117"
538,14:38,2,2,수서,7,"6,10,15,27,32,38,107"
538,14:38,3,3,삼성,6,"44,45,63,71,86,101"
538,14:38,4,4,여의도,7,"4,11,31,64,72,73,95"
538,14:38,5,5,김포공항,10,"2,16,25,43,58,61,102,103,110,115"
538,14:38,6,6,일산,3,"8,93,97"
538,14:38,7,7,판교,11,"5,12,30,33,35,36,41,48,75,82,83"
538,14:38,8,8,동탄/용인,1,51
538,14:38,9,9,평택,15,"22,52,67,84,85,87,99,100,104,105,106,114,116,118,119"
539,14:39,1,1,서울역,4,"7,13,17,29"
539,14:39,10,10,인천공항,5,"68,90,98,109,117"
539,14:39,2,2,수서,7,"6,10,15,27,32,38,107"
539,14:39,3,3,삼성,7,"44,45,63,71,86,89,101"
539,14:39,4,4,여의도,9,"4,11,20,31,34,64,72,73,95"
539,14:39,5,5,김포공항,10,"2,16,25,43,58,61,102,103,110,115"
539,14:39,6,6,일산,3,"8,93,97"
539,14:39,7,7,판교,13,"5,12,28,30,33,35,36,39,41,48,75,82,83"
539,14:39,8,8,동탄/용인,1,51
539,14:39,9,9,평택,15,"19,22,67,84,85,87,99,100,104,105,106,114,116,118,119"
540,14:40,1,1,서울역,4,"7,13,17,29"
540,14:40,10,10,인천공항,4,"68,90,98,109"
540,14:40,2,2,수서,7,"6,10,15,21,32,38,107"
540,14:40,3,3,삼성,6,"44,45,63,71,89,101"
540,14:40,4,4,여의도,9,"4,11,20,31,34,64,72,73,95"
540,14:40,5,5,김포공항,10,"2,16,25,43,50,59,61,102,103,115"
540,14:40,6,6,일산,3,"8,93,97"
540,14:40,7,7,판교,12,"12,28,30,33,35,36,39,41,48,75,82,83"
540,14:40,8,8,동탄/용인,1,51
540,14:40,9,9,평택,14,"19,67,84,85,87,99,100,104,105,106,114,116,118,119"
541,14:41,1,1,서울역,4,"7,13,17,29"
541,14:41,10,10,인천공항,5,"9,68,90,98,109"
541,14:41,2,2,수서,7,"6,10,15,21,32,38,107"
541,14:41,3,3,삼성,5,"44,45,71,89,101"
541,14:41,4,4,여의도,9,"4,11,20,31,34,64,72,73,95"
541,14:41,5,5,김포공항,11,"2,16,25,43,50,59,60,61,102,103,115"
541,14:41,6,6,일산,3,"8,93,97"
541,14:41,7,7,판교,13,"12,28,30,33,35,36,39,41,48,75,76,82,83"
541,14:41,8,8,동탄/용인,1,51
541,14:41,9,9,평택,14,"19,67,84,85,87,99,100,104,105,106,114,116,118,119"
542,14:42,1,1,서울역,4,"7,13,17,29"
542,14:42,10,10,인천공항,3,"9,98,109"
542,14:42,2,2,수서,8,"6,10,15,21,32,38,46,107"
542,14:42,3,3,삼성,4,"44,45,71,101"
542,14:42,4,4,여의도,7,"4,11,31,34,64,72,95"
542,14:42,5,5,김포공항,13,"2,16,25,40,43,50,59,60,61,102,103,108,115"
542,14:42,6,6,일산,3,"8,93,97"
542,14:42,7,7,판교,12,"12,28,30,33,35,36,41,48,75,76,82,83"
542,14:42,8,8,동탄/용인,1,51
542,14:42,9,9,평택,14,"19,67,84,85,87,99,100,104,105,106,114,116,118,119"
543,14:43,1,1,서울역,5,"7,13,17,29,62"
543,14:43,10,10,인천공항,3,"9,98,109"
543,14:43,2,2,수서,8,"6,10,15,32,38,46,55,107"
543,14:43,3,3,삼성,2,"71,101"
543,14:43,4,4,여의도,6,"11,31,34,64,72,95"
543,14:43,5,5,김포공항,14,"2,16,25,40,43,50,59,60,61,81,102,103,108,115"
543,14:43,6,6,일산,3,"8,93,97"
543,14:43,7,7,판교,13,"12,28,30,33,35,36,41,48,75,76,82,83,112"
543,14:43,8,8,동탄/용인,1,51
543,14:43,9,9,평택,14,"19,67,84,85,87,99,100,104,105,106,114,116,118,119"
544,14:44,1,1,서울역,6,"1,7,13,17,29,62"
544,14:44,10,10,인천공항,3,"9,47,109"
544,14:44,2,2,수서,8,"6,10,15,32,38,46,55,107"
544,14:44,3,3,삼성,2,"42,101"
544,14:44,4,4,여의도,5,"34,56,64,72,95"
544,14:44,5,5,김포공항,14,"2,16,25,40,43,50,59,60,61,81,102,103,108,115"
544,14:44,6,6,일산,3,"8,93,97"
544,14:44,7,7,판교,13,"12,28,30,35,36,41,48,75,76,77,82,83,112"
544,14:44,8,8,동탄/용인,1,51
544,14:44,9,9,평택,15,"19,54,67,84,85,87,99,100,104,105,106,114,116,118,119"
545,14:45,1,1,서울역,5,"1,13,17,29,62"
545,14:45,10,10,인천공항,3,"9,47,109"
545,14:45,2,2,수서,8,"6,10,15,32,38,46,55,107"
545,14:45,3,3,삼성,4,"42,69,78,101"
545,14:45,4,4,여의도,3,"56,72,95"
545,14:45,5,5,김포공항,13,"16,25,40,43,50,59,60,61,81,102,103,108,115"
545,14:45,6,6,일산,3,"8,93,97"
545,14:45,7,7,판교,14,"12,28,30,35,36,41,48,75,76,77,80,82,83,112"
545,14:45,8,8,동탄/용인,1,51
545,14:45,9,9,평택,16,"0,19,54,67,84,85,87,99,100,104,105,106,114,116,118,119"
546,14:46,1,1,서울역,5,"1,13,17,29,62"
546,14:46,10,10,인천공항,4,"9,24,47,109"
546,14:46,2,2,수서,8,"6,10,15,32,38,46,55,107"
546,14:46,3,3,삼성,4,"21,42,69,78"
546,14:46,4,4,여의도,7,"27,56,57,58,72,95,110"
546,14:46,5,5,김포공항,12,"16,25,40,43,50,59,61,81,102,103,108,115"
546,14:46,6,6,일산,3,"8,66,93"
546,14:46,7,7,판교,13,"12,28,30,35,36,37,48,76,77,80,82,83,112"
546,14:46,8,8,동탄/용인,1,51
546,14:46,9,9,평택,18,"0,19,54,67,70,74,84,85,87,99,100,104,105,106,114,116,118,119"
547,14:47,1,1,서울역,7,"1,5,13,17,26,29,62"
547,14:47,10,10,인천공항,5,"9,18,24,47,109"
547,14:47,2,2,수서,8,"6,10,15,32,38,46,55,107"
547,14:47,3,3,삼성,4,"21,42,69,78"
547,14:47,4,4,여의도,6,"27,56,57,58,95,110"
547,14:47,5,5,김포공항,12,"16,25,40,43,50,59,61,81,102,103,108,115"
547,14:47,6,6,일산,2,"8,66"
547,14:47,7,7,판교,12,"12,28,30,35,36,37,76,77,80,82,83,112"
547,14:47,8,8,동탄/용인,1,51
547,14:47,9,9,평택,20,"0,14,19,54,67,70,74,84,85,87,96,99,100,104,105,106,114,116,118,119"
548,14:48,1,1,서울역,7,"1,5,13,17,26,29,62"
548,14:48,10,10,인천공항,5,"9,18,24,47,109"
548,14:48,2,2,수서,7,"6,10,32,38,46,55,107"
548,14:48,3,3,삼성,4,"21,42,69,78"
548,14:48,4,4,여의도,8,"27,56,57,58,63,65,95,110"
548,14:48,5,5,김포공항,12,"16,25,43,50,59,61,81,86,102,103,108,115"
548,14:48,6,6,일산,2,"8,66"
548,14:48,7,7,판교,12,"12,28,30,35,36,37,76,77,80,82,83,112"
548,14:48,8,8,동탄/용인,1,51
548,14:48,9,9,평택,21,"0,14,19,54,67,70,74,84,85,87,96,99,100,104,105,106,113,114,116,118,119"
549,14:49,1,1,서울역,7,"1,5,13,17,26,29,49"
549,14:49,10,10,인천공항,5,"9,18,24,47,109"
549,14:49,2,2,수서,6,"6,10,32,46,55,107"
549,14:49,3,3,삼성,5,"39,42,69,78,88"
549,14:49,4,4,여의도,6,"27,56,57,63,65,95"
549,14:49,5,5,김포공항,10,"16,25,50,59,61,81,86,102,103,115"
549,14:49,6,6,일산,3,"3,8,66"
549,14:49,7,7,판교,13,"12,28,30,35,36,73,76,77,80,82,83,92,112"
549,14:49,8,8,동탄/용인,1,51
549,14:49,9,9,평택,21,"0,14,19,54,67,70,74,84,85,87,96,99,100,104,105,106,113,114,116,118,119"
550,14:50,1,1,서울역,5,"1,26,29,49,71"
550,14:50,10,10,인천공항,5,"9,18,24,47,109"
550,14:50,2,2,수서,6,"10,31,32,46,55,107"
550,14:50,3,3,삼성,5,"39,42,69,78,88"
550,14:50,4,4,여의도,6,"27,56,57,63,65,95"
550,14:50,5,5,김포공항,10,"16,25,50,59,81,86,89,102,103,115"
550,14:50,6,6,일산,3,"3,8,66"
550,14:50,7,7,판교,13,"4,12,35,36,73,76,77,80,82,83,92,94,112"
550,14:50,8,8,동탄/용인,1,51
550,14:50,9,9,평택,22,"0,14,19,54,67,70,74,84,85,87,96,99,100,104,105,106,111,113,114,116,118,119"
551,14:51,1,1,서울역,6,"1,26,29,33,49,71"
551,14:51,10,10,인천공항,5,"9,18,23,24,47"
551,14:51,2,2,수서,6,"31,32,34,46,55,107"
551,14:51,3,3,삼성,5,"7,39,42,78,88"
551,14:51,4,4,여의도,7,"2,27,56,57,63,65,95"
551,14:51,5,5,김포공항,12,"16,25,44,45,50,59,81,86,89,102,103,115"
551,14:51,6,6,일산,3,"3,8,66"
551,14:51,7,7,판교,14,"4,11,12,35,36,73,76,77,80,82,83,92,94,112"
551,14:51,8,8,동탄/용인,1,51
551,14:51,9,9,평택,22,"14,19,53,54,67,70,74,84,85,87,96,99,100,104,105,106,111,113,114,116,118,119"
552,14:52,1,1,서울역,6,"1,26,29,33,49,71"
552,14:52,10,10,인천공항,5,"9,18,23,24,47"
552,14:52,2,2,수서,6,"31,32,34,46,55,107"
552,14:52,3,3,삼성,6,"7,39,42,78,79,88"
552,14:52,4,4,여의도,6,"2,27,56,63,65,95"
552,14:52,5,5,김포공항,11,"16,25,44,45,50,59,86,89,102,103,115"
552,14:52,6,6,일산,3,"3,8,66"
552,14:52,7,7,판교,14,"4,11,12,35,36,64,76,77,80,82,83,92,94,112"
552,14:52,8,8,동탄/용인,1,51
552,14:52,9,9,평택,22,"14,19,53,54,67,70,74,84,85,87,96,99,100,104,105,106,111,113,114,116,118,119"
553,14:53,1,1,서울역,4,"1,33,49,71"
553,14:53,10,10,인천공항,5,"9,18,23,24,47"
553,14:53,2,2,수서,6,"31,32,34,46,55,107"
553,14:53,3,3,삼성,7,"7,39,41,42,75,79,88"
553,14:53,4,4,여의도,6,"2,27,63,65,95,101"
553,14:53,5,5,김포공항,10,"25,44,45,50,59,86,89,102,103,115"
553,14:53,6,6,일산,4,"3,8,60,66"
553,14:53,7,7,판교,14,"4,11,12,35,36,64,76,77,80,82,83,92,94,112"
553,14:53,8,8,동탄/용인,1,51
553,14:53,9,9,평택,22,"14,19,53,54,67,70,74,84,85,87,96,99,100,104,105,106,111,113,114,116,118,119"
554,14:54,1,1,서울역,4,"1,48,49,71"
554,14:54,10,10,인천공항,5,"9,18,23,24,47"
554,14:54,2,2,수서,6,"31,32,34,46,55,107"
554,14:54,3,3,삼성,7,"7,39,41,42,75,79,88"
554,14:54,4,4,여의도,5,"27,65,68,95,101"
554,14:54,5,5,김포공항,10,"25,44,45,50,59,86,89,102,103,115"
554,14:54,6,6,일산,4,"3,8,60,66"
554,14:54,7,7,판교,15,"4,11,12,35,36,64,72,76,77,80,82,83,92,94,112"
554,14:54,8,8,동탄/용인,1,51
554,14:54,9,9,평택,23,"14,19,53,54,67,70,74,84,85,87,91,96,99,100,104,105,106,111,113,114,116,118,119"
555,14:55,1,1,서울역,4,"1,48,52,71"
555,14:55,10,10,인천공항,5,"9,18,23,24,47"
555,14:55,2,2,수서,5,"31,32,34,55,107"
555,14:55,3,3,삼성,6,"7,39,41,42,75,79"
555,14:55,4,4,여의도,6,"27,65,68,95,101,108"
555,14:55,5,5,김포공항,9,"25,44,45,59,86,89,102,103,115"
555,14:55,6,6,일산,3,"8,60,66"
555,14:55,7,7,판교,15,"4,11,12,35,36,64,72,76,77,80,82,83,92,94,112"
555,14:55,9,9,평택,22,"14,19,53,54,70,74,84,85,87,91,96,99,100,104,105,106,111,113,114,116,118,119"
556,14:56,1,1,서울역,6,"1,22,37,48,52,71"
556,14:56,10,10,인천공항,5,"9,18,23,24,47"
556,14:56,2,2,수서,5,"31,32,34,55,107"
556,14:56,3,3,삼성,5,"7,13,39,42,79"
556,14:56,4,4,여의도,6,"27,65,68,95,101,108"
556,14:56,5,5,김포공항,10,"15,25,44,45,59,86,89,102,103,115"
556,14:56,6,6,일산,2,"8,66"
556,14:56,7,7,판교,15,"4,11,35,36,62,64,72,76,77,80,82,83,92,94,112"
556,14:56,9,9,평택,22,"14,19,53,54,70,74,84,85,87,91,96,99,100,104,105,106,111,113,114,116,118,119"
557,14:57,1,1,서울역,7,"1,22,28,37,52,69,71"
557,14:57,10,10,인천공항,5,"9,18,23,24,47"
557,14:57,2,2,수서,6,"17,31,32,34,55,107"
557,14:57,3,3,삼성,6,"13,39,42,79,90,93"
557,14:57,4,4,여의도,7,"27,30,65,68,95,101,108"
557,14:57,5,5,김포공항,12,"15,21,25,38,44,45,59,86,89,102,103,115"
557,14:57,6,6,일산,3,"8,61,66"
557,14:57,7,7,판교,16,"4,5,11,35,36,62,64,72,76,77,80,82,83,92,94,112"
557,14:57,9,9,평택,23,"14,19,20,53,54,70,74,84,85,87,91,96,99,100,104,105,106,111,113,114,116,118,119"
558,14:58,1,1,서울역,8,"1,10,22,28,37,52,69,71"
558,14:58,10,10,인천공항,3,"23,24,47"
558,14:58,2,2,수서,5,"17,31,32,34,107"
558,14:58,3,3,삼성,6,"13,39,42,79,90,93"
558,14:58,4,4,여의도,6,"27,30,65,68,95,101"
558,14:58,5,5,김포공항,13,"6,15,21,25,38,44,45,59,86,89,102,103,115"
558,14:58,6,6,일산,3,"8,61,66"
558,14:58,7,7,판교,16,"4,5,11,36,62,64,72,76,77,80,82,83,92,94,97,112"
558,14:58,9,9,평택,22,"14,19,20,53,54,74,84,85,87,91,96,99,100,104,105,106,111,113,114,116,118,119"
559,14:59,1,1,서울역,8,"1,10,22,28,37,52,69,71"
559,14:59,10,10,인천공항,3,"23,24,47"
559,14:59,2,2,수서,6,"17,31,32,34,56,107"
559,14:59,3,3,삼성,8,"13,39,42,73,79,90,93,98"
559,14:59,4,4,여의도,7,"16,27,30,65,68,95,101"
559,14:59,5,5,김포공항,13,"6,15,21,25,38,44,45,59,86,89,102,103,115"
559,14:59,6,6,일산,4,"8,61,66,81"
559,14:59,7,7,판교,17,"4,5,11,36,57,62,64,72,76,77,80,82,83,92,94,97,112"
559,14:59,9,9,평택,22,"19,20,53,54,74,84,85,87,91,96,99,100,104,105,106,111,113,114,116,117,118,119"
560,15:00,1,1,서울역,8,"1,10,22,28,37,52,69,71"
560,15:00,10,10,인천공항,3,"23,24,47"
560,15:00,2,2,수서,8,"17,26,29,31,32,34,56,107"
560,15:00,3,3,삼성,8,"13,39,42,73,79,90,93,98"
560,15:00,4,4,여의도,7,"16,27,30,68,78,95,101"
560,15:00,5,5,김포공항,8,"6,15,21,25,38,89,102,115"
560,15:00,6,6,일산,3,"8,66,81"
560,15:00,7,7,판교,15,"4,5,11,36,57,62,72,76,80,82,83,92,94,97,112"
560,15:00,9,9,평택,22,"19,20,53,54,74,84,85,87,91,96,99,100,104,105,106,111,113,114,116,117,118,119"
561,15:01,1,1,서울역,7,"1,10,22,28,37,69,71"
561,15:01,10,10,인천공항,4,"23,24,47,58"
561,15:01,2,2,수서,8,"17,26,29,31,32,34,56,107"
561,15:01,3,3,삼성,7,"13,39,73,79,90,93,98"
561,15:01,4,4,여의도,7,"16,27,30,68,78,95,101"
561,15:01,5,5,김포공항,6,"6,15,25,38,89,102"
561,15:01,6,6,일산,3,"8,66,81"
561,15:01,7,7,판교,15,"2,4,5,11,33,36,57,63,80,82,83,92,94,97,112"
561,15:01,9,9,평택,21,"20,53,54,74,84,85,87,91,96,99,100,104,105,106,111,113,114,116,117,118,119"
562,15:02,1,1,서울역,7,"1,3,10,28,37,69,71"
562,15:02,10,10,인천공항,4,"23,24,47,58"
562,15:02,2,2,수서,6,"17,26,29,31,34,107"
562,15:02,3,3,삼성,5,"39,79,90,93,98"
562,15:02,4,4,여의도,5,"27,30,78,95,101"
562,15:02,5,5,김포공항,6,"6,15,25,38,89,102"
562,15:02,6,6,일산,2,"8,66"
562,15:02,7,7,판교,16,"2,4,5,11,33,36,49,57,63,80,82,83,92,94,97,112"
562,15:02,9,9,평택,20,"20,53,54,84,85,87,91,96,99,100,104,105,106,111,113,114,116,117,118,119"
563,15:03,1,1,서울역,7,"1,3,10,28,37,69,71"
563,15:03,10,10,인천공항,4,"23,24,47,58"
563,15:03,2,2,수서,6,"17,26,29,31,34,107"
563,15:03,3,3,삼성,3,"39,90,98"
563,15:03,4,4,여의도,6,"12,27,30,78,95,101"
563,15:03,5,5,김포공항,7,"6,15,25,38,46,88,102"
563,15:03,6,6,일산,1,8
563,15:03,7,7,판교,15,"2,4,5,33,36,49,57,63,80,82,83,92,94,97,112"
563,15:03,9,9,평택,20,"20,53,54,84,85,87,91,96,99,100,104,105,106,111,113,114,116,117,118,119"
564,15:04,1,1,서울역,7,"1,3,10,28,37,69,71"
564,15:04,10,10,인천공항,4,"23,24,47,58"
564,15:04,2,2,수서,6,"17,26,29,31,34,107"
564,15:04,3,3,삼성,3,"39,90,98"
564,15:04,4,4,여의도,6,"7,12,30,78,95,101"
564,15:04,5,5,김포공항,7,"6,15,25,38,46,88,102"
564,15:04,7,7,판교,14,"2,4,33,36,49,57,63,80,82,83,92,94,97,112"
564,15:04,9,9,평택,21,"20,53,54,84,85,87,91,96,99,100,104,105,106,110,111,113,114,116,117,118,119"
565,15:05,1,1,서울역,5,"3,28,37,69,71"
565,15:05,10,10,인천공항,4,"23,24,47,58"
565,15:05,2,2,수서,6,"17,26,29,31,34,107"
565,15:05,3,3,삼성,4,"39,51,56,98"
565,15:05,4,4,여의도,7,"7,12,30,35,78,95,101"
565,15:05,5,5,김포공항,6,"6,15,25,46,88,102"
565,15:05,7,7,판교,14,"2,4,33,36,49,57,63,80,82,83,92,94,97,112"
565,15:05,9,9,평택,22,"20,40,53,54,84,85,87,91,96,99,100,104,105,106,110,111,113,114,116,117,118,119"
566,15:06,1,1,서울역,5,"3,28,37,69,71"
566,15:06,10,10,인천공항,4,"23,24,47,58"
566,15:06,2,2,수서,6,"17,26,31,34,65,107"
566,15:06,3,3,삼성,4,"39,51,56,98"
566,15:06,4,4,여의도,6,"0,7,12,35,95,103"
566,15:06,5,5,김포공항,7,"6,15,25,46,55,88,102"
566,15:06,6,6,일산,1,41
566,15:06,7,7,판교,14,"2,4,33,36,49,57,63,80,82,83,92,94,97,112"
566,15:06,9,9,평택,23,"20,40,43,53,54,84,85,87,91,96,99,100,104,105,106,110,111,113,114,116,117,118,119"
567,15:07,1,1,서울역,5,"3,28,37,69,71"
567,15:07,10,10,인천공항,3,"23,24,47"
567,15:07,2,2,수서,7,"17,26,31,34,65,107,109"
567,15:07,3,3,삼성,3,"51,56,98"
567,15:07,4,4,여의도,8,"0,7,12,35,64,77,103,115"
567,15:07,5,5,김포공항,6,"6,15,25,46,55,88"
567,15:07,6,6,일산,5,"41,44,45,59,86"
567,15:07,7,7,판교,13,"4,33,36,49,57,63,80,82,83,92,94,97,112"
567,15:07,9,9,평택,23,"20,40,43,53,54,84,85,87,91,96,99,100,104,105,106,110,111,113,114,116,117,118,119"
568,15:08,1,1,서울역,6,"3,28,37,62,69,71"
568,15:08,10,10,인천공항,3,"23,24,47"
568,15:08,2,2,수서,9,"17,26,31,34,52,65,68,107,109"
568,15:08,3,3,삼성,2,"51,98"
568,15:08,4,4,여의도,11,"0,7,12,32,35,64,72,76,77,103,115"
568,15:08,5,5,김포공항,5,"6,15,46,55,88"
568,15:08,6,6,일산,5,"41,44,45,59,86"
568,15:08,7,7,판교,14,"4,33,36,49,57,60,63,80,82,83,92,94,97,112"
568,15:08,8,8,동탄/용인,1,74
568,15:08,9,9,평택,22,"20,40,43,54,84,85,87,91,96,99,100,104,105,106,110,111,113,114,116,117,118,119"
569,15:09,1,1,서울역,5,"3,37,62,69,71"
569,15:09,10,10,인천공항,3,"23,24,47"
569,15:09,2,2,수서,8,"22,26,31,34,52,68,107,109"
569,15:09,3,3,삼성,2,"51,98"
569,15:09,4,4,여의도,10,"0,7,12,32,35,64,72,76,77,115"
569,15:09,5,5,김포공항,6,"6,15,42,46,55,88"
569,15:09,6,6,일산,5,"41,44,45,59,86"
569,15:09,7,7,판교,14,"4,16,33,36,49,57,60,80,82,83,92,94,97,112"
569,15:09,8,8,동탄/용인,1,74
569,15:09,9,9,평택,22,"20,40,43,54,84,85,87,91,96,99,100,104,105,106,110,111,113,114,116,117,118,119"
570,15:10,1,1,서울역,5,"3,37,62,69,71"
570,15:10,10,10,인천공항,3,"24,47,48"
570,15:10,2,2,수서,9,"22,26,27,31,34,52,68,107,109"
570,15:10,3,3,삼성,2,"51,98"
570,15:10,4,4,여의도,10,"0,7,9,11,12,32,35,72,76,93"
570,15:10,5,5,김포공항,7,"6,13,15,42,46,55,88"
570,15:10,6,6,일산,2,"41,89"
570,15:10,7,7,판교,14,"4,16,33,36,49,57,60,80,82,83,92,94,97,112"
570,15:10,8,8,동탄/용인,1,74
570,15:10,9,9,평택,22,"20,40,43,54,84,85,87,91,96,99,100,104,105,106,110,111,113,114,116,117,118,119"
571,15:11,1,1,서울역,8,"3,5,8,37,67,69,71,90"
571,15:11,10,10,인천공항,4,"21,24,47,48"
571,15:11,2,2,수서,9,"22,26,27,31,34,52,68,107,109"
571,15:11,3,3,삼성,2,"1,98"
571,15:11,4,4,여의도,8,"0,7,9,11,12,32,38,93"
571,15:11,5,5,김포공항,8,"6,13,15,42,46,55,79,88"
571,15:11,6,6,일산,2,"41,89"
571,15:11,7,7,판교,14,"4,16,33,36,49,57,60,80,82,83,92,94,97,112"
571,15:11,9,9,평택,21,"20,43,54,75,85,87,91,96,99,100,104,105,106,110,111,113,114,116,117,118,119"
572,15:12,1,1,서울역,8,"3,5,8,37,67,69,71,90"
572,15:12,10,10,인천공항,4,"21,24,47,48"
572,15:12,2,2,수서,10,"22,26,27,30,31,34,52,68,107,109"
572,15:12,3,3,삼성,3,"1,65,98"
572,15:12,4,4,여의도,7,"7,9,11,12,32,38,93"
572,15:12,5,5,김포공항,7,"6,13,15,46,55,79,88"
572,15:12,6,6,일산,2,"10,89"
572,15:12,7,7,판교,15,"4,16,33,36,49,57,60,61,80,82,83,92,94,97,112"
572,15:12,9,9,평택,22,"20,43,50,54,75,85,87,91,96,99,100,104,105,106,110,111,113,114,116,117,118,119"
573,15:13,1,1,서울역,8,"3,5,8,37,67,69,71,90"
573,15:13,10,10,인천공항,4,"21,24,47,48"
573,15:13,2,2,수서,11,"22,26,27,30,31,34,52,68,95,107,109"
573,15:13,3,3,삼성,4,"1,18,65,98"
573,15:13,4,4,여의도,7,"7,9,11,12,32,38,93"
573,15:13,5,5,김포공항,7,"6,13,15,46,55,79,88"
573,15:13,6,6,일산,1,10
573,15:13,7,7,판교,17,"4,16,33,36,49,57,60,61,78,80,82,83,92,94,97,101,112"
573,15:13,9,9,평택,21,"20,50,54,75,87,91,96,99,100,104,105,106,108,110,111,113,114,116,117,118,119"
574,15:14,1,1,서울역,8,"2,3,5,37,67,69,70,71"
574,15:14,10,10,인천공항,3,"24,47,48"
574,15:14,2,2,수서,10,"22,26,27,30,31,34,52,95,107,109"
574,15:14,3,3,삼성,4,"1,18,65,98"
574,15:14,4,4,여의도,6,"7,9,11,12,14,93"
574,15:14,5,5,김포공항,8,"6,13,15,29,46,55,79,88"
574,15:14,6,6,일산,2,"10,102"
574,15:14,7,7,판교,18,"4,16,33,36,49,57,60,61,78,80,81,82,83,92,94,97,101,112"
574,15:14,9,9,평택,20,"20,50,54,75,87,96,99,100,104,105,106,108,110,111,113,114,116,117,118,119"
575,15:15,1,1,서울역,7,"2,3,5,37,67,69,70"
575,15:15,10,10,인천공항,3,"24,47,48"
575,15:15,2,2,수서,9,"26,27,30,31,34,52,95,107,109"
575,15:15,3,3,삼성,3,"1,18,98"
575,15:15,4,4,여의도,6,"7,9,11,12,14,93"
575,15:15,5,5,김포공항,9,"6,13,15,29,39,46,55,79,88"
575,15:15,6,6,일산,2,"10,102"
575,15:15,7,7,판교,17,"4,33,49,57,60,61,66,78,80,81,82,83,92,94,97,101,112"
575,15:15,9,9,평택,20,"20,50,54,75,87,96,99,100,104,105,106,108,110,111,113,114,116,117,118,119"
576,15:16,1,1,서울역,5,"2,3,5,67,70"
576,15:16,10,10,인천공항,2,"24,47"
576,15:16,2,2,수서,10,"26,27,28,30,31,34,52,95,107,109"
576,15:16,3,3,삼성,4,"1,18,63,98"
576,15:16,4,4,여의도,6,"7,9,12,14,19,93"
576,15:16,5,5,김포공항,9,"6,15,29,39,46,55,56,79,88"
576,15:16,6,6,일산,2,"10,102"
576,15:16,7,7,판교,17,"4,33,49,57,60,61,66,78,80,81,82,83,92,94,97,101,112"
576,15:16,9,9,평택,20,"20,50,54,75,87,96,99,100,104,105,106,108,110,111,113,114,116,117,118,119"
577,15:17,1,1,서울역,4,"2,3,5,70"
577,15:17,10,10,인천공항,2,"24,47"
577,15:17,2,2,수서,10,"27,28,30,31,34,35,52,95,107,109"
577,15:17,3,3,삼성,3,"18,63,98"
577,15:17,4,4,여의도,5,"9,12,14,19,93"
577,15:17,5,5,김포공항,10,"6,15,17,29,39,46,55,56,79,88"
577,15:17,6,6,일산,1,10
577,15:17,7,7,판교,18,"4,33,49,57,60,61,64,66,78,80,81,82,83,92,94,97,101,112"
577,15:17,9,9,평택,20,"20,50,54,73,75,96,99,100,104,105,106,108,110,111,113,114,116,117,118,119"
578,15:18,1,1,서울역,4,"2,3,5,70"
578,15:18,10,10,인천공항,3,"24,25,47"
578,15:18,2,2,수서,10,"27,28,30,31,34,35,52,95,107,109"
578,15:18,3,3,삼성,3,"18,63,98"
578,15:18,4,4,여의도,7,"8,9,12,14,19,90,93"
578,15:18,5,5,김포공항,9,"6,17,29,39,46,55,56,79,88"
578,15:18,6,6,일산,1,10
578,15:18,7,7,판교,19,"4,33,49,57,60,61,64,66,72,78,80,81,82,83,92,94,97,101,112"
578,15:18,9,9,평택,19,"20,54,73,75,96,99,100,104,105,106,108,110,111,113,114,116,117,118,119"
579,15:19,1,1,서울역,4,"2,3,5,70"
579,15:19,10,10,인천공항,3,"24,25,47"
579,15:19,2,2,수서,10,"27,28,30,31,34,35,52,95,107,109"
579,15:19,3,3,삼성,1,98
579,15:19,4,4,여의도,7,"8,9,12,14,19,90,93"
579,15:19,5,5,김포공항,10,"6,17,29,39,46,51,55,56,79,88"
579,15:19,6,6,일산,2,"10,42"
579,15:19,7,7,판교,20,"0,4,33,49,57,60,61,64,66,72,78,80,81,82,83,92,94,97,101,112"
579,15:19,9,9,평택,19,"20,54,73,75,96,99,100,104,105,106,108,110,111,113,114,116,117,118,119"
580,15:20,1,1,서울역,3,"2,3,5"
580,15:20,10,10,인천공항,3,"24,25,47"
580,15:20,2,2,수서,8,"27,28,30,34,35,52,107,109"
580,15:20,3,3,삼성,1,98
580,15:20,4,4,여의도,6,"8,9,12,19,90,93"
580,15:20,5,5,김포공항,7,"6,17,39,51,55,56,88"
580,15:20,6,6,일산,2,"10,42"
580,15:20,7,7,판교,18,"0,4,33,49,57,60,61,64,66,72,81,82,83,92,94,97,101,112"
580,15:20,9,9,평택,19,"20,54,73,75,96,99,100,104,105,106,108,110,111,113,114,116,117,118,119"
581,15:21,1,1,서울역,2,"2,5"
581,15:21,10,10,인천공항,2,"24,47"
581,15:21,2,2,수서,8,"27,28,30,34,35,52,107,109"
581,15:21,3,3,삼성,2,"32,98"
581,15:21,4,4,여의도,4,"9,12,19,93"
581,15:21,5,5,김포공항,7,"6,17,39,51,55,56,88"
581,15:21,6,6,일산,1,42
581,15:21,7,7,판교,17,"0,4,33,57,60,61,64,66,72,81,82,83,92,94,97,101,112"
581,15:21,9,9,평택,19,"20,54,73,75,96,99,100,104,105,106,108,110,111,113,114,116,117,118,119"
582,15:22,1,1,서울역,2,"2,5"
582,15:22,10,10,인천공항,2,"24,47"
582,15:22,2,2,수서,8,"27,28,30,34,35,52,107,109"
582,15:22,3,3,삼성,3,"32,41,58"
582,15:22,4,4,여의도,6,"12,16,19,36,74,93"
582,15:22,5,5,김포공항,5,"6,17,55,56,88"
582,15:22,7,7,판교,20,"0,44,45,57,59,60,61,64,66,71,72,81,82,83,86,92,94,97,101,112"
582,15:22,9,9,평택,19,"20,54,73,75,96,99,100,104,105,106,108,110,111,113,114,116,117,118,119"
583,15:23,1,1,서울역,2,"2,5"
583,15:23,10,10,인천공항,2,"24,47"
583,15:23,2,2,수서,9,"7,28,30,34,35,52,69,107,109"
583,15:23,3,3,삼성,5,"32,41,58,67,95"
583,15:23,4,4,여의도,6,"12,16,19,36,53,74"
583,15:23,5,5,김포공항,6,"6,22,55,56,65,88"
583,15:23,7,7,판교,22,"0,11,37,44,45,57,59,60,61,64,66,71,72,81,82,83,86,92,94,97,101,112"
583,15:23,9,9,평택,19,"20,54,73,75,96,99,100,104,105,106,108,110,111,113,114,116,117,118,119"
584,15:24,1,1,서울역,2,"2,5"
584,15:24,10,10,인천공항,3,"24,47,62"
584,15:24,2,2,수서,8,"7,13,30,34,35,52,69,109"
584,15:24,3,3,삼성,5,"32,41,58,67,95"
584,15:24,4,4,여의도,6,"12,16,19,36,53,74"
584,15:24,5,5,김포공항,5,"6,22,55,56,65"
584,15:24,7,7,판교,22,"0,11,37,44,45,57,59,60,61,64,66,71,72,81,82,83,86,92,94,97,101,112"
584,15:24,9,9,평택,19,"20,54,73,75,96,99,100,103,104,105,106,108,110,113,114,116,117,118,119"
585,15:25,1,1,서울역,2,"2,5"
585,15:25,10,10,인천공항,3,"24,47,62"
585,15:25,2,2,수서,8,"7,13,30,34,35,52,69,109"
585,15:25,3,3,삼성,6,"23,32,41,58,67,95"
585,15:25,4,4,여의도,6,"12,16,19,36,53,74"
585,15:25,5,5,김포공항,6,"1,6,22,26,55,65"
585,15:25,6,6,일산,1,68
585,15:25,7,7,판교,22,"0,11,37,44,45,57,59,60,61,64,66,71,72,81,82,83,86,92,94,97,101,112"
585,15:25,9,9,평택,21,"20,54,73,75,77,96,99,100,103,104,105,106,108,110,113,114,115,116,117,118,119"
586,15:26,1,1,서울역,2,"2,5"
586,15:26,10,10,인천공항,4,"24,38,47,62"
586,15:26,2,2,수서,8,"7,13,15,30,34,35,52,109"
586,15:26,3,3,삼성,5,"23,32,41,58,67"
586,15:26,4,4,여의도,8,"12,16,19,31,36,40,53,74"
586,15:26,5,5,김포공항,5,"1,22,26,55,65"
586,15:26,6,6,일산,1,68
586,15:26,7,7,판교,20,"0,11,37,44,45,57,59,60,61,64,71,72,81,82,86,92,94,97,101,112"
586,15:26,9,9,평택,22,"20,54,73,75,76,77,96,99,100,103,104,105,106,108,110,113,114,115,116,117,118,119"
587,15:27,1,1,서울역,2,"2,5"
587,15:27,10,10,인천공항,4,"24,38,47,62"
587,15:27,2,2,수서,9,"7,13,15,30,34,35,52,70,109"
587,15:27,3,3,삼성,9,"14,23,32,41,58,67,78,80,107"
587,15:27,4,4,여의도,7,"16,19,31,36,40,53,74"
587,15:27,5,5,김포공항,4,"1,18,26,65"
587,15:27,6,6,일산,3,"29,46,68"
587,15:27,7,7,판교,19,"0,11,37,44,45,57,59,60,61,64,71,72,81,86,92,94,97,101,112"
587,15:27,9,9,평택,21,"20,54,73,75,76,77,96,99,103,104,105,106,108,110,113,114,115,116,117,118,119"
588,15:28,1,1,서울역,3,"2,5,98"
588,15:28,10,10,인천공항,3,"38,47,62"
588,15:28,2,2,수서,10,"3,7,9,13,15,30,34,35,52,70"
588,15:28,3,3,삼성,9,"14,23,32,41,58,67,78,80,107"
588,15:28,4,4,여의도,9,"16,19,31,36,40,43,49,53,74"
588,15:28,5,5,김포공항,3,"1,18,65"
588,15:28,6,6,일산,3,"29,46,68"
588,15:28,7,7,판교,18,"0,8,11,37,44,45,57,59,60,61,64,71,72,86,94,97,101,112"
588,15:28,9,9,평택,21,"20,54,73,75,76,77,96,99,103,104,105,106,108,110,113,114,115,116,117,118,119"
589,15:29,1,1,서울역,4,"2,5,33,98"
589,15:29,10,10,인천공항,3,"38,47,62"
589,15:29,2,2,수서,10,"3,7,9,13,15,30,34,35,52,70"
589,15:29,3,3,삼성,10,"14,21,23,32,41,58,69,78,80,107"
589,15:29,4,4,여의도,9,"4,16,19,31,36,40,43,49,74"
589,15:29,5,5,김포공항,3,"1,18,65"
589,15:29,6,6,일산,6,"29,39,46,51,63,68"
589,15:29,7,7,판교,17,"0,8,37,44,45,57,59,60,61,64,71,72,86,94,97,101,112"
589,15:29,9,9,평택,19,"20,54,73,76,77,96,99,103,104,105,106,108,110,113,115,116,117,118,119"
590,15:30,1,1,서울역,4,"2,5,33,98"
590,15:30,10,10,인천공항,5,"38,47,62,79,84"
590,15:30,2,2,수서,10,"3,7,9,13,15,30,34,35,52,70"
590,15:30,3,3,삼성,6,"14,21,23,41,58,69"
590,15:30,4,4,여의도,9,"4,16,19,31,36,40,43,49,74"
590,15:30,5,5,김포공항,3,"1,18,65"
590,15:30,6,6,일산,4,"39,51,63,68"
590,15:30,7,7,판교,18,"0,8,37,44,45,57,59,60,61,64,71,72,86,93,94,97,101,112"
590,15:30,8,8,동탄/용인,1,111
590,15:30,9,9,평택,18,"20,54,73,76,77,96,99,104,105,106,108,110,113,115,116,117,118,119"
591,15:31,1,1,서울역,4,"2,5,33,98"
591,15:31,10,10,인천공항,5,"38,47,62,79,84"
591,15:31,2,2,수서,10,"3,7,9,13,15,30,34,35,52,70"
591,15:31,3,3,삼성,6,"14,21,48,58,69,109"
591,15:31,4,4,여의도,10,"4,16,19,31,36,40,43,49,56,74"
591,15:31,5,5,김포공항,2,"18,27"
591,15:31,6,6,일산,3,"39,51,63"
591,15:31,7,7,판교,17,"0,8,37,44,45,57,59,60,61,64,72,86,93,94,97,101,112"
591,15:31,8,8,동탄/용인,1,111
591,15:31,9,9,평택,18,"20,54,73,76,77,96,99,104,105,106,108,110,113,115,116,117,118,119"
592,15:32,1,1,서울역,4,"2,5,33,98"
592,15:32,10,10,인천공항,6,"38,47,62,79,84,85"
592,15:32,2,2,수서,10,"3,7,9,13,15,30,34,35,52,70"
592,15:32,3,3,삼성,4,"14,21,48,109"
592,15:32,4,4,여의도,8,"4,16,19,36,43,49,56,74"
592,15:32,5,5,김포공항,3,"18,27,28"
592,15:32,6,6,일산,1,63
592,15:32,7,7,판교,15,"0,8,44,45,57,59,60,61,64,86,93,94,97,101,112"
592,15:32,8,8,동탄/용인,1,111
592,15:32,9,9,평택,18,"20,54,73,76,77,96,99,104,105,106,108,110,113,115,116,117,118,119"
593,15:33,1,1,서울역,4,"2,5,33,98"
593,15:33,10,10,인천공항,6,"17,47,62,84,85,91"
593,15:33,2,2,수서,10,"3,7,9,12,13,15,30,34,35,52"
593,15:33,3,3,삼성,5,"14,21,48,66,109"
593,15:33,4,4,여의도,9,"4,16,19,43,49,50,56,74,83"
593,15:33,5,5,김포공항,3,"18,27,28"
593,15:33,6,6,일산,1,63
593,15:33,7,7,판교,15,"0,8,10,45,57,59,60,61,64,86,93,94,97,101,112"
593,15:33,9,9,평택,19,"20,54,73,76,77,89,96,99,104,105,106,108,110,113,115,116,117,118,119"
594,15:34,1,1,서울역,5,"2,5,33,82,98"
594,15:34,10,10,인천공항,7,"17,47,62,84,85,88,91"
594,15:34,2,2,수서,10,"3,7,9,12,13,15,30,34,35,52"
594,15:34,3,3,삼성,4,"14,21,48,66"
594,15:34,4,4,여의도,7,"4,16,19,49,50,74,83"
594,15:34,5,5,김포공항,3,"27,28,95"
594,15:34,6,6,일산,3,"22,55,63"
594,15:34,7,7,판교,15,"8,10,42,45,57,59,60,61,64,86,93,94,97,101,112"
594,15:34,8,8,동탄/용인,1,102
594,15:34,9,9,평택,19,"20,54,73,76,77,89,96,99,104,105,106,108,110,113,115,116,117,118,119"
595,15:35,1,1,서울역,4,"2,5,82,98"
595,15:35,10,10,인천공항,7,"17,47,62,84,85,88,91"
595,15:35,2,2,수서,10,"3,7,9,12,13,15,30,34,35,52"
595,15:35,3,3,삼성,4,"14,48,66,81"
595,15:35,4,4,여의도,7,"16,19,49,50,74,83,92"
595,15:35,5,5,김포공항,3,"27,28,95"
595,15:35,6,6,일산,4,"22,26,55,63"
595,15:35,7,7,판교,15,"8,10,42,45,57,59,60,61,64,86,93,94,97,101,112"
595,15:35,8,8,동탄/용인,2,"102,114"
595,15:35,9,9,평택,18,"54,73,76,77,89,96,99,104,105,106,108,110,113,115,116,117,118,119"
596,15:36,1,1,서울역,3,"2,5,82"
596,15:36,10,10,인천공항,6,"6,62,84,85,88,91"
596,15:36,2,2,수서,9,"3,7,9,12,13,30,34,35,52"
596,15:36,3,3,삼성,4,"14,25,48,81"
596,15:36,4,4,여의도,7,"11,16,19,49,50,74,92"
596,15:36,5,5,김포공항,3,"27,28,95"
596,15:36,6,6,일산,4,"22,26,55,63"
596,15:36,7,7,판교,16,"8,10,42,45,53,57,59,60,61,64,86,93,94,97,101,112"
596,15:36,8,8,동탄/용인,2,"102,114"
596,15:36,9,9,평택,18,"73,76,77,89,90,96,99,104,105,106,108,110,113,115,116,117,118,119"
597,15:37,1,1,서울역,1,5
597,15:37,10,10,인천공항,5,"6,62,84,85,91"
597,15:37,2,2,수서,9,"3,7,9,12,13,30,34,35,52"
597,15:37,3,3,삼성,4,"14,25,48,81"
597,15:37,4,4,여의도,9,"11,16,19,32,49,50,65,74,92"
597,15:37,5,5,김포공항,4,"27,28,67,95"
597,15:37,6,6,일산,3,"26,63,87"
597,15:37,7,7,판교,15,"8,10,42,45,53,57,59,61,64,86,93,94,97,101,112"
597,15:37,8,8,동탄/용인,2,"102,114"
597,15:37,9,9,평택,18,"73,76,77,89,90,96,99,104,105,106,108,110,113,115,116,117,118,119"
598,15:38,1,1,서울역,1,5
598,15:38,10,10,인천공항,4,"6,62,84,91"
598,15:38,2,2,수서,7,"3,7,9,12,13,35,52"
598,15:38,3,3,삼성,3,"14,25,48"
598,15:38,4,4,여의도,10,"11,16,19,23,32,41,49,50,65,74"
598,15:38,5,5,김포공항,5,"27,28,67,95,107"
598,15:38,6,6,일산,2,"63,87"
598,15:38,7,7,판교,15,"8,10,42,45,53,57,59,61,64,86,93,94,97,101,112"
598,15:38,8,8,동탄/용인,1,102
598,15:38,9,9,평택,17,"73,77,89,90,96,99,104,105,106,108,110,113,115,116,117,118,119"
599,15:39,1,1,서울역,2,"5,72"
599,15:39,10,10,인천공항,2,"62,84"
599,15:39,2,2,수서,7,"3,7,9,12,13,35,52"
599,15:39,3,3,삼성,5,"1,14,25,31,48"
599,15:39,4,4,여의도,12,"11,16,19,23,32,37,41,49,50,58,65,74"
599,15:39,5,5,김포공항,5,"27,28,67,95,107"
599,15:39,6,6,일산,3,"24,63,87"
599,15:39,7,7,판교,15,"10,40,42,45,53,57,59,61,64,86,93,94,97,101,112"
599,15:39,8,8,동탄/용인,1,102
599,15:39,9,9,평택,17,"73,77,89,90,96,99,104,105,106,108,110,113,115,116,117,118,119"
600,15:40,1,1,서울역,2,"5,72"
600,15:40,10,10,인천공항,2,"62,84"
600,15:40,2,2,수서,7,"3,7,9,12,13,35,52"
600,15:40,3,3,삼성,6,"1,14,25,31,36,48"
600,15:40,4,4,여의도,11,"11,16,19,23,32,37,41,44,49,50,58"
600,15:40,5,5,김포공항,5,"27,28,69,95,107"
600,15:40,6,6,일산,4,"24,63,78,87"
600,15:40,7,7,판교,11,"10,40,42,45,53,57,59,61,64,94,97"
600,15:40,9,9,평택,15,"73,77,89,90,96,99,105,106,108,110,113,115,116,118,119"
601,15:41,1,1,서울역,4,"0,5,21,72"
601,15:41,10,10,인천공항,1,84
601,15:41,2,2,수서,7,"3,7,9,12,13,35,52"
601,15:41,3,3,삼성,7,"1,14,25,31,36,48,68"
601,15:41,4,4,여의도,11,"11,16,19,23,32,37,41,44,49,50,58"
601,15:41,5,5,김포공항,5,"27,28,69,95,107"
601,15:41,6,6,일산,4,"24,63,78,87"
601,15:41,7,7,판교,12,"10,40,42,43,45,53,57,59,61,64,94,97"
601,15:41,9,9,평택,14,"73,89,90,96,99,105,106,108,110,113,115,116,118,119"
602,15:42,1,1,서울역,3,"0,5,21"
602,15:42,10,10,인천공항,1,84
602,15:42,2,2,수서,7,"7,9,12,13,33,35,52"
602,15:42,3,3,삼성,7,"1,14,25,31,36,48,68"
602,15:42,4,4,여의도,11,"16,19,23,32,37,41,44,49,50,58,100"
602,15:42,5,5,김포공항,6,"27,28,69,95,107,109"
602,15:42,6,6,일산,4,"24,63,78,87"
602,15:42,7,7,판교,15,"4,10,29,40,42,43,45,46,53,57,59,61,64,94,97"
602,15:42,9,9,평택,14,"73,89,90,96,99,105,106,108,110,113,115,116,118,119"
603,15:43,1,1,서울역,4,"0,5,15,21"
603,15:43,10,10,인천공항,1,84
603,15:43,2,2,수서,9,"7,9,12,13,33,35,52,75,98"
603,15:43,3,3,삼성,7,"1,2,14,31,36,48,68"
603,15:43,4,4,여의도,10,"16,19,23,37,41,44,49,50,58,100"
603,15:43,5,5,김포공항,6,"27,28,69,95,107,109"
603,15:43,6,6,일산,4,"24,63,78,87"
603,15:43,7,7,판교,15,"4,10,29,40,42,43,45,46,53,57,59,61,64,83,97"
603,15:43,9,9,평택,11,"73,89,90,96,105,106,110,113,115,118,119"
604,15:44,1,1,서울역,4,"0,5,15,21"
604,15:44,10,10,인천공항,1,84
604,15:44,2,2,수서,9,"7,9,12,13,33,35,52,75,98"
604,15:44,3,3,삼성,7,"1,2,14,31,36,48,68"
604,15:44,4,4,여의도,9,"16,19,37,44,49,50,58,100,111"
604,15:44,5,5,김포공항,7,"27,28,66,69,95,107,109"
604,15:44,6,6,일산,5,"24,63,70,78,87"
604,15:44,7,7,판교,17,"4,10,29,39,40,42,43,45,46,51,53,57,59,61,64,83,97"
604,15:44,9,9,평택,9,"73,90,96,105,106,113,115,118,119"
605,15:45,1,1,서울역,5,"0,5,15,21,30"
605,15:45,10,10,인천공항,1,84
605,15:45,2,2,수서,9,"7,9,12,13,33,35,52,75,98"
605,15:45,3,3,삼성,7,"1,2,31,36,48,68,103"
605,15:45,4,4,여의도,9,"16,19,38,44,49,50,58,100,111"
605,15:45,5,5,김포공항,7,"27,28,66,69,95,107,109"
605,15:45,6,6,일산,5,"24,63,70,78,87"
605,15:45,7,7,판교,18,"4,10,29,39,40,42,43,45,46,51,53,57,59,61,64,83,92,97"
605,15:45,9,9,평택,8,"73,80,96,106,113,115,118,119"
606,15:46,1,1,서울역,5,"0,5,15,21,30"
606,15:46,10,10,인천공항,1,84
606,15:46,2,2,수서,10,"9,12,13,33,35,52,75,86,93,98"
606,15:46,3,3,삼성,7,"1,2,31,36,48,68,103"
606,15:46,4,4,여의도,10,"8,16,19,38,44,49,50,58,100,111"
606,15:46,5,5,김포공항,7,"27,28,34,66,95,107,109"
606,15:46,6,6,일산,4,"24,63,70,87"
606,15:46,7,7,판교,17,"4,10,29,39,42,43,45,46,51,53,57,59,61,64,83,92,97"
606,15:46,9,9,평택,8,"73,80,96,106,113,115,118,119"
607,15:47,1,1,서울역,4,"5,15,21,30"
607,15:47,10,10,인천공항,2,"71,84"
607,15:47,2,2,수서,9,"9,12,33,35,52,75,86,93,98"
607,15:47,3,3,삼성,8,"1,2,22,31,48,68,74,103"
607,15:47,4,4,여의도,12,"8,16,19,38,44,49,50,58,100,101,111,112"
607,15:47,5,5,김포공항,8,"27,28,34,60,66,95,107,109"
607,15:47,6,6,일산,5,"24,63,67,70,87"
607,15:47,7,7,판교,16,"4,10,29,39,42,43,45,46,51,53,57,59,61,64,83,92"
607,15:47,9,9,평택,7,"80,96,106,113,115,118,119"
608,15:48,1,1,서울역,4,"5,15,21,30"
608,15:48,10,10,인천공항,2,"71,84"
608,15:48,2,2,수서,9,"9,12,33,35,52,75,86,93,98"
608,15:48,3,3,삼성,9,"1,2,22,31,48,68,74,79,103"
608,15:48,4,4,여의도,13,"8,16,19,38,44,47,49,50,58,100,101,111,112"
608,15:48,5,5,김포공항,8,"27,28,34,60,66,95,107,109"
608,15:48,6,6,일산,5,"24,63,67,70,87"
608,15:48,7,7,판교,15,"4,10,29,39,42,43,45,46,51,53,57,59,61,64,83"
608,15:48,9,9,평택,6,"80,96,113,115,118,119"
609,15:49,1,1,서울역,4,"5,15,21,30"
609,15:49,10,10,인천공항,2,"71,84"
609,15:49,2,2,수서,7,"12,33,35,52,75,94,98"
609,15:49,3,3,삼성,9,"1,2,22,31,48,68,74,79,103"
609,15:49,4,4,여의도,13,"8,16,19,38,44,47,49,50,58,100,101,111,112"
609,15:49,5,5,김포공항,8,"27,28,34,60,66,95,107,109"
609,15:49,6,6,일산,5,"24,63,67,70,87"
609,15:49,7,7,판교,17,"4,10,11,29,39,42,43,45,46,51,53,55,57,59,61,64,83"
609,15:49,9,9,평택,6,"56,80,113,115,118,119"
610,15:50,1,1,서울역,3,"15,21,30"
610,15:50,10,10,인천공항,2,"71,84"
610,15:50,2,2,수서,6,"12,33,35,52,75,94"
610,15:50,3,3,삼성,9,"1,2,22,31,32,68,74,79,103"
610,15:50,4,4,여의도,11,"8,16,19,20,38,47,49,50,58,100,111"
610,15:50,5,5,김포공항,8,"3,27,28,34,60,66,107,109"
610,15:50,6,6,일산,3,"24,63,87"
610,15:50,7,7,판교,16,"4,10,11,26,29,42,43,45,46,51,53,55,57,61,64,83"
610,15:50,8,8,동탄/용인,1,110
610,15:50,9,9,평택,6,"56,80,113,115,118,119"
611,15:51,1,1,서울역,3,"15,21,30"
611,15:51,10,10,인천공항,2,"71,84"
611,15:51,2,2,수서,7,"12,33,35,37,52,75,94"
611,15:51,3,3,삼성,9,"1,2,22,31,32,68,74,79,103"
611,15:51,4,4,여의도,12,"8,16,19,20,47,49,50,54,58,100,102,111"
611,15:51,5,5,김포공항,9,"3,25,27,28,34,60,66,107,109"
611,15:51,6,6,일산,3,"24,63,87"
611,15:51,7,7,판교,14,"4,10,11,26,41,43,45,46,51,53,55,57,64,83"
611,15:51,8,8,동탄/용인,1,110
611,15:51,9,9,평택,6,"18,56,113,115,118,119"
612,15:52,1,1,서울역,3,"15,21,30"
612,15:52,10,10,인천공항,2,"71,84"
612,15:52,2,2,수서,7,"12,33,35,37,52,75,76"
612,15:52,3,3,삼성,10,"1,2,22,31,32,68,74,79,88,103"
612,15:52,4,4,여의도,12,"8,14,19,20,47,49,50,54,58,100,102,111"
612,15:52,5,5,김포공항,10,"3,25,27,28,34,60,66,107,109,114"
612,15:52,6,6,일산,3,"24,63,87"
612,15:52,7,7,판교,14,"4,10,11,26,41,43,45,46,51,53,55,57,64,83"
612,15:52,8,8,동탄/용인,1,110
612,15:52,9,9,평택,6,"18,56,113,115,118,119"
613,15:53,1,1,서울역,3,"15,21,30"
613,15:53,10,10,인천공항,1,84
613,15:53,2,2,수서,7,"12,33,35,37,52,75,76"
613,15:53,3,3,삼성,10,"0,2,31,32,68,74,79,85,88,103"
613,15:53,4,4,여의도,13,"8,13,14,20,40,47,49,50,54,58,62,100,102"
613,15:53,5,5,김포공항,10,"3,25,27,28,34,60,66,107,109,114"
613,15:53,6,6,일산,4,"24,63,69,87"
613,15:53,7,7,판교,13,"4,10,11,26,41,45,46,51,53,55,57,64,83"
613,15:53,9,9,평택,8,"18,56,81,82,113,115,118,119"
614,15:54,1,1,서울역,4,"15,21,30,97"
614,15:54,10,10,인천공항,1,84
614,15:54,2,2,수서,7,"12,33,35,37,52,75,76"
614,15:54,3,3,삼성,12,"0,2,6,31,32,68,74,79,85,88,91,103"
614,15:54,4,4,여의도,13,"8,13,14,20,40,47,49,50,54,58,62,100,102"
614,15:54,5,5,김포공항,11,"3,7,25,27,28,34,60,66,107,109,114"
614,15:54,6,6,일산,4,"24,63,69,87"
614,15:54,7,7,판교,13,"4,10,11,26,41,45,46,51,53,55,57,64,83"
614,15:54,9,9,평택,8,"18,56,81,82,113,115,118,119"
615,15:55,1,1,서울역,5,"15,21,30,92,97"
615,15:55,10,10,인천공항,2,"72,84"
615,15:55,2,2,수서,8,"12,33,35,37,52,75,76,77"
615,15:55,3,3,삼성,11,"0,2,6,32,68,74,79,85,88,91,103"
615,15:55,4,4,여의도,13,"8,13,20,40,47,49,50,54,58,62,100,102,104"
615,15:55,5,5,김포공항,11,"3,7,25,27,28,34,36,66,107,109,114"
615,15:55,6,6,일산,4,"24,63,69,87"
615,15:55,7,7,판교,12,"10,11,26,41,45,46,51,53,55,57,64,83"
615,15:55,8,8,동탄/용인,1,23
615,15:55,9,9,평택,9,"17,18,65,81,82,113,115,118,119"
616,15:56,1,1,서울역,5,"15,21,30,92,97"
616,15:56,10,10,인천공항,2,"72,84"
616,15:56,2,2,수서,8,"12,33,35,37,52,75,76,77"
616,15:56,3,3,삼성,12,"0,2,6,32,68,74,78,79,85,88,91,103"
616,15:56,4,4,여의도,13,"8,13,20,40,47,49,50,54,58,62,100,102,104"
616,15:56,5,5,김포공항,11,"3,7,25,27,28,34,36,66,107,109,114"
616,15:56,6,6,일산,3,"24,63,87"
616,15:56,7,7,판교,12,"10,11,26,41,45,46,51,53,55,57,64,83"
616,15:56,8,8,동탄/용인,1,23
616,15:56,9,9,평택,9,"17,18,65,81,82,113,115,118,119"
617,15:57,1,1,서울역,5,"15,21,30,70,92"
617,15:57,10,10,인천공항,2,"72,84"
617,15:57,2,2,수서,9,"5,12,35,37,38,52,75,76,77"
617,15:57,3,3,삼성,11,"0,2,6,32,68,74,78,85,88,91,103"
617,15:57,4,4,여의도,14,"8,13,20,39,40,47,49,50,54,58,62,100,102,104"
617,15:57,5,5,김포공항,13,"3,7,9,25,27,28,34,36,66,86,107,109,114"
617,15:57,6,6,일산,4,"24,63,87,95"
617,15:57,7,7,판교,13,"10,11,26,41,44,45,46,51,53,55,57,64,83"
617,15:57,8,8,동탄/용인,1,23
617,15:57,9,9,평택,9,"17,18,65,81,82,113,115,118,119"
618,15:58,1,1,서울역,5,"15,21,29,30,70"
618,15:58,10,10,인천공항,2,"72,84"
618,15:58,2,2,수서,10,"5,12,35,37,38,52,75,76,77,89"
618,15:58,3,3,삼성,12,"0,2,6,32,68,74,78,85,88,91,103,116"
618,15:58,4,4,여의도,16,"8,13,20,39,40,42,47,49,50,54,58,62,99,100,102,104"
618,15:58,5,5,김포공항,15,"3,7,9,25,27,28,34,36,48,66,86,98,107,109,114"
618,15:58,6,6,일산,4,"24,63,87,95"
618,15:58,7,7,판교,13,"10,11,26,41,44,45,46,51,53,55,57,64,83"
618,15:58,8,8,동탄/용인,1,23
618,15:58,9,9,평택,9,"17,18,65,81,82,113,115,118,119"
619,15:59,1,1,서울역,7,"14,15,21,29,30,70,108"
619,15:59,10,10,인천공항,3,"72,84,117"
619,15:59,2,2,수서,10,"5,12,35,38,52,75,76,77,89,90"
619,15:59,3,3,삼성,8,"2,6,32,74,78,91,103,116"
619,15:59,4,4,여의도,14,"8,20,39,40,42,47,49,50,54,58,99,100,102,104"
619,15:59,5,5,김포공항,14,"3,7,9,25,28,34,36,48,66,86,98,107,109,114"
619,15:59,6,6,일산,4,"24,63,87,95"
619,15:59,7,7,판교,13,"10,11,16,26,41,44,45,51,53,55,57,73,83"
619,15:59,8,8,동탄/용인,1,23
619,15:59,9,9,평택,9,"17,18,65,81,82,113,115,118,119"
620,16:00,1,1,서울역,7,"14,15,21,29,30,70,108"
620,16:00,10,10,인천공항,3,"72,84,117"
620,16:00,2,2,수서,9,"12,35,38,52,75,76,77,89,90"
620,16:00,3,3,삼성,6,"32,74,78,91,103,116"
620,16:00,4,4,여의도,17,"8,20,22,39,40,42,43,47,49,50,54,58,99,100,102,104,105"
620,16:00,5,5,김포공항,11,"3,7,9,25,34,36,48,59,86,98,109"
620,16:00,6,6,일산,4,"24,63,87,93"
620,16:00,7,7,판교,14,"10,11,16,19,26,41,44,45,51,53,55,57,73,83"
620,16:00,8,8,동탄/용인,1,23
620,16:00,9,9,평택,9,"17,18,65,81,82,113,115,118,119"
621,16:01,1,1,서울역,8,"14,15,21,29,30,31,70,108"
621,16:01,10,10,인천공항,3,"72,84,117"
621,16:01,2,2,수서,9,"12,35,38,52,75,76,77,89,90"
621,16:01,3,3,삼성,5,"32,74,78,91,103"
621,16:01,4,4,여의도,16,"8,20,22,39,40,42,43,47,49,50,54,58,99,100,104,105"
621,16:01,5,5,김포공항,12,"1,3,7,9,25,34,36,48,59,86,98,109"
621,16:01,6,6,일산,3,"63,87,93"
621,16:01,7,7,판교,14,"10,11,16,19,26,41,44,45,51,53,55,57,73,83"
621,16:01,8,8,동탄/용인,1,23
621,16:01,9,9,평택,9,"17,18,65,81,82,113,115,118,119"
622,16:02,1,1,서울역,7,"15,21,29,30,31,70,108"
622,16:02,10,10,인천공항,2,"72,84"
622,16:02,2,2,수서,9,"12,35,38,52,75,76,77,89,90"
622,16:02,3,3,삼성,5,"32,74,78,91,103"
622,16:02,4,4,여의도,15,"4,8,20,22,39,40,42,43,47,49,50,54,58,99,105"
622,16:02,5,5,김포공항,12,"1,3,7,9,25,34,36,48,59,86,98,109"
622,16:02,6,6,일산,3,"63,87,93"
622,16:02,7,7,판교,15,"10,11,16,19,26,41,44,45,51,53,55,57,67,73,83"
622,16:02,8,8,동탄/용인,1,23
622,16:02,9,9,평택,9,"17,18,65,81,82,113,115,118,119"
623,16:03,1,1,서울역,7,"15,21,29,30,31,70,108"
623,16:03,10,10,인천공항,2,"72,84"
623,16:03,2,2,수서,8,"12,35,38,52,75,89,90,96"
623,16:03,3,3,삼성,3,"32,78,103"
623,16:03,4,4,여의도,15,"4,20,22,33,39,40,42,43,47,49,50,54,58,99,106"
623,16:03,5,5,김포공항,12,"1,3,7,9,25,34,36,48,59,86,98,109"
623,16:03,6,6,일산,4,"61,87,93,94"
623,16:03,7,7,판교,15,"10,11,16,19,26,41,44,45,51,53,55,57,67,73,83"
623,16:03,8,8,동탄/용인,1,23
623,16:03,9,9,평택,8,"17,18,81,82,113,115,118,119"
624,16:04,1,1,서울역,7,"15,21,29,30,31,70,108"
624,16:04,10,10,인천공항,2,"72,84"
624,16:04,2,2,수서,7,"35,38,52,75,89,90,96"
624,16:04,3,3,삼성,3,"32,78,103"
624,16:04,4,4,여의도,14,"4,20,22,33,39,42,43,47,49,50,54,58,106,110"
624,16:04,5,5,김포공항,11,"1,3,7,9,25,34,36,48,59,86,109"
624,16:04,6,6,일산,4,"61,87,93,94"
624,16:04,7,7,판교,13,"10,16,19,41,44,45,51,53,55,57,67,73,83"
624,16:04,8,8,동탄/용인,1,23
624,16:04,9,9,평택,8,"17,18,81,82,113,115,118,119"
625,16:05,1,1,서울역,6,"21,29,30,31,70,108"
625,16:05,10,10,인천공항,3,"72,84,111"
625,16:05,2,2,수서,7,"35,38,52,75,80,90,96"
625,16:05,3,3,삼성,2,"32,103"
625,16:05,4,4,여의도,14,"4,20,22,33,39,43,47,49,50,54,58,71,106,110"
625,16:05,5,5,김포공항,10,"1,3,7,9,34,36,48,59,79,86"
625,16:05,6,6,일산,4,"61,87,93,94"
625,16:05,7,7,판교,13,"10,16,19,41,45,51,53,55,57,60,67,73,83"
625,16:05,8,8,동탄/용인,1,23
625,16:05,9,9,평택,10,"17,18,81,82,101,112,113,115,118,119"
626,16:06,1,1,서울역,7,"6,21,29,30,31,70,108"
626,16:06,10,10,인천공항,3,"72,84,111"
626,16:06,2,2,수서,6,"38,52,75,80,90,96"
626,16:06,3,3,삼성,3,"32,62,103"
626,16:06,4,4,여의도,16,"4,20,22,33,39,43,46,47,49,50,54,58,68,71,106,110"
626,16:06,5,5,김포공항,9,"1,7,9,34,36,48,59,79,86"
626,16:06,6,6,일산,4,"61,87,93,94"
626,16:06,7,7,판교,12,"16,19,41,45,51,53,55,57,60,67,73,83"
626,16:06,8,8,동탄/용인,1,23
626,16:06,9,9,평택,10,"17,18,81,82,101,112,113,115,118,119"
627,16:07,1,1,서울역,8,"5,6,21,30,31,70,105,108"
627,16:07,10,10,인천공항,3,"72,84,111"
627,16:07,2,2,수서,6,"27,38,52,80,90,96"
627,16:07,3,3,삼성,3,"32,62,103"
627,16:07,4,4,여의도,15,"4,20,22,33,39,46,47,49,50,54,58,68,71,106,110"
627,16:07,5,5,김포공항,10,"1,7,9,36,37,59,79,85,86,88"
627,16:07,6,6,일산,3,"61,94,107"
627,16:07,7,7,판교,10,"16,19,41,51,53,55,57,60,73,83"
627,16:07,8,8,동탄/용인,1,23
627,16:07,9,9,평택,8,"81,82,101,112,113,115,118,119"
628,16:08,1,1,서울역,9,"5,6,21,28,31,70,105,108,114"
628,16:08,10,10,인천공항,2,"84,111"
628,16:08,2,2,수서,5,"27,38,52,90,96"
628,16:08,3,3,삼성,3,"32,62,66"
628,16:08,4,4,여의도,14,"20,22,33,39,46,47,49,50,54,58,68,71,106,110"
628,16:08,5,5,김포공항,9,"1,2,9,36,37,59,85,86,88"
628,16:08,6,6,일산,3,"61,94,107"
628,16:08,7,7,판교,12,"16,19,41,51,53,55,57,60,69,73,83,102"
628,16:08,8,8,동탄/용인,1,23
628,16:08,9,9,평택,8,"81,82,101,112,113,115,118,119"
629,16:09,1,1,서울역,9,"5,6,28,31,70,74,105,108,114"
629,16:09,10,10,인천공항,2,"84,111"
629,16:09,2,2,수서,7,"8,14,27,38,52,56,96"
629,16:09,3,3,삼성,4,"32,62,66,100"
629,16:09,4,4,여의도,13,"20,22,33,39,46,49,50,54,58,68,71,106,110"
629,16:09,5,5,김포공항,8,"2,9,36,37,59,85,86,88"
629,16:09,6,6,일산,2,"0,107"
629,16:09,7,7,판교,13,"16,19,41,51,53,55,57,60,69,73,83,102,104"
629,16:09,8,8,동탄/용인,1,23
629,16:09,9,9,평택,8,"81,82,101,112,113,115,118,119"
630,16:10,1,1,서울역,7,"6,28,31,70,74,108,114"
630,16:10,10,10,인천공항,2,"97,111"
630,16:10,2,2,수서,7,"8,14,27,40,52,56,96"
630,16:10,3,3,삼성,4,"32,62,66,100"
630,16:10,4,4,여의도,13,"20,22,33,39,46,49,50,54,58,68,71,106,110"
630,16:10,5,5,김포공항,4,"2,9,59,88"
630,16:10,6,6,일산,1,0
630,16:10,7,7,판교,11,"16,19,53,55,57,60,69,73,83,102,104"
630,16:10,8,8,동탄/용인,1,23
630,16:10,9,9,평택,6,"101,112,113,115,118,119"
631,16:11,1,1,서울역,6,"6,11,26,70,74,108"
631,16:11,10,10,인천공항,2,"92,97"
631,16:11,2,2,수서,8,"8,14,27,40,42,52,56,96"
631,16:11,3,3,삼성,5,"15,32,62,99,100"
631,16:11,4,4,여의도,13,"22,25,33,39,46,49,50,54,58,68,71,106,110"
631,16:11,5,5,김포공항,7,"2,9,59,76,77,88,91"
631,16:11,6,6,일산,2,"0,64"
631,16:11,7,7,판교,11,"16,19,53,55,57,60,69,73,83,102,104"
631,16:11,8,8,동탄/용인,1,23
631,16:11,9,9,평택,6,"101,112,113,115,118,119"
632,16:12,1,1,서울역,3,"11,26,108"
632,16:12,10,10,인천공항,2,"92,97"
632,16:12,2,2,수서,7,"8,14,27,40,42,56,96"
632,16:12,3,3,삼성,6,"15,32,62,98,99,100"
632,16:12,4,4,여의도,15,"22,25,33,35,39,44,49,50,54,58,68,71,78,106,110"
632,16:12,5,5,김포공항,8,"2,9,12,59,76,77,88,91"
632,16:12,6,6,일산,3,"0,64,109"
632,16:12,7,7,판교,11,"19,53,55,57,60,69,73,83,95,102,104"
632,16:12,8,8,동탄/용인,1,23
632,16:12,9,9,평택,6,"101,112,113,115,118,119"
633,16:13,1,1,서울역,2,"11,26"
633,16:13,10,10,인천공항,2,"92,97"
633,16:13,2,2,수서,7,"8,14,27,40,42,43,56"
633,16:13,3,3,삼성,7,"15,32,62,63,98,99,100"
633,16:13,4,4,여의도,16,"10,22,25,33,35,39,44,49,50,54,58,68,71,78,106,110"
633,16:13,5,5,김포공항,9,"2,9,12,59,76,77,88,89,91"
633,16:13,6,6,일산,3,"0,64,109"
633,16:13,7,7,판교,11,"19,24,55,57,60,69,73,83,95,102,104"
633,16:13,8,8,동탄/용인,1,23
633,16:13,9,9,평택,6,"101,112,113,115,118,119"
634,16:14,1,1,서울역,3,"11,67,75"
634,16:14,10,10,인천공항,2,"92,97"
634,16:14,2,2,수서,9,"3,4,8,14,27,40,42,43,56"
634,16:14,3,3,삼성,6,"15,32,62,63,98,100"
634,16:14,4,4,여의도,14,"10,22,33,35,44,45,50,54,58,68,71,78,79,110"
634,16:14,5,5,김포공항,9,"2,9,12,59,76,77,88,89,91"
634,16:14,6,6,일산,4,"0,29,64,109"
634,16:14,7,7,판교,10,"19,24,55,57,60,73,83,95,102,104"
634,16:14,8,8,동탄/용인,1,23
634,16:14,9,9,평택,7,"13,101,112,113,115,118,119"
635,16:15,1,1,서울역,5,"11,34,67,75,80"
635,16:15,10,10,인천공항,2,"92,97"
635,16:15,2,2,수서,9,"3,4,8,14,27,40,42,43,47"
635,16:15,3,3,삼성,5,"15,21,32,62,63"
635,16:15,4,4,여의도,13,"10,22,33,35,44,45,54,58,68,71,78,79,110"
635,16:15,5,5,김포공항,9,"2,9,12,59,76,77,88,89,91"
635,16:15,6,6,일산,4,"0,29,30,64"
635,16:15,7,7,판교,10,"19,24,55,57,60,73,83,95,102,104"
635,16:15,8,8,동탄/용인,1,23
635,16:15,9,9,평택,7,"13,101,112,113,115,118,119"
636,16:16,1,1,서울역,5,"11,34,67,75,80"
636,16:16,10,10,인천공항,3,"92,97,116"
636,16:16,2,2,수서,9,"3,4,7,14,27,40,42,43,47"
636,16:16,3,3,삼성,5,"15,21,32,62,63"
636,16:16,4,4,여의도,16,"10,22,33,35,38,44,45,54,58,68,71,78,79,85,86,110"
636,16:16,5,5,김포공항,9,"2,12,59,76,77,88,89,91,103"
636,16:16,6,6,일산,4,"0,29,30,64"
636,16:16,7,7,판교,9,"19,24,57,60,73,83,95,102,104"
636,16:16,8,8,동탄/용인,1,23
636,16:16,9,9,평택,7,"13,101,112,113,115,118,119"
637,16:17,1,1,서울역,4,"34,41,75,80"
637,16:17,10,10,인천공항,1,116
637,16:17,2,2,수서,10,"3,4,5,7,14,20,27,42,43,47"
637,16:17,3,3,삼성,6,"15,21,32,62,63,117"
637,16:17,4,4,여의도,15,"10,22,35,38,44,45,51,58,68,71,78,79,85,86,110"
637,16:17,5,5,김포공항,10,"2,12,59,76,77,88,89,90,91,103"
637,16:17,6,6,일산,4,"0,29,30,64"
637,16:17,7,7,판교,8,"19,24,57,60,83,95,102,104"
637,16:17,8,8,동탄/용인,1,23
637,16:17,9,9,평택,7,"13,101,112,113,115,118,119"
638,16:18,1,1,서울역,3,"36,41,75"
638,16:18,10,10,인천공항,2,"87,116"
638,16:18,2,2,수서,12,"3,4,5,7,14,20,27,42,43,46,47,93"
638,16:18,3,3,삼성,8,"6,15,21,37,62,63,74,117"
638,16:18,4,4,여의도,15,"10,22,38,44,45,51,52,58,65,68,71,78,79,85,86"
638,16:18,5,5,김포공항,10,"12,59,76,77,88,89,90,91,103,105"
638,16:18,6,6,일산,5,"0,29,30,31,64"
638,16:18,7,7,판교,8,"19,24,57,60,83,95,102,104"
638,16:18,8,8,동탄/용인,1,23
638,16:18,9,9,평택,6,"13,101,112,113,118,119"
639,16:19,1,1,서울역,3,"36,41,75"
639,16:19,10,10,인천공항,2,"87,116"
639,16:19,2,2,수서,12,"3,4,5,7,14,20,27,42,43,46,47,93"
639,16:19,3,3,삼성,7,"6,15,21,37,62,74,117"
639,16:19,4,4,여의도,14,"10,16,22,38,44,45,51,52,65,68,71,78,79,85"
639,16:19,5,5,김포공항,11,"12,28,59,76,77,88,89,90,91,103,105"
639,16:19,6,6,일산,5,"29,30,31,64,70"
639,16:19,7,7,판교,8,"18,24,57,60,83,95,102,104"
639,16:19,8,8,동탄/용인,1,23
639,16:19,9,9,평택,6,"13,101,112,113,118,119"
640,16:20,1,1,서울역,2,"36,41"
640,16:20,10,10,인천공항,2,"87,116"
640,16:20,2,2,수서,11,"3,5,7,14,20,42,43,46,47,49,93"
640,16:20,3,3,삼성,7,"6,15,21,37,62,74,117"
640,16:20,4,4,여의도,14,"10,16,22,38,44,45,51,52,53,65,71,72,79,85"
640,16:20,5,5,김포공항,9,"12,28,59,77,88,89,90,91,105"
640,16:20,6,6,일산,5,"29,30,31,70,108"
640,16:20,7,7,판교,7,"18,24,60,83,95,102,104"
640,16:20,8,8,동탄/용인,1,23
640,16:20,9,9,평택,6,"13,101,112,113,118,119"
641,16:21,1,1,서울역,1,41
641,16:21,10,10,인천공항,2,"87,116"
641,16:21,2,2,수서,10,"5,7,20,42,43,46,47,49,50,93"
641,16:21,3,3,삼성,6,"6,15,62,74,106,117"
641,16:21,4,4,여의도,14,"10,16,38,44,45,51,52,53,69,71,72,79,85,99"
641,16:21,5,5,김포공항,10,"12,28,59,77,88,89,90,91,96,105"
641,16:21,6,6,일산,5,"30,31,66,70,108"
641,16:21,7,7,판교,11,"18,24,25,26,60,61,83,94,95,102,104"
641,16:21,8,8,동탄/용인,1,23
641,16:21,9,9,평택,6,"13,101,112,113,118,119"
642,16:22,1,1,서울역,2,"41,56"
642,16:22,10,10,인천공항,1,87
642,16:22,2,2,수서,10,"5,7,20,42,43,46,47,49,50,93"
642,16:22,3,3,삼성,5,"6,15,74,106,117"
642,16:22,4,4,여의도,14,"10,16,17,38,45,51,52,53,69,72,79,84,85,99"
642,16:22,5,5,김포공항,8,"12,59,77,88,89,90,91,96"
642,16:22,6,6,일산,5,"30,31,66,70,108"
642,16:22,7,7,판교,11,"18,24,25,26,60,61,94,95,102,104,107"
642,16:22,8,8,동탄/용인,1,23
642,16:22,9,9,평택,6,"13,101,112,113,118,119"
643,16:23,1,1,서울역,3,"8,55,56"
643,16:23,10,10,인천공항,1,87
643,16:23,2,2,수서,11,"5,7,20,42,43,46,47,49,50,54,93"
643,16:23,3,3,삼성,6,"6,11,15,74,106,117"
643,16:23,4,4,여의도,13,"10,16,17,45,51,52,53,69,72,79,84,85,99"
643,16:23,5,5,김포공항,8,"12,59,77,89,90,91,96,100"
643,16:23,6,6,일산,5,"30,31,66,70,108"
643,16:23,7,7,판교,10,"18,25,26,60,61,94,95,102,104,107"
643,16:23,8,8,동탄/용인,1,23
643,16:23,9,9,평택,6,"13,101,112,113,118,119"
644,16:24,1,1,서울역,4,"8,40,55,56"
644,16:24,10,10,인천공항,1,114
644,16:24,2,2,수서,10,"5,7,9,43,46,47,49,50,54,93"
644,16:24,3,3,삼성,4,"11,15,74,106"
644,16:24,4,4,여의도,14,"10,16,17,45,51,52,53,69,72,73,79,84,85,99"
644,16:24,5,5,김포공항,6,"12,77,89,90,91,100"
644,16:24,6,6,일산,4,"30,31,70,108"
644,16:24,7,7,판교,11,"18,25,26,33,61,67,94,95,102,104,107"
644,16:24,8,8,동탄/용인,1,23
644,16:24,9,9,평택,6,"13,48,101,112,118,119"
645,16:25,1,1,서울역,5,"8,40,55,56,65"
645,16:25,10,10,인천공항,1,114
645,16:25,2,2,수서,11,"7,9,43,46,47,49,50,54,58,80,93"
645,16:25,3,3,삼성,6,"11,15,74,82,106,110"
645,16:25,4,4,여의도,14,"10,16,17,45,51,52,53,69,72,73,79,81,85,99"
645,16:25,5,5,김포공항,6,"12,77,89,90,91,100"
645,16:25,6,6,일산,5,"30,31,34,98,108"
645,16:25,7,7,판교,12,"18,25,26,33,35,61,67,94,95,102,104,107"
645,16:25,8,8,동탄/용인,1,23
645,16:25,9,9,평택,6,"13,48,101,112,118,119"
646,16:26,1,1,서울역,6,"0,8,40,55,56,65"
646,16:26,10,10,인천공항,1,114
646,16:26,2,2,수서,12,"7,9,43,46,47,49,50,54,58,68,80,93"
646,16:26,3,3,삼성,9,"2,11,15,74,75,82,106,110,111"
646,16:26,4,4,여의도,15,"10,16,17,19,45,51,52,53,69,72,73,79,81,85,99"
646,16:26,5,5,김포공항,5,"12,89,90,91,100"
646,16:26,6,6,일산,5,"30,31,34,98,108"
646,16:26,7,7,판교,12,"18,25,26,33,35,61,67,94,95,102,104,107"
646,16:26,8,8,동탄/용인,1,23
646,16:26,9,9,평택,6,"1,13,48,101,118,119"
647,16:27,1,1,서울역,8,"0,8,27,40,55,56,57,65"
647,16:27,10,10,인천공항,1,114
647,16:27,2,2,수서,12,"7,9,22,43,46,47,49,54,58,68,80,93"
647,16:27,3,3,삼성,10,"2,11,15,74,75,78,82,106,110,111"
647,16:27,4,4,여의도,16,"10,14,16,17,19,45,51,52,53,69,72,73,79,81,85,99"
647,16:27,5,5,김포공항,6,"12,63,89,90,91,100"
647,16:27,6,6,일산,4,"31,34,98,108"
647,16:27,7,7,판교,10,"18,26,33,35,67,95,102,104,107,109"
647,16:27,8,8,동탄/용인,1,23
647,16:27,9,9,평택,6,"1,13,48,101,118,119"
648,16:28,1,1,서울역,7,"0,8,27,40,55,57,76"
648,16:28,10,10,인천공항,1,114
648,16:28,2,2,수서,14,"7,9,22,43,46,47,49,54,58,68,71,80,93,103"
648,16:28,3,3,삼성,10,"2,11,15,74,75,78,82,106,110,111"
648,16:28,4,4,여의도,16,"10,14,16,17,19,45,51,52,53,69,72,73,79,81,85,99"
648,16:28,5,5,김포공항,5,"4,63,89,90,91"
648,16:28,6,6,일산,2,"31,36"
648,16:28,7,7,판교,10,"18,26,33,35,67,95,102,104,107,109"
648,16:28,9,9,평택,6,"1,13,48,101,118,119"
649,16:29,1,1,서울역,7,"0,27,40,55,57,76,84"
649,16:29,10,10,인천공항,1,114
649,16:29,2,2,수서,15,"7,9,22,38,43,46,47,49,54,58,68,71,80,93,103"
649,16:29,3,3,삼성,11,"2,11,15,44,74,75,78,82,106,110,111"
649,16:29,4,4,여의도,18,"10,14,16,17,19,45,51,52,53,62,72,73,79,81,83,85,88,99"
649,16:29,5,5,김포공항,7,"3,4,37,63,89,90,91"
649,16:29,6,6,일산,1,36
649,16:29,7,7,판교,10,"18,26,33,35,67,95,102,104,107,109"
649,16:29,9,9,평택,7,"1,13,39,48,101,118,119"
650,16:30,1,1,서울역,7,"0,40,55,57,76,84,105"
650,16:30,2,2,수서,15,"7,9,22,38,43,46,47,49,54,58,68,71,80,93,103"
650,16:30,3,3,삼성,11,"2,11,15,44,64,75,78,82,106,110,111"
650,16:30,4,4,여의도,17,"10,16,17,19,24,45,51,52,53,62,72,73,81,83,85,88,99"
650,16:30,5,5,김포공항,6,"3,4,37,89,90,91"
650,16:30,6,6,일산,2,"36,41"
650,16:30,7,7,판교,9,"18,26,33,35,95,102,104,107,109"
650,16:30,9,9,평택,6,"1,13,39,101,118,119"
651,16:31,1,1,서울역,8,"0,40,42,55,57,66,84,105"
651,16:31,10,10,인천공항,1,86
651,16:31,2,2,수서,13,"7,9,22,38,43,46,47,49,54,58,68,71,93"
651,16:31,3,3,삼성,11,"2,11,15,44,64,75,78,82,106,110,111"
651,16:31,4,4,여의도,17,"10,16,17,19,24,45,51,52,53,60,62,72,73,81,83,88,99"
651,16:31,5,5,김포공항,6,"3,4,37,89,90,91"
651,16:31,6,6,일산,3,"21,36,41"
651,16:31,7,7,판교,9,"18,26,33,35,95,102,104,107,109"
651,16:31,9,9,평택,5,"1,13,39,118,119"
652,16:32,1,1,서울역,8,"0,40,42,55,57,66,70,105"
652,16:32,10,10,인천공항,1,86
652,16:32,2,2,수서,14,"7,9,22,38,43,46,47,49,54,58,59,71,93,96"
652,16:32,3,3,삼성,13,"2,11,15,44,64,75,78,82,92,97,106,110,111"
652,16:32,4,4,여의도,15,"10,16,17,24,45,51,52,53,60,62,72,73,81,83,99"
652,16:32,5,5,김포공항,6,"3,4,6,20,89,90"
652,16:32,6,6,일산,3,"21,36,41"
652,16:32,7,7,판교,8,"18,26,33,95,102,104,107,109"
652,16:32,9,9,평택,5,"1,13,39,118,119"
653,16:33,1,1,서울역,5,"40,42,55,66,70"
653,16:33,10,10,인천공항,1,86
653,16:33,2,2,수서,13,"7,9,22,38,46,47,49,54,58,59,71,93,96"
653,16:33,3,3,삼성,14,"2,11,15,44,64,75,78,82,92,97,106,110,111,115"
653,16:33,4,4,여의도,15,"10,16,17,24,45,51,52,53,60,62,72,73,81,83,99"
653,16:33,5,5,김포공항,7,"3,4,5,6,20,89,90"
653,16:33,6,6,일산,3,"21,36,41"
653,16:33,7,7,판교,8,"18,26,29,95,102,104,107,109"
653,16:33,9,9,평택,5,"1,13,32,39,119"
654,16:34,1,1,서울역,6,"40,42,50,55,61,70"
654,16:34,10,10,인천공항,1,86
654,16:34,2,2,수서,12,"7,9,22,38,46,47,49,54,58,59,93,96"
654,16:34,3,3,삼성,14,"2,11,15,44,64,75,78,82,92,97,106,110,111,115"
654,16:34,4,4,여의도,16,"10,16,17,24,25,45,51,52,53,60,62,72,73,83,94,99"
654,16:34,5,5,김포공항,7,"3,4,5,6,20,89,90"
654,16:34,6,6,일산,4,"21,36,41,117"
654,16:34,7,7,판교,8,"18,26,29,95,102,104,107,109"
654,16:34,9,9,평택,5,"1,13,32,39,119"
655,16:35,1,1,서울역,8,"34,40,42,50,55,61,98,108"
655,16:35,10,10,인천공항,1,86
655,16:35,2,2,수서,11,"7,9,22,38,46,47,49,54,58,65,93"
655,16:35,3,3,삼성,13,"2,11,15,44,64,75,82,92,97,106,110,111,115"
655,16:35,4,4,여의도,16,"10,16,17,24,25,45,51,52,53,60,62,72,73,83,94,99"
655,16:35,5,5,김포공항,6,"3,4,5,6,20,90"
655,16:35,6,6,일산,5,"21,36,41,56,117"
655,16:35,7,7,판교,7,"18,26,29,95,102,104,109"
655,16:35,9,9,평택,4,"1,13,32,119"
656,16:36,1,1,서울역,9,"12,34,40,42,50,55,61,98,108"
656,16:36,10,10,인천공항,1,86
656,16:36,2,2,수서,11,"9,22,38,46,47,49,54,58,65,93,100"
656,16:36,3,3,삼성,12,"2,11,15,44,64,75,92,97,106,110,111,115"
656,16:36,4,4,여의도,15,"10,16,17,24,25,51,52,53,60,62,72,73,83,94,99"
656,16:36,5,5,김포공항,5,"3,5,6,20,90"
656,16:36,6,6,일산,6,"8,21,36,41,56,117"
656,16:36,7,7,판교,7,"18,26,29,69,95,102,104"
656,16:36,9,9,평택,4,"1,13,32,119"
657,16:37,1,1,서울역,7,"12,34,40,55,61,98,108"
657,16:37,2,2,수서,11,"9,22,27,38,47,49,54,58,65,93,100"
657,16:37,3,3,삼성,14,"2,11,15,44,64,75,76,92,97,106,110,111,115,116"
657,16:37,4,4,여의도,16,"10,16,17,24,25,52,53,60,62,67,72,73,74,83,94,99"
657,16:37,5,5,김포공항,5,"3,5,6,20,90"
657,16:37,6,6,일산,6,"8,21,36,41,56,117"
657,16:37,7,7,판교,8,"14,18,26,29,69,95,102,104"
657,16:37,9,9,평택,4,"1,13,32,119"
658,16:38,1,1,서울역,4,"12,40,55,61"
658,16:38,2,2,수서,13,"9,19,22,27,38,47,49,54,58,63,65,93,100"
658,16:38,3,3,삼성,14,"2,11,15,44,64,75,76,92,97,106,110,111,115,116"
658,16:38,4,4,여의도,16,"10,16,17,24,25,53,60,62,67,72,73,74,83,91,94,99"
658,16:38,5,5,김포공항,5,"3,5,6,20,90"
658,16:38,6,6,일산,6,"8,21,36,41,56,117"
658,16:38,7,7,판교,7,"14,18,26,29,69,102,104"
658,16:38,9,9,평택,4,"1,13,32,119"
659,16:39,1,1,서울역,3,"40,55,61"
659,16:39,2,2,수서,10,"9,19,22,27,38,49,54,58,63,65"
659,16:39,3,3,삼성,17,"0,2,11,15,44,64,75,76,87,92,97,106,110,111,113,115,116"
659,16:39,4,4,여의도,18,"10,16,17,24,25,35,43,53,60,62,67,72,73,74,83,91,94,99"
659,16:39,5,5,김포공항,6,"3,5,6,20,80,90"
659,16:39,6,6,일산,7,"8,21,36,41,56,84,117"
659,16:39,7,7,판교,6,"14,18,26,30,102,104"
659,16:39,9,9,평택,3,"1,13,28"
660,16:40,1,1,서울역,3,"33,40,55"
660,16:40,2,2,수서,10,"9,19,22,27,38,49,54,58,63,65"
660,16:40,3,3,삼성,17,"0,2,11,15,44,64,75,76,87,92,97,106,110,111,113,115,116"
660,16:40,4,4,여의도,15,"16,17,24,25,35,43,53,60,62,67,72,73,91,94,99"
660,16:40,5,5,김포공항,7,"3,5,6,20,68,80,90"
660,16:40,6,6,일산,8,"8,21,36,41,56,57,84,117"
660,16:40,7,7,판교,5,"18,26,30,102,104"
660,16:40,9,9,평택,3,"1,13,28"
661,16:41,1,1,서울역,3,"33,40,55"
661,16:41,2,2,수서,9,"9,19,22,27,38,49,54,58,65"
661,16:41,3,3,삼성,17,"0,2,11,15,44,64,75,76,87,92,97,106,110,111,113,115,116"
661,16:41,4,4,여의도,14,"16,24,25,35,43,53,60,62,67,72,73,94,99,112"
661,16:41,5,5,김포공항,7,"3,5,6,20,68,80,90"
661,16:41,6,6,일산,7,"8,36,41,56,57,84,117"
661,16:41,7,7,판교,7,"18,26,30,31,81,102,104"
661,16:41,8,8,동탄/용인,1,79
661,16:41,9,9,평택,3,"1,13,28"
662,16:42,1,1,서울역,3,"33,40,55"
662,16:42,2,2,수서,9,"9,19,22,27,38,45,54,58,65"
662,16:42,3,3,삼성,15,"0,2,11,15,44,64,76,87,97,106,110,111,113,115,116"
662,16:42,4,4,여의도,14,"24,25,35,43,53,60,62,67,72,73,94,99,107,112"
662,16:42,5,5,김포공항,8,"5,6,20,66,68,71,80,90"
662,16:42,6,6,일산,9,"8,36,41,56,57,70,84,103,117"
662,16:42,7,7,판교,7,"18,26,30,31,81,102,104"
662,16:42,8,8,동탄/용인,1,79
662,16:42,9,9,평택,3,"1,13,28"
663,16:43,1,1,서울역,3,"33,40,55"
663,16:43,10,10,인천공항,1,85
663,16:43,2,2,수서,9,"9,19,27,38,45,51,54,58,65"
663,16:43,3,3,삼성,16,"0,2,11,15,42,44,64,76,87,97,106,110,111,113,115,116"
663,16:43,4,4,여의도,15,"24,25,35,43,46,53,60,62,67,72,73,99,107,109,112"
663,16:43,5,5,김포공항,10,"5,6,20,59,66,68,71,78,80,90"
663,16:43,6,6,일산,9,"8,36,41,56,57,70,84,103,117"
663,16:43,7,7,판교,7,"18,26,30,31,81,102,104"
663,16:43,8,8,동탄/용인,2,"79,88"
663,16:43,9,9,평택,4,"1,13,28,77"
664,16:44,1,1,서울역,3,"33,55,74"
664,16:44,10,10,인천공항,1,85
664,16:44,2,2,수서,11,"9,19,27,38,45,50,51,52,54,58,65"
664,16:44,3,3,삼성,16,"0,2,11,15,42,44,64,76,87,97,106,110,111,113,115,116"
664,16:44,4,4,여의도,15,"24,25,35,43,46,53,60,62,67,72,73,99,107,109,112"
664,16:44,5,5,김포공항,12,"5,6,7,20,59,66,68,71,78,80,82,90"
664,16:44,6,6,일산,9,"8,36,41,56,57,70,84,103,117"
664,16:44,7,7,판교,6,"26,30,31,81,102,104"
664,16:44,8,8,동탄/용인,2,"79,88"
664,16:44,9,9,평택,4,"1,13,28,77"
665,16:45,1,1,서울역,4,"33,55,74,95"
665,16:45,10,10,인천공항,1,85
665,16:45,2,2,수서,10,"9,27,38,45,50,51,52,54,58,65"
665,16:45,3,3,삼성,17,"0,2,11,15,42,44,64,76,87,97,106,110,111,113,114,115,116"
665,16:45,4,4,여의도,17,"24,25,35,43,46,47,48,53,60,62,67,72,73,99,107,109,112"
665,16:45,5,5,김포공항,11,"5,6,7,20,59,68,71,78,80,82,90"
665,16:45,6,6,일산,11,"8,23,34,36,41,56,57,70,84,103,117"
665,16:45,7,7,판교,6,"26,30,31,81,102,104"
665,16:45,8,8,동탄/용인,2,"79,88"
665,16:45,9,9,평택,4,"1,13,28,77"
666,16:46,1,1,서울역,6,"29,33,55,74,93,95"
666,16:46,10,10,인천공항,2,"4,105"
666,16:46,2,2,수서,11,"9,10,27,38,45,50,51,52,54,58,65"
666,16:46,3,3,삼성,18,"0,2,11,15,42,44,61,64,76,87,97,106,110,111,113,114,115,116"
666,16:46,4,4,여의도,19,"24,25,35,43,46,47,48,53,60,62,67,69,72,73,99,101,107,109,112"
666,16:46,5,5,김포공항,13,"5,6,7,20,59,68,71,78,80,82,90,98,108"
666,16:46,6,6,일산,12,"8,23,34,36,41,56,57,70,84,96,103,117"
666,16:46,7,7,판교,6,"26,30,31,81,102,104"
666,16:46,8,8,동탄/용인,3,"37,79,88"
666,16:46,9,9,평택,4,"1,13,28,77"
667,16:47,1,1,서울역,5,"29,33,55,93,95"
667,16:47,10,10,인천공항,2,"4,105"
667,16:47,2,2,수서,11,"9,10,27,38,45,50,51,52,54,58,65"
667,16:47,3,3,삼성,18,"0,2,11,15,42,44,61,64,76,87,97,106,110,111,113,114,115,116"
667,16:47,4,4,여의도,20,"14,24,25,35,43,46,47,48,53,60,62,67,69,72,73,99,101,107,109,112"
667,16:47,5,5,김포공항,14,"5,6,7,12,20,59,68,71,78,80,82,90,98,108"
667,16:47,6,6,일산,12,"8,23,34,36,41,56,57,70,84,96,103,117"
667,16:47,7,7,판교,8,"26,30,31,39,81,83,102,104"
667,16:47,8,8,동탄/용인,3,"37,79,88"
667,16:47,9,9,평택,4,"1,13,28,77"
668,16:48,1,1,서울역,4,"29,55,93,95"
668,16:48,10,10,인천공항,2,"4,105"
668,16:48,2,2,수서,10,"9,10,38,45,50,51,52,54,58,65"
668,16:48,3,3,삼성,19,"0,2,11,15,42,44,61,64,76,87,97,106,110,111,113,114,115,116,118"
668,16:48,4,4,여의도,21,"14,24,25,35,43,46,47,48,49,53,60,62,67,69,72,73,99,101,107,109,112"
668,16:48,5,5,김포공항,14,"5,6,7,12,20,59,68,71,78,80,82,90,98,108"
668,16:48,6,6,일산,12,"8,23,34,36,41,56,57,70,84,96,103,117"
668,16:48,7,7,판교,8,"26,30,31,39,81,83,102,104"
668,16:48,8,8,동탄/용인,3,"37,79,88"
668,16:48,9,9,평택,4,"1,13,28,77"
669,16:49,1,1,서울역,4,"29,55,93,95"
669,16:49,2,2,수서,11,"9,10,38,45,50,51,52,54,58,65,94"
669,16:49,3,3,삼성,18,"0,2,11,15,44,61,64,76,87,97,106,110,111,113,114,115,116,118"
669,16:49,4,4,여의도,22,"14,24,25,35,43,46,47,48,49,53,60,62,67,69,72,73,75,99,101,107,109,112"
669,16:49,5,5,김포공항,14,"5,6,7,12,20,59,63,68,71,78,80,82,90,98"
669,16:49,6,6,일산,12,"8,23,34,36,41,56,57,70,84,96,103,117"
669,16:49,7,7,판교,9,"16,26,30,31,39,81,83,102,104"
669,16:49,8,8,동탄/용인,3,"37,79,88"
669,16:49,9,9,평택,2,"1,28"
670,16:50,1,1,서울역,4,"29,55,93,95"
670,16:50,2,2,수서,11,"9,10,38,45,50,51,52,54,58,65,94"
670,16:50,3,3,삼성,19,"0,2,3,11,15,44,61,64,76,87,97,106,110,111,113,114,115,116,118"
670,16:50,4,4,여의도,22,"14,24,25,35,43,46,47,48,49,53,60,62,67,69,72,73,75,99,101,107,109,112"
670,16:50,5,5,김포공항,15,"5,6,7,12,20,59,63,68,71,78,80,82,90,92,98"
670,16:50,6,6,일산,13,"8,23,34,36,41,56,57,70,84,96,100,103,117"
670,16:50,7,7,판교,9,"16,26,30,31,39,81,83,102,104"
670,16:50,8,8,동탄/용인,3,"37,79,88"
670,16:50,9,9,평택,2,"1,28"
671,16:51,1,1,서울역,4,"29,55,93,95"
671,16:51,2,2,수서,12,"9,10,38,40,45,50,51,52,54,58,65,94"
671,16:51,3,3,삼성,19,"0,3,11,15,21,44,61,64,76,87,97,106,110,111,113,114,115,116,118"
671,16:51,4,4,여의도,23,"14,18,19,24,35,43,46,47,48,49,53,60,62,67,69,72,73,75,99,101,107,109,112"
671,16:51,5,5,김포공항,16,"5,6,7,12,20,22,59,63,68,71,78,80,82,90,92,98"
671,16:51,6,6,일산,13,"8,23,34,36,41,56,57,70,84,96,100,103,117"
671,16:51,7,7,판교,9,"16,26,30,31,39,81,83,102,104"
671,16:51,8,8,동탄/용인,3,"37,79,88"
671,16:51,9,9,평택,2,"1,28"
672,16:52,1,1,서울역,4,"29,55,93,95"
672,16:52,2,2,수서,12,"9,10,38,40,45,50,51,52,54,58,65,94"
672,16:52,3,3,삼성,20,"0,3,11,15,21,44,61,64,76,86,87,97,106,110,111,113,114,115,116,118"
672,16:52,4,4,여의도,23,"14,18,19,24,35,43,46,47,48,49,53,60,62,67,69,72,73,75,99,101,107,109,112"
672,16:52,5,5,김포공항,16,"5,6,7,12,20,22,59,63,68,71,78,80,82,90,92,98"
672,16:52,6,6,일산,13,"8,23,34,36,41,56,57,70,84,96,100,103,117"
672,16:52,7,7,판교,9,"16,26,30,31,39,81,83,102,104"
672,16:52,8,8,동탄/용인,3,"37,79,88"
672,16:52,9,9,평택,3,"1,28,89"
673,16:53,1,1,서울역,4,"29,55,93,95"
673,16:53,10,10,인천공항,1,91
673,16:53,2,2,수서,12,"9,10,38,40,45,50,51,52,54,58,65,94"
673,16:53,3,3,삼성,19,"0,3,11,15,21,44,61,64,76,86,97,106,110,111,113,114,115,116,118"
673,16:53,4,4,여의도,22,"14,18,19,24,35,43,46,47,48,49,53,60,67,69,72,73,75,99,101,107,109,112"
673,16:53,5,5,김포공항,16,"5,6,7,12,20,22,59,63,68,71,78,80,82,90,92,98"
673,16:53,6,6,일산,13,"8,23,34,36,41,56,57,70,84,96,100,103,117"
673,16:53,7,7,판교,8,"16,30,31,39,81,83,102,104"
673,16:53,8,8,동탄/용인,3,"37,79,88"
673,16:53,9,9,평택,3,"1,28,89"
674,16:54,1,1,서울역,4,"29,55,93,95"
674,16:54,10,10,인천공항,1,91
674,16:54,2,2,수서,11,"10,38,40,45,50,51,52,54,58,65,94"
674,16:54,3,3,삼성,20,"0,3,11,15,21,32,44,61,64,76,86,97,106,110,111,113,114,115,116,118"
674,16:54,4,4,여의도,20,"14,18,19,24,43,46,47,48,49,53,69,72,73,75,99,101,107,109,112,119"
674,16:54,5,5,김포공항,16,"5,6,7,12,20,22,59,63,68,71,78,80,82,90,92,98"
674,16:54,6,6,일산,14,"8,23,34,36,41,56,57,70,74,84,96,100,103,117"
674,16:54,7,7,판교,8,"16,30,31,39,81,83,102,104"
674,16:54,8,8,동탄/용인,3,"37,79,88"
674,16:54,9,9,평택,3,"1,28,89"
675,16:55,1,1,서울역,4,"29,55,93,95"
675,16:55,10,10,인천공항,1,91
675,16:55,2,2,수서,11,"10,38,40,45,50,51,52,54,58,65,94"
675,16:55,3,3,삼성,20,"0,3,11,15,21,32,44,61,64,76,86,97,106,110,111,113,114,115,116,118"
675,16:55,4,4,여의도,19,"14,18,19,24,43,46,47,48,49,53,72,73,75,99,101,107,109,112,119"
675,16:55,5,5,김포공항,16,"5,6,7,12,20,22,59,63,68,71,78,80,82,90,92,98"
675,16:55,6,6,일산,15,"8,23,33,34,36,41,56,57,70,74,84,96,100,103,117"
675,16:55,7,7,판교,9,"16,30,31,39,66,81,83,102,104"
675,16:55,8,8,동탄/용인,3,"37,79,88"
675,16:55,9,9,평택,3,"1,28,89"
676,16:56,1,1,서울역,4,"29,55,93,95"
676,16:56,2,2,수서,11,"10,38,40,45,50,51,52,54,58,65,94"
676,16:56,3,3,삼성,20,"0,3,11,15,21,32,44,61,64,76,86,97,106,110,111,113,114,115,116,118"
676,16:56,4,4,여의도,18,"14,18,19,24,46,47,48,49,53,72,73,75,99,101,107,109,112,119"
676,16:56,5,5,김포공항,17,"5,6,7,12,20,22,27,59,63,68,71,78,80,82,90,92,98"
676,16:56,6,6,일산,15,"8,23,33,34,36,41,56,57,70,74,84,96,100,103,117"
676,16:56,7,7,판교,9,"16,30,31,39,66,81,83,102,104"
676,16:56,8,8,동탄/용인,3,"37,79,88"
676,16:56,9,9,평택,4,"1,17,28,89"
677,16:57,1,1,서울역,5,"29,55,62,93,95"
677,16:57,2,2,수서,12,"10,25,38,40,45,50,51,52,54,58,65,94"
677,16:57,3,3,삼성,20,"0,3,11,15,21,32,44,61,64,76,86,97,106,110,111,113,114,115,116,118"
677,16:57,4,4,여의도,18,"14,18,19,24,46,47,48,49,53,72,73,75,99,101,107,109,112,119"
677,16:57,5,5,김포공항,18,"5,6,7,12,20,22,27,42,59,63,68,71,78,80,82,90,92,98"
677,16:57,6,6,일산,16,"8,23,33,34,36,41,56,57,70,74,84,85,96,100,103,117"
677,16:57,7,7,판교,9,"16,30,31,39,66,81,83,102,104"
677,16:57,8,8,동탄/용인,3,"37,79,88"
677,16:57,9,9,평택,4,"1,17,28,89"
678,16:58,1,1,서울역,7,"29,55,60,62,67,93,95"
678,16:58,2,2,수서,11,"25,38,40,45,50,51,52,54,58,65,94"
678,16:58,3,3,삼성,20,"0,3,11,15,21,32,44,61,64,76,86,97,106,110,111,113,114,115,116,118"
678,16:58,4,4,여의도,17,"14,18,19,24,47,48,49,53,72,73,75,99,101,107,109,112,119"
678,16:58,5,5,김포공항,18,"5,6,7,12,20,22,27,42,59,63,68,71,78,80,82,90,92,98"
678,16:58,6,6,일산,16,"8,23,33,34,36,41,56,57,70,74,84,85,96,100,103,117"
678,16:58,7,7,판교,9,"16,30,31,39,66,81,83,102,104"
678,16:58,8,8,동탄/용인,3,"37,79,88"
678,16:58,9,9,평택,4,"1,17,28,89"
679,16:59,1,1,서울역,8,"29,55,60,62,67,69,93,95"
679,16:59,2,2,수서,11,"25,38,40,45,50,51,52,54,58,65,94"
679,16:59,3,3,삼성,20,"0,3,11,15,21,32,44,61,64,76,86,97,106,110,111,113,114,115,116,118"
679,16:59,4,4,여의도,17,"14,18,19,24,47,48,49,53,72,73,75,99,101,107,109,112,119"
679,16:59,5,5,김포공항,20,"2,4,5,6,7,12,20,22,27,42,59,63,68,71,78,80,82,90,92,98"
679,16:59,6,6,일산,16,"8,23,33,34,36,41,56,57,70,74,84,85,96,100,103,117"
679,16:59,7,7,판교,9,"16,30,31,39,66,81,83,102,104"
679,16:59,8,8,동탄/용인,3,"37,79,88"
679,16:59,9,9,평택,4,"1,17,28,89"
680,17:00,1,1,서울역,7,"29,55,60,67,69,93,95"
680,17:00,2,2,수서,12,"25,35,38,40,45,50,51,52,54,58,65,94"
680,17:00,3,3,삼성,20,"0,3,11,15,21,32,44,61,64,76,86,97,106,110,111,113,114,115,116,118"
680,17:00,4,4,여의도,18,"14,18,19,24,26,47,48,49,53,72,73,75,99,101,107,109,112,119"
680,17:00,5,5,김포공항,20,"2,4,5,6,7,12,20,22,27,42,59,63,68,71,78,80,82,90,92,98"
680,17:00,6,6,일산,17,"8,23,33,34,36,41,56,57,70,74,84,85,96,100,103,105,117"
680,17:00,7,7,판교,9,"16,30,31,39,66,81,83,102,104"
680,17:00,8,8,동탄/용인,3,"37,79,88"
680,17:00,9,9,평택,4,"1,17,28,89"
681,17:01,1,1,서울역,5,"29,55,69,93,95"
681,17:01,2,2,수서,12,"25,35,38,40,45,50,51,52,54,58,65,94"
681,17:01,3,3,삼성,20,"0,3,11,15,21,32,44,61,64,76,86,97,106,110,111,113,114,115,116,118"
681,17:01,4,4,여의도,18,"14,18,19,24,26,47,48,49,53,72,73,75,99,101,107,109,112,119"
681,17:01,5,5,김포공항,20,"2,4,5,6,7,12,20,22,27,42,59,63,68,71,78,80,82,90,92,98"
681,17:01,6,6,일산,17,"8,23,33,34,36,41,56,57,70,74,84,85,96,100,103,105,117"
681,17:01,7,7,판교,8,"16,31,39,66,81,83,102,104"
681,17:01,8,8,동탄/용인,3,"37,79,88"
681,17:01,9,9,평택,4,"1,17,28,89"
682,17:02,1,1,서울역,4,"29,55,93,95"
682,17:02,2,2,수서,13,"25,35,38,40,43,45,50,51,52,54,58,65,94"
682,17:02,3,3,삼성,20,"0,3,11,15,21,32,44,61,64,76,86,97,106,110,111,113,114,115,116,118"
682,17:02,4,4,여의도,18,"14,18,19,24,26,47,48,49,53,72,73,75,99,101,107,109,112,119"
682,17:02,5,5,김포공항,21,"2,4,5,6,7,9,12,20,22,27,42,59,63,68,71,78,80,82,90,92,98"
682,17:02,6,6,일산,17,"8,23,33,34,36,41,56,57,70,74,84,85,96,100,103,105,117"
682,17:02,7,7,판교,8,"16,31,39,66,81,83,102,104"
682,17:02,8,8,동탄/용인,3,"37,79,88"
682,17:02,9,9,평택,4,"1,17,28,89"
683,17:03,1,1,서울역,4,"29,55,93,95"
683,17:03,2,2,수서,13,"25,35,38,40,43,45,50,51,52,54,58,65,94"
683,17:03,3,3,삼성,20,"0,3,11,15,21,32,44,61,64,76,86,97,106,110,111,113,114,115,116,118"
683,17:03,4,4,여의도,18,"14,18,19,24,26,47,48,49,53,72,73,75,99,101,107,109,112,119"
683,17:03,5,5,김포공항,21,"2,4,5,6,7,9,12,20,22,27,42,59,63,68,71,78,80,82,90,92,98"
683,17:03,6,6,일산,17,"8,23,33,34,36,41,56,57,70,74,84,85,96,100,103,105,117"
683,17:03,7,7,판교,8,"16,31,39,66,81,83,102,104"
683,17:03,8,8,동탄/용인,3,"37,79,88"
683,17:03,9,9,평택,2,"28,89"
684,17:04,1,1,서울역,4,"29,55,93,95"
684,17:04,2,2,수서,14,"25,35,38,40,43,45,46,50,51,52,54,58,65,94"
684,17:04,3,3,삼성,20,"0,3,11,15,21,32,44,61,64,76,86,97,106,110,111,113,114,115,116,118"
684,17:04,4,4,여의도,20,"13,14,18,19,24,26,47,48,49,53,72,73,75,77,99,101,107,109,112,119"
684,17:04,5,5,김포공항,21,"2,4,5,6,7,9,12,20,22,27,42,59,63,68,71,78,80,82,90,92,98"
684,17:04,6,6,일산,17,"8,23,33,34,36,41,56,57,70,74,84,85,96,100,103,105,117"
684,17:04,7,7,판교,8,"16,31,39,66,81,83,102,104"
684,17:04,8,8,동탄/용인,3,"37,79,88"
684,17:04,9,9,평택,2,"28,89"
685,17:05,1,1,서울역,4,"29,55,93,95"
685,17:05,2,2,수서,14,"25,35,38,40,43,45,46,50,51,52,54,58,65,94"
685,17:05,3,3,삼성,20,"0,3,11,15,21,32,44,61,64,76,86,97,106,110,111,113,114,115,116,118"
685,17:05,4,4,여의도,20,"13,14,18,19,24,26,47,48,49,53,72,73,75,77,99,101,107,109,112,119"
685,17:05,5,5,김포공항,21,"2,4,5,6,7,9,12,20,22,27,42,59,63,68,71,78,80,82,90,92,98"
685,17:05,6,6,일산,17,"8,23,33,34,36,41,56,57,70,74,84,85,96,100,103,105,117"
685,17:05,7,7,판교,8,"16,31,39,66,81,83,102,104"
685,17:05,8,8,동탄/용인,3,"37,79,88"
685,17:05,9,9,평택,2,"28,89"
686,17:06,1,1,서울역,4,"29,55,93,95"
686,17:06,2,2,수서,14,"25,35,38,40,43,45,46,50,51,52,54,58,65,94"
686,17:06,3,3,삼성,20,"0,3,11,15,21,32,44,61,64,76,86,97,106,110,111,113,114,115,116,118"
686,17:06,4,4,여의도,20,"13,14,18,19,24,26,47,48,49,53,72,73,75,77,99,101,107,109,112,119"
686,17:06,5,5,김포공항,22,"2,4,5,6,7,9,10,12,20,22,27,42,59,63,68,71,78,80,82,90,92,98"
686,17:06,6,6,일산,17,"8,23,33,34,36,41,56,57,70,74,84,85,96,100,103,105,117"
686,17:06,7,7,판교,8,"16,31,39,66,81,83,102,104"
686,17:06,8,8,동탄/용인,3,"37,79,88"
686,17:06,9,9,평택,3,"28,89,108"
687,17:07,1,1,서울역,4,"29,55,93,95"
687,17:07,2,2,수서,14,"25,35,38,40,43,45,46,50,51,52,54,58,65,94"
687,17:07,3,3,삼성,20,"0,3,11,15,21,32,44,61,64,76,86,97,106,110,111,113,114,115,116,118"
687,17:07,4,4,여의도,20,"13,14,18,19,24,26,47,48,49,53,72,73,75,77,99,101,107,109,112,119"
687,17:07,5,5,김포공항,22,"2,4,5,6,7,9,10,12,20,22,27,42,59,63,68,71,78,80,82,90,92,98"
687,17:07,6,6,일산,17,"8,23,33,34,36,41,56,57,70,74,84,85,96,100,103,105,117"
687,17:07,7,7,판교,8,"16,31,39,66,81,83,102,104"
687,17:07,8,8,동탄/용인,3,"37,79,88"
687,17:07,9,9,평택,3,"28,89,108"
688,17:08,1,1,서울역,4,"29,55,93,95"
688,17:08,2,2,수서,14,"25,35,38,40,43,45,46,50,51,52,54,58,65,94"
688,17:08,3,3,삼성,20,"0,3,11,15,21,32,44,61,64,76,86,97,106,110,111,113,114,115,116,118"
688,17:08,4,4,여의도,21,"13,14,18,19,24,26,30,47,48,49,53,72,73,75,77,99,101,107,109,112,119"
688,17:08,5,5,김포공항,23,"2,4,5,6,7,9,10,12,20,22,27,42,59,62,63,68,71,78,80,82,90,92,98"
688,17:08,6,6,일산,18,"8,23,33,34,36,41,56,57,60,70,74,84,85,96,100,103,105,117"
688,17:08,7,7,판교,8,"16,31,39,66,81,83,102,104"
688,17:08,8,8,동탄/용인,3,"37,79,88"
688,17:08,9,9,평택,4,"28,87,89,108"
689,17:09,1,1,서울역,4,"29,55,93,95"
689,17:09,2,2,수서,14,"25,35,38,40,43,45,46,50,51,52,54,58,65,94"
689,17:09,3,3,삼성,20,"0,3,11,15,21,32,44,61,64,76,86,97,106,110,111,113,114,115,116,118"
689,17:09,4,4,여의도,21,"13,14,18,19,24,26,30,47,48,49,53,72,73,75,77,99,101,107,109,112,119"
689,17:09,5,5,김포공항,24,"2,4,5,6,7,9,10,12,20,22,27,42,59,62,63,67,68,71,78,80,82,90,92,98"
689,17:09,6,6,일산,18,"8,23,33,34,36,41,56,57,60,70,74,84,85,96,100,103,105,117"
689,17:09,7,7,판교,8,"16,31,39,66,81,83,102,104"
689,17:09,8,8,동탄/용인,3,"37,79,88"
689,17:09,9,9,평택,4,"28,87,89,108"
690,17:10,1,1,서울역,4,"29,55,93,95"
690,17:10,2,2,수서,14,"25,35,38,40,43,45,46,50,51,52,54,58,65,94"
690,17:10,3,3,삼성,20,"0,3,11,15,21,32,44,61,64,76,86,97,106,110,111,113,114,115,116,118"
690,17:10,4,4,여의도,21,"13,14,18,19,24,26,30,47,48,49,53,72,73,75,77,99,101,107,109,112,119"
690,17:10,5,5,김포공항,25,"2,4,5,6,7,9,10,12,20,22,27,42,59,62,63,67,68,69,71,78,80,82,90,92,98"
690,17:10,6,6,일산,18,"8,23,33,34,36,41,56,57,60,70,74,84,85,96,100,103,105,117"
690,17:10,7,7,판교,8,"16,31,39,66,81,83,102,104"
690,17:10,8,8,동탄/용인,3,"37,79,88"
690,17:10,9,9,평택,4,"28,87,89,108"
691,17:11,1,1,서울역,4,"29,55,93,95"
691,17:11,2,2,수서,14,"25,35,38,40,43,45,46,50,51,52,54,58,65,94"
691,17:11,3,3,삼성,20,"0,3,11,15,21,32,44,61,64,76,86,97,106,110,111,113,114,115,116,118"
691,17:11,4,4,여의도,21,"13,14,18,19,24,26,30,47,48,49,53,72,73,75,77,99,101,107,109,112,119"
691,17:11,5,5,김포공항,25,"2,4,5,6,7,9,10,12,20,22,27,42,59,62,63,67,68,69,71,78,80,82,90,92,98"
691,17:11,6,6,일산,18,"8,23,33,34,36,41,56,57,60,70,74,84,85,96,100,103,105,117"
691,17:11,7,7,판교,8,"16,31,39,66,81,83,102,104"
691,17:11,8,8,동탄/용인,3,"37,79,88"
691,17:11,9,9,평택,4,"28,87,89,108"
692,17:12,1,1,서울역,4,"29,55,93,95"
692,17:12,2,2,수서,15,"25,35,38,40,43,45,46,50,51,52,54,58,65,91,94"
692,17:12,3,3,삼성,20,"0,3,11,15,21,32,44,61,64,76,86,97,106,110,111,113,114,115,116,118"
692,17:12,4,4,여의도,21,"13,14,18,19,24,26,30,47,48,49,53,72,73,75,77,99,101,107,109,112,119"
692,17:12,5,5,김포공항,25,"2,4,5,6,7,9,10,12,20,22,27,42,59,62,63,67,68,69,71,78,80,82,90,92,98"
692,17:12,6,6,일산,18,"8,23,33,34,36,41,56,57,60,70,74,84,85,96,100,103,105,117"
692,17:12,7,7,판교,8,"16,31,39,66,81,83,102,104"
692,17:12,8,8,동탄/용인,3,"37,79,88"
692,17:12,9,9,평택,4,"28,87,89,108"
693,17:13,1,1,서울역,4,"29,55,93,95"
693,17:13,2,2,수서,15,"25,35,38,40,43,45,46,50,51,52,54,58,65,91,94"
693,17:13,3,3,삼성,20,"0,3,11,15,21,32,44,61,64,76,86,97,106,110,111,113,114,115,116,118"
693,17:13,4,4,여의도,21,"13,14,18,19,24,26,30,47,48,49,53,72,73,75,77,99,101,107,109,112,119"
693,17:13,5,5,김포공항,25,"2,4,5,6,7,9,10,12,20,22,27,42,59,62,63,67,68,69,71,78,80,82,90,92,98"
693,17:13,6,6,일산,18,"8,23,33,34,36,41,56,57,60,70,74,84,85,96,100,103,105,117"
693,17:13,7,7,판교,8,"16,31,39,66,81,83,102,104"
693,17:13,8,8,동탄/용인,3,"37,79,88"
693,17:13,9,9,평택,4,"28,87,89,108"
694,17:14,1,1,서울역,4,"29,55,93,95"
694,17:14,2,2,수서,15,"25,35,38,40,43,45,46,50,51,52,54,58,65,91,94"
694,17:14,3,3,삼성,20,"0,3,11,15,21,32,44,61,64,76,86,97,106,110,111,113,114,115,116,118"
694,17:14,4,4,여의도,21,"13,14,18,19,24,26,30,47,48,49,53,72,73,75,77,99,101,107,109,112,119"
694,17:14,5,5,김포공항,25,"2,4,5,6,7,9,10,12,20,22,27,42,59,62,63,67,68,69,71,78,80,82,90,92,98"
694,17:14,6,6,일산,18,"8,23,33,34,36,41,56,57,60,70,74,84,85,96,100,103,105,117"
694,17:14,7,7,판교,8,"16,31,39,66,81,83,102,104"
694,17:14,8,8,동탄/용인,3,"37,79,88"
694,17:14,9,9,평택,4,"28,87,89,108"
695,17:15,1,1,서울역,4,"29,55,93,95"
695,17:15,2,2,수서,15,"25,35,38,40,43,45,46,50,51,52,54,58,65,91,94"
695,17:15,3,3,삼성,20,"0,3,11,15,21,32,44,61,64,76,86,97,106,110,111,113,114,115,116,118"
695,17:15,4,4,여의도,21,"13,14,18,19,24,26,30,47,48,49,53,72,73,75,77,99,101,107,109,112,119"
695,17:15,5,5,김포공항,25,"2,4,5,6,7,9,10,12,20,22,27,42,59,62,63,67,68,69,71,78,80,82,90,92,98"
695,17:15,6,6,일산,18,"8,23,33,34,36,41,56,57,60,70,74,84,85,96,100,103,105,117"
695,17:15,7,7,판교,8,"16,31,39,66,81,83,102,104"
695,17:15,8,8,동탄/용인,3,"37,79,88"
695,17:15,9,9,평택,4,"28,87,89,108"
696,17:16,1,1,서울역,4,"29,55,93,95"
696,17:16,2,2,수서,15,"25,35,38,40,43,45,46,50,51,52,54,58,65,91,94"
696,17:16,3,3,삼성,20,"0,3,11,15,21,32,44,61,64,76,86,97,106,110,111,113,114,115,116,118"
696,17:16,4,4,여의도,21,"13,14,18,19,24,26,30,47,48,49,53,72,73,75,77,99,101,107,109,112,119"
696,17:16,5,5,김포공항,25,"2,4,5,6,7,9,10,12,20,22,27,42,59,62,63,67,68,69,71,78,80,82,90,92,98"
696,17:16,6,6,일산,18,"8,23,33,34,36,41,56,57,60,70,74,84,85,96,100,103,105,117"
696,17:16,7,7,판교,8,"16,31,39,66,81,83,102,104"
696,17:16,8,8,동탄/용인,3,"37,79,88"
696,17:16,9,9,평택,4,"28,87,89,108"
697,17:17,1,1,서울역,4,"29,55,93,95"
697,17:17,2,2,수서,15,"25,35,38,40,43,45,46,50,51,52,54,58,65,91,94"
697,17:17,3,3,삼성,20,"0,3,11,15,21,32,44,61,64,76,86,97,106,110,111,113,114,115,116,118"
697,17:17,4,4,여의도,21,"13,14,18,19,24,26,30,47,48,49,53,72,73,75,77,99,101,107,109,112,119"
697,17:17,5,5,김포공항,25,"2,4,5,6,7,9,10,12,20,22,27,42,59,62,63,67,68,69,71,78,80,82,90,92,98"
697,17:17,6,6,일산,18,"8,23,33,34,36,41,56,57,60,70,74,84,85,96,100,103,105,117"
697,17:17,7,7,판교,8,"16,31,39,66,81,83,102,104"
697,17:17,8,8,동탄/용인,3,"37,79,88"
697,17:17,9,9,평택,4,"28,87,89,108"
698,17:18,1,1,서울역,4,"29,55,93,95"
698,17:18,2,2,수서,15,"25,35,38,40,43,45,46,50,51,52,54,58,65,91,94"
698,17:18,3,3,삼성,20,"0,3,11,15,21,32,44,61,64,76,86,97,106,110,111,113,114,115,116,118"
698,17:18,4,4,여의도,22,"13,14,17,18,19,24,26,30,47,48,49,53,72,73,75,77,99,101,107,109,112,119"
698,17:18,5,5,김포공항,25,"2,4,5,6,7,9,10,12,20,22,27,42,59,62,63,67,68,69,71,78,80,82,90,92,98"
698,17:18,6,6,일산,18,"8,23,33,34,36,41,56,57,60,70,74,84,85,96,100,103,105,117"
698,17:18,7,7,판교,8,"16,31,39,66,81,83,102,104"
698,17:18,8,8,동탄/용인,3,"37,79,88"
698,17:18,9,9,평택,4,"28,87,89,108"
699,17:19,1,1,서울역,5,"1,29,55,93,95"
699,17:19,2,2,수서,15,"25,35,38,40,43,45,46,50,51,52,54,58,65,91,94"
699,17:19,3,3,삼성,20,"0,3,11,15,21,32,44,61,64,76,86,97,106,110,111,113,114,115,116,118"
699,17:19,4,4,여의도,22,"13,14,17,18,19,24,26,30,47,48,49,53,72,73,75,77,99,101,107,109,112,119"
699,17:19,5,5,김포공항,25,"2,4,5,6,7,9,10,12,20,22,27,42,59,62,63,67,68,69,71,78,80,82,90,92,98"
699,17:19,6,6,일산,18,"8,23,33,34,36,41,56,57,60,70,74,84,85,96,100,103,105,117"
699,17:19,7,7,판교,8,"16,31,39,66,81,83,102,104"
699,17:19,8,8,동탄/용인,3,"37,79,88"
699,17:19,9,9,평택,4,"28,87,89,108"
700,17:20,1,1,서울역,5,"1,29,55,93,95"
700,17:20,2,2,수서,15,"25,35,38,40,43,45,46,50,51,52,54,58,65,91,94"
700,17:20,3,3,삼성,20,"0,3,11,15,21,32,44,61,64,76,86,97,106,110,111,113,114,115,116,118"
700,17:20,4,4,여의도,22,"13,14,17,18,19,24,26,30,47,48,49,53,72,73,75,77,99,101,107,109,112,119"
700,17:20,5,5,김포공항,25,"2,4,5,6,7,9,10,12,20,22,27,42,59,62,63,67,68,69,71,78,80,82,90,92,98"
700,17:20,6,6,일산,18,"8,23,33,34,36,41,56,57,60,70,74,84,85,96,100,103,105,117"
700,17:20,7,7,판교,8,"16,31,39,66,81,83,102,104"
700,17:20,8,8,동탄/용인,3,"37,79,88"
700,17:20,9,9,평택,4,"28,87,89,108"
701,17:21,1,1,서울역,5,"1,29,55,93,95"
701,17:21,2,2,수서,15,"25,35,38,40,43,45,46,50,51,52,54,58,65,91,94"
701,17:21,3,3,삼성,20,"0,3,11,15,21,32,44,61,64,76,86,97,106,110,111,113,114,115,116,118"
701,17:21,4,4,여의도,22,"13,14,17,18,19,24,26,30,47,48,49,53,72,73,75,77,99,101,107,109,112,119"
701,17:21,5,5,김포공항,25,"2,4,5,6,7,9,10,12,20,22,27,42,59,62,63,67,68,69,71,78,80,82,90,92,98"
701,17:21,6,6,일산,18,"8,23,33,34,36,41,56,57,60,70,74,84,85,96,100,103,105,117"
701,17:21,7,7,판교,8,"16,31,39,66,81,83,102,104"
701,17:21,8,8,동탄/용인,3,"37,79,88"
701,17:21,9,9,평택,4,"28,87,89,108"
702,17:22,1,1,서울역,5,"1,29,55,93,95"
702,17:22,2,2,수서,15,"25,35,38,40,43,45,46,50,51,52,54,58,65,91,94"
702,17:22,3,3,삼성,20,"0,3,11,15,21,32,44,61,64,76,86,97,106,110,111,113,114,115,116,118"
702,17:22,4,4,여의도,22,"13,14,17,18,19,24,26,30,47,48,49,53,72,73,75,77,99,101,107,109,112,119"
702,17:22,5,5,김포공항,25,"2,4,5,6,7,9,10,12,20,22,27,42,59,62,63,67,68,69,71,78,80,82,90,92,98"
702,17:22,6,6,일산,18,"8,23,33,34,36,41,56,57,60,70,74,84,85,96,100,103,105,117"
702,17:22,7,7,판교,8,"16,31,39,66,81,83,102,104"
702,17:22,8,8,동탄/용인,3,"37,79,88"
702,17:22,9,9,평택,4,"28,87,89,108"
703,17:23,1,1,서울역,5,"1,29,55,93,95"
703,17:23,2,2,수서,15,"25,35,38,40,43,45,46,50,51,52,54,58,65,91,94"
703,17:23,3,3,삼성,19,"3,11,15,21,32,44,61,64,76,86,97,106,110,111,113,114,115,116,118"
703,17:23,4,4,여의도,22,"13,14,17,18,19,24,26,30,47,48,49,53,72,73,75,77,99,101,107,109,112,119"
703,17:23,5,5,김포공항,25,"2,4,5,6,7,9,10,12,20,22,27,42,59,62,63,67,68,69,71,78,80,82,90,92,98"
703,17:23,6,6,일산,18,"8,23,33,34,36,41,56,57,60,70,74,84,85,96,100,103,105,117"
703,17:23,7,7,판교,8,"16,31,39,66,81,83,102,104"
703,17:23,8,8,동탄/용인,3,"37,79,88"
703,17:23,9,9,평택,3,"28,89,108"
704,17:24,1,1,서울역,5,"1,29,55,93,95"
704,17:24,2,2,수서,15,"25,35,38,40,43,45,46,50,51,52,54,58,65,91,94"
704,17:24,3,3,삼성,19,"3,11,15,21,32,44,61,64,76,86,97,106,110,111,113,114,115,116,118"
704,17:24,4,4,여의도,22,"13,14,17,18,19,24,26,30,47,48,49,53,72,73,75,77,99,101,107,109,112,119"
704,17:24,5,5,김포공항,25,"2,4,5,6,7,9,10,12,20,22,27,42,59,62,63,67,68,69,71,78,80,82,90,92,98"
704,17:24,6,6,일산,18,"8,23,33,34,36,41,56,57,60,70,74,84,85,96,100,103,105,117"
704,17:24,7,7,판교,8,"16,31,39,66,81,83,102,104"
704,17:24,8,8,동탄/용인,3,"37,79,88"
704,17:24,9,9,평택,3,"28,89,108"
705,17:25,1,1,서울역,5,"1,29,55,93,95"
705,17:25,2,2,수서,15,"25,35,38,40,43,45,46,50,51,52,54,58,65,91,94"
705,17:25,3,3,삼성,19,"3,11,15,21,32,44,61,64,76,86,97,106,110,111,113,114,115,116,118"
705,17:25,4,4,여의도,22,"13,14,17,18,19,24,26,30,47,48,49,53,72,73,75,77,99,101,107,109,112,119"
705,17:25,5,5,김포공항,25,"2,4,5,6,7,9,10,12,20,22,27,42,59,62,63,67,68,69,71,78,80,82,90,92,98"
705,17:25,6,6,일산,18,"8,23,33,34,36,41,56,57,60,70,74,84,85,96,100,103,105,117"
705,17:25,7,7,판교,8,"16,31,39,66,81,83,102,104"
705,17:25,8,8,동탄/용인,3,"37,79,88"
705,17:25,9,9,평택,3,"28,89,108"
706,17:26,1,1,서울역,5,"1,29,55,93,95"
706,17:26,2,2,수서,15,"25,35,38,40,43,45,46,50,51,52,54,58,65,91,94"
706,17:26,3,3,삼성,19,"3,11,15,21,32,44,61,64,76,86,97,106,110,111,113,114,115,116,118"
706,17:26,4,4,여의도,22,"13,14,17,18,19,24,26,30,47,48,49,53,72,73,75,77,99,101,107,109,112,119"
706,17:26,5,5,김포공항,25,"2,4,5,6,7,9,10,12,20,22,27,42,59,62,63,67,68,69,71,78,80,82,90,92,98"
706,17:26,6,6,일산,18,"8,23,33,34,36,41,56,57,60,70,74,84,85,96,100,103,105,117"
706,17:26,7,7,판교,8,"16,31,39,66,81,83,102,104"
706,17:26,8,8,동탄/용인,3,"37,79,88"
706,17:26,9,9,평택,3,"28,89,108"
707,17:27,1,1,서울역,5,"1,29,55,93,95"
707,17:27,2,2,수서,15,"25,35,38,40,43,45,46,50,51,52,54,58,65,91,94"
707,17:27,3,3,삼성,19,"3,11,15,21,32,44,61,64,76,86,97,106,110,111,113,114,115,116,118"
707,17:27,4,4,여의도,22,"13,14,17,18,19,24,26,30,47,48,49,53,72,73,75,77,99,101,107,109,112,119"
707,17:27,5,5,김포공항,25,"2,4,5,6,7,9,10,12,20,22,27,42,59,62,63,67,68,69,71,78,80,82,90,92,98"
707,17:27,6,6,일산,18,"8,23,33,34,36,41,56,57,60,70,74,84,85,96,100,103,105,117"
707,17:27,7,7,판교,8,"16,31,39,66,81,83,102,104"
707,17:27,8,8,동탄/용인,3,"37,79,88"
707,17:27,9,9,평택,3,"28,89,108"
708,17:28,1,1,서울역,5,"1,29,55,93,95"
708,17:28,2,2,수서,15,"25,35,38,40,43,45,46,50,51,52,54,58,65,91,94"
708,17:28,3,3,삼성,19,"3,11,15,21,32,44,61,64,76,86,97,106,110,111,113,114,115,116,118"
708,17:28,4,4,여의도,22,"13,14,17,18,19,24,26,30,47,48,49,53,72,73,75,77,99,101,107,109,112,119"
708,17:28,5,5,김포공항,25,"2,4,5,6,7,9,10,12,20,22,27,42,59,62,63,67,68,69,71,78,80,82,90,92,98"
708,17:28,6,6,일산,18,"8,23,33,34,36,41,56,57,60,70,74,84,85,96,100,103,105,117"
708,17:28,7,7,판교,8,"16,31,39,66,81,83,102,104"
708,17:28,8,8,동탄/용인,3,"37,79,88"
708,17:28,9,9,평택,3,"28,89,108"
709,17:29,1,1,서울역,5,"1,29,55,93,95"
709,17:29,2,2,수서,15,"25,35,38,40,43,45,46,50,51,52,54,58,65,91,94"
709,17:29,3,3,삼성,19,"3,11,15,21,32,44,61,64,76,86,97,106,110,111,113,114,115,116,118"
709,17:29,4,4,여의도,22,"13,14,17,18,19,24,26,30,47,48,49,53,72,73,75,77,99,101,107,109,112,119"
709,17:29,5,5,김포공항,25,"2,4,5,6,7,9,10,12,20,22,27,42,59,62,63,67,68,69,71,78,80,82,90,92,98"
709,17:29,6,6,일산,18,"8,23,33,34,36,41,56,57,60,70,74,84,85,96,100,103,105,117"
709,17:29,7,7,판교,8,"16,31,39,66,81,83,102,104"
709,17:29,8,8,동탄/용인,3,"37,79,88"
709,17:29,9,9,평택,3,"28,89,108"
710,17:30,1,1,서울역,5,"1,29,55,93,95"
710,17:30,2,2,수서,15,"25,35,38,40,43,45,46,50,51,52,54,58,65,91,94"
710,17:30,3,3,삼성,19,"3,11,15,21,32,44,61,64,76,86,97,106,110,111,113,114,115,116,118"
710,17:30,4,4,여의도,22,"13,14,17,18,19,24,26,30,47,48,49,53,72,73,75,77,99,101,107,109,112,119"
710,17:30,5,5,김포공항,25,"2,4,5,6,7,9,10,12,20,22,27,42,59,62,63,67,68,69,71,78,80,82,90,92,98"
710,17:30,6,6,일산,18,"8,23,33,34,36,41,56,57,60,70,74,84,85,96,100,103,105,117"
710,17:30,7,7,판교,8,"16,31,39,66,81,83,102,104"
710,17:30,8,8,동탄/용인,3,"37,79,88"
710,17:30,9,9,평택,3,"28,89,108"
711,17:31,1,1,서울역,5,"1,29,55,93,95"
711,17:31,2,2,수서,15,"25,35,38,40,43,45,46,50,51,52,54,58,65,91,94"
711,17:31,3,3,삼성,19,"3,11,15,21,32,44,61,64,76,86,97,106,110,111,113,114,115,116,118"
711,17:31,4,4,여의도,22,"13,14,17,18,19,24,26,30,47,48,49,53,72,73,75,77,99,101,107,109,112,119"
711,17:31,5,5,김포공항,25,"2,4,5,6,7,9,10,12,20,22,27,42,59,62,63,67,68,69,71,78,80,82,90,92,98"
711,17:31,6,6,일산,18,"8,23,33,34,36,41,56,57,60,70,74,84,85,96,100,103,105,117"
711,17:31,7,7,판교,8,"16,31,39,66,81,83,102,104"
711,17:31,8,8,동탄/용인,3,"37,79,88"
711,17:31,9,9,평택,3,"28,89,108"
712,17:32,1,1,서울역,5,"1,29,55,93,95"
712,17:32,2,2,수서,15,"25,35,38,40,43,45,46,50,51,52,54,58,65,91,94"
712,17:32,3,3,삼성,19,"3,11,15,21,32,44,61,64,76,86,97,106,110,111,113,114,115,116,118"
712,17:32,4,4,여의도,22,"13,14,17,18,19,24,26,30,47,48,49,53,72,73,75,77,99,101,107,109,112,119"
712,17:32,5,5,김포공항,25,"2,4,5,6,7,9,10,12,20,22,27,42,59,62,63,67,68,69,71,78,80,82,90,92,98"
712,17:32,6,6,일산,18,"8,23,33,34,36,41,56,57,60,70,74,84,85,96,100,103,105,117"
712,17:32,7,7,판교,8,"16,31,39,66,81,83,102,104"
712,17:32,8,8,동탄/용인,3,"37,79,88"
712,17:32,9,9,평택,3,"28,89,108"
713,17:33,1,1,서울역,5,"1,29,55,93,95"
713,17:33,2,2,수서,15,"25,35,38,40,43,45,46,50,51,52,54,58,65,91,94"
713,17:33,3,3,삼성,19,"3,11,15,21,32,44,61,64,76,86,97,106,110,111,113,114,115,116,118"
713,17:33,4,4,여의도,22,"13,14,17,18,19,24,26,30,47,48,49,53,72,73,75,77,99,101,107,109,112,119"
713,17:33,5,5,김포공항,25,"2,4,5,6,7,9,10,12,20,22,27,42,59,62,63,67,68,69,71,78,80,82,90,92,98"
713,17:33,6,6,일산,18,"8,23,33,34,36,41,56,57,60,70,74,84,85,96,100,103,105,117"
713,17:33,7,7,판교,8,"16,31,39,66,81,83,102,104"
713,17:33,8,8,동탄/용인,3,"37,79,88"
713,17:33,9,9,평택,3,"28,89,108"
714,17:34,1,1,서울역,5,"1,29,55,93,95"
714,17:34,2,2,수서,15,"25,35,38,40,43,45,46,50,51,52,54,58,65,91,94"
714,17:34,3,3,삼성,19,"3,11,15,21,32,44,61,64,76,86,97,106,110,111,113,114,115,116,118"
714,17:34,4,4,여의도,22,"13,14,17,18,19,24,26,30,47,48,49,53,72,73,75,77,99,101,107,109,112,119"
714,17:34,5,5,김포공항,25,"2,4,5,6,7,9,10,12,20,22,27,42,59,62,63,67,68,69,71,78,80,82,90,92,98"
714,17:34,6,6,일산,18,"8,23,33,34,36,41,56,57,60,70,74,84,85,96,100,103,105,117"
714,17:34,7,7,판교,8,"16,31,39,66,81,83,102,104"
714,17:34,8,8,동탄/용인,3,"37,79,88"
714,17:34,9,9,평택,3,"28,89,108"
715,17:35,1,1,서울역,5,"1,29,55,93,95"
715,17:35,2,2,수서,15,"25,35,38,40,43,45,46,50,51,52,54,58,65,91,94"
715,17:35,3,3,삼성,19,"3,11,15,21,32,44,61,64,76,86,97,106,110,111,113,114,115,116,118"
715,17:35,4,4,여의도,22,"13,14,17,18,19,24,26,30,47,48,49,53,72,73,75,77,99,101,107,109,112,119"
715,17:35,5,5,김포공항,25,"2,4,5,6,7,9,10,12,20,22,27,42,59,62,63,67,68,69,71,78,80,82,90,92,98"
715,17:35,6,6,일산,18,"8,23,33,34,36,41,56,57,60,70,74,84,85,96,100,103,105,117"
715,17:35,7,7,판교,8,"16,31,39,66,81,83,102,104"
715,17:35,8,8,동탄/용인,3,"37,79,88"
715,17:35,9,9,평택,3,"28,89,108"
716,17:36,1,1,서울역,5,"1,29,55,93,95"
716,17:36,2,2,수서,15,"25,35,38,40,43,45,46,50,51,52,54,58,65,91,94"
716,17:36,3,3,삼성,19,"3,11,15,21,32,44,61,64,76,86,97,106,110,111,113,114,115,116,118"
716,17:36,4,4,여의도,22,"13,14,17,18,19,24,26,30,47,48,49,53,72,73,75,77,99,101,107,109,112,119"
716,17:36,5,5,김포공항,25,"2,4,5,6,7,9,10,12,20,22,27,42,59,62,63,67,68,69,71,78,80,82,90,92,98"
716,17:36,6,6,일산,18,"8,23,33,34,36,41,56,57,60,70,74,84,85,96,100,103,105,117"
716,17:36,7,7,판교,8,"16,31,39,66,81,83,102,104"
716,17:36,8,8,동탄/용인,3,"37,79,88"
716,17:36,9,9,평택,3,"28,89,108"
717,17:37,1,1,서울역,5,"1,29,55,93,95"
717,17:37,2,2,수서,15,"25,35,38,40,43,45,46,50,51,52,54,58,65,91,94"
717,17:37,3,3,삼성,19,"3,11,15,21,32,44,61,64,76,86,97,106,110,111,113,114,115,116,118"
717,17:37,4,4,여의도,22,"13,14,17,18,19,24,26,30,47,48,49,53,72,73,75,77,99,101,107,109,112,119"
717,17:37,5,5,김포공항,25,"2,4,5,6,7,9,10,12,20,22,27,42,59,62,63,67,68,69,71,78,80,82,90,92,98"
717,17:37,6,6,일산,18,"8,23,33,34,36,41,56,57,60,70,74,84,85,96,100,103,105,117"
717,17:37,7,7,판교,8,"16,31,39,66,81,83,102,104"
717,17:37,8,8,동탄/용인,3,"37,79,88"
717,17:37,9,9,평택,3,"28,89,108"
718,17:38,1,1,서울역,5,"1,29,55,93,95"
718,17:38,10,10,인천공항,1,0
718,17:38,2,2,수서,15,"25,35,38,40,43,45,46,50,51,52,54,58,65,91,94"
718,17:38,3,3,삼성,19,"3,11,15,21,32,44,61,64,76,86,97,106,110,111,113,114,115,116,118"
718,17:38,4,4,여의도,22,"13,14,17,18,19,24,26,30,47,48,49,53,72,73,75,77,99,101,107,109,112,119"
718,17:38,5,5,김포공항,25,"2,4,5,6,7,9,10,12,20,22,27,42,59,62,63,67,68,69,71,78,80,82,90,92,98"
718,17:38,6,6,일산,18,"8,23,33,34,36,41,56,57,60,70,74,84,85,96,100,103,105,117"
718,17:38,7,7,판교,8,"16,31,39,66,81,83,102,104"
718,17:38,8,8,동탄/용인,3,"37,79,88"
718,17:38,9,9,평택,3,"28,89,108"
719,17:39,1,1,서울역,6,"1,29,55,87,93,95"
719,17:39,10,10,인천공항,1,0
719,17:39,2,2,수서,15,"25,35,38,40,43,45,46,50,51,52,54,58,65,91,94"
719,17:39,3,3,삼성,19,"3,11,15,21,32,44,61,64,76,86,97,106,110,111,113,114,115,116,118"
719,17:39,4,4,여의도,22,"13,14,17,18,19,24,26,30,47,48,49,53,72,73,75,77,99,101,107,109,112,119"
719,17:39,5,5,김포공항,25,"2,4,5,6,7,9,10,12,20,22,27,42,59,62,63,67,68,69,71,78,80,82,90,92,98"
719,17:39,6,6,일산,18,"8,23,33,34,36,41,56,57,60,70,74,84,85,96,100,103,105,117"
719,17:39,7,7,판교,8,"16,31,39,66,81,83,102,104"
719,17:39,8,8,동탄/용인,3,"37,79,88"
719,17:39,9,9,평택,3,"28,89,108"
720,17:40,1,1,서울역,6,"1,29,55,87,93,95"
720,17:40,10,10,인천공항,1,0
720,17:40,2,2,수서,15,"25,35,38,40,43,45,46,50,51,52,54,58,65,91,94"
720,17:40,3,3,삼성,19,"3,11,15,21,32,44,61,64,76,86,97,106,110,111,113,114,115,116,118"
720,17:40,4,4,여의도,22,"13,14,17,18,19,24,26,30,47,48,49,53,72,73,75,77,99,101,107,109,112,119"
720,17:40,5,5,김포공항,25,"2,4,5,6,7,9,10,12,20,22,27,42,59,62,63,67,68,69,71,78,80,82,90,92,98"
720,17:40,6,6,일산,18,"8,23,33,34,36,41,56,57,60,70,74,84,85,96,100,103,105,117"
720,17:40,7,7,판교,8,"16,31,39,66,81,83,102,104"
720,17:40,8,8,동탄/용인,3,"37,79,88"
720,17:40,9,9,평택,3,"28,89,108"
721,17:41,1,1,서울역,6,"1,29,55,87,93,95"
721,17:41,2,2,수서,15,"25,35,38,40,43,45,46,50,51,52,54,58,65,91,94"
721,17:41,3,3,삼성,19,"3,11,15,21,32,44,61,64,76,86,97,106,110,111,113,114,115,116,118"
721,17:41,4,4,여의도,22,"13,14,17,18,19,24,26,30,47,48,49,53,72,73,75,77,99,101,107,109,112,119"
721,17:41,5,5,김포공항,25,"2,4,5,6,7,9,10,12,20,22,27,42,59,62,63,67,68,69,71,78,80,82,90,92,98"
721,17:41,6,6,일산,18,"8,23,33,34,36,41,56,57,60,70,74,84,85,96,100,103,105,117"
721,17:41,7,7,판교,8,"16,31,39,66,81,83,102,104"
721,17:41,8,8,동탄/용인,3,"37,79,88"
721,17:41,9,9,평택,3,"28,89,108"
722,17:42,1,1,서울역,6,"1,29,55,87,93,95"
722,17:42,2,2,수서,15,"25,35,38,40,43,45,46,50,51,52,54,58,65,91,94"
722,17:42,3,3,삼성,19,"3,11,15,21,32,44,61,64,76,86,97,106,110,111,113,114,115,116,118"
722,17:42,4,4,여의도,22,"13,14,17,18,19,24,26,30,47,48,49,53,72,73,75,77,99,101,107,109,112,119"
722,17:42,5,5,김포공항,25,"2,4,5,6,7,9,10,12,20,22,27,42,59,62,63,67,68,69,71,78,80,82,90,92,98"
722,17:42,6,6,일산,18,"8,23,33,34,36,41,56,57,60,70,74,84,85,96,100,103,105,117"
722,17:42,7,7,판교,8,"16,31,39,66,81,83,102,104"
722,17:42,8,8,동탄/용인,3,"37,79,88"
722,17:42,9,9,평택,3,"28,89,108"
723,17:43,1,1,서울역,6,"1,29,55,87,93,95"
723,17:43,2,2,수서,15,"25,35,38,40,43,45,46,50,51,52,54,58,65,91,94"
723,17:43,3,3,삼성,17,"15,21,32,44,61,64,76,86,97,106,110,111,113,114,115,116,118"
723,17:43,4,4,여의도,22,"13,14,17,18,19,24,26,30,47,48,49,53,72,73,75,77,99,101,107,109,112,119"
723,17:43,5,5,김포공항,25,"2,4,5,6,7,9,10,12,20,22,27,42,59,62,63,67,68,69,71,78,80,82,90,92,98"
723,17:43,6,6,일산,18,"8,23,33,34,36,41,56,57,60,70,74,84,85,96,100,103,105,117"
723,17:43,7,7,판교,8,"16,31,39,66,81,83,102,104"
723,17:43,8,8,동탄/용인,3,"37,79,88"
723,17:43,9,9,평택,3,"28,89,108"
724,17:44,1,1,서울역,6,"1,29,55,87,93,95"
724,17:44,2,2,수서,15,"25,35,38,40,43,45,46,50,51,52,54,58,65,91,94"
724,17:44,3,3,삼성,17,"15,21,32,44,61,64,76,86,97,106,110,111,113,114,115,116,118"
724,17:44,4,4,여의도,22,"13,14,17,18,19,24,26,30,47,48,49,53,72,73,75,77,99,101,107,109,112,119"
724,17:44,5,5,김포공항,25,"2,4,5,6,7,9,10,12,20,22,27,42,59,62,63,67,68,69,71,78,80,82,90,92,98"
724,17:44,6,6,일산,18,"8,23,33,34,36,41,56,57,60,70,74,84,85,96,100,103,105,117"
724,17:44,7,7,판교,8,"16,31,39,66,81,83,102,104"
724,17:44,8,8,동탄/용인,3,"37,79,88"
724,17:44,9,9,평택,3,"28,89,108"
725,17:45,1,1,서울역,6,"1,29,55,87,93,95"
725,17:45,2,2,수서,15,"25,35,38,40,43,45,46,50,51,52,54,58,65,91,94"
725,17:45,3,3,삼성,17,"15,21,32,44,61,64,76,86,97,106,110,111,113,114,115,116,118"
725,17:45,4,4,여의도,22,"13,14,17,18,19,24,26,30,47,48,49,53,72,73,75,77,99,101,107,109,112,119"
725,17:45,5,5,김포공항,25,"2,4,5,6,7,9,10,12,20,22,27,42,59,62,63,67,68,69,71,78,80,82,90,92,98"
725,17:45,6,6,일산,18,"8,23,33,34,36,41,56,57,60,70,74,84,85,96,100,103,105,117"
725,17:45,7,7,판교,8,"16,31,39,66,81,83,102,104"
725,17:45,8,8,동탄/용인,3,"37,79,88"
725,17:45,9,9,평택,3,"28,89,108"
726,17:46,1,1,서울역,6,"1,29,55,87,93,95"
726,17:46,2,2,수서,15,"25,35,38,40,43,45,46,50,51,52,54,58,65,91,94"
726,17:46,3,3,삼성,17,"15,21,32,44,61,64,76,86,97,106,110,111,113,114,115,116,118"
726,17:46,4,4,여의도,22,"13,14,17,18,19,24,26,30,47,48,49,53,72,73,75,77,99,101,107,109,112,119"
726,17:46,5,5,김포공항,25,"2,4,5,6,7,9,10,12,20,22,27,42,59,62,63,67,68,69,71,78,80,82,90,92,98"
726,17:46,6,6,일산,18,"8,23,33,34,36,41,56,57,60,70,74,84,85,96,100,103,105,117"
726,17:46,7,7,판교,8,"16,31,39,66,81,83,102,104"
726,17:46,8,8,동탄/용인,3,"37,79,88"
726,17:46,9,9,평택,3,"28,89,108"
727,17:47,1,1,서울역,6,"1,29,55,87,93,95"
727,17:47,2,2,수서,15,"25,35,38,40,43,45,46,50,51,52,54,58,65,91,94"
727,17:47,3,3,삼성,17,"15,21,32,44,61,64,76,86,97,106,110,111,113,114,115,116,118"
727,17:47,4,4,여의도,22,"13,14,17,18,19,24,26,30,47,48,49,53,72,73,75,77,99,101,107,109,112,119"
727,17:47,5,5,김포공항,25,"2,4,5,6,7,9,10,12,20,22,27,42,59,62,63,67,68,69,71,78,80,82,90,92,98"
727,17:47,6,6,일산,18,"8,23,33,34,36,41,56,57,60,70,74,84,85,96,100,103,105,117"
727,17:47,7,7,판교,8,"16,31,39,66,81,83,102,104"
727,17:47,8,8,동탄/용인,3,"37,79,88"
727,17:47,9,9,평택,3,"28,89,108"
728,17:48,1,1,서울역,6,"1,29,55,87,93,95"
728,17:48,2,2,수서,15,"25,35,38,40,43,45,46,50,51,52,54,58,65,91,94"
728,17:48,3,3,삼성,17,"15,21,32,44,61,64,76,86,97,106,110,111,113,114,115,116,118"
728,17:48,4,4,여의도,22,"13,14,17,18,19,24,26,30,47,48,49,53,72,73,75,77,99,101,107,109,112,119"
728,17:48,5,5,김포공항,25,"2,4,5,6,7,9,10,12,20,22,27,42,59,62,63,67,68,69,71,78,80,82,90,92,98"
728,17:48,6,6,일산,18,"8,23,33,34,36,41,56,57,60,70,74,84,85,96,100,103,105,117"
728,17:48,7,7,판교,8,"16,31,39,66,81,83,102,104"
728,17:48,8,8,동탄/용인,3,"37,79,88"
728,17:48,9,9,평택,3,"28,89,108"
729,17:49,1,1,서울역,6,"1,29,55,87,93,95"
729,17:49,2,2,수서,15,"25,35,38,40,43,45,46,50,51,52,54,58,65,91,94"
729,17:49,3,3,삼성,17,"15,21,32,44,61,64,76,86,97,106,110,111,113,114,115,116,118"
729,17:49,4,4,여의도,22,"13,14,17,18,19,24,26,30,47,48,49,53,72,73,75,77,99,101,107,109,112,119"
729,17:49,5,5,김포공항,25,"2,4,5,6,7,9,10,12,20,22,27,42,59,62,63,67,68,69,71,78,80,82,90,92,98"
729,17:49,6,6,일산,18,"8,23,33,34,36,41,56,57,60,70,74,84,85,96,100,103,105,117"
729,17:49,7,7,판교,8,"16,31,39,66,81,83,102,104"
729,17:49,8,8,동탄/용인,3,"37,79,88"
729,17:49,9,9,평택,3,"28,89,108"
730,17:50,1,1,서울역,6,"1,29,55,87,93,95"
730,17:50,2,2,수서,15,"25,35,38,40,43,45,46,50,51,52,54,58,65,91,94"
730,17:50,3,3,삼성,17,"15,21,32,44,61,64,76,86,97,106,110,111,113,114,115,116,118"
730,17:50,4,4,여의도,22,"13,14,17,18,19,24,26,30,47,48,49,53,72,73,75,77,99,101,107,109,112,119"
730,17:50,5,5,김포공항,25,"2,4,5,6,7,9,10,12,20,22,27,42,59,62,63,67,68,69,71,78,80,82,90,92,98"
730,17:50,6,6,일산,18,"8,23,33,34,36,41,56,57,60,70,74,84,85,96,100,103,105,117"
730,17:50,7,7,판교,8,"16,31,39,66,81,83,102,104"
730,17:50,8,8,동탄/용인,3,"37,79,88"
730,17:50,9,9,평택,3,"28,89,108"
731,17:51,1,1,서울역,6,"1,29,55,87,93,95"
731,17:51,2,2,수서,15,"25,35,38,40,43,45,46,50,51,52,54,58,65,91,94"
731,17:51,3,3,삼성,17,"15,21,32,44,61,64,76,86,97,106,110,111,113,114,115,116,118"
731,17:51,4,4,여의도,22,"13,14,17,18,19,24,26,30,47,48,49,53,72,73,75,77,99,101,107,109,112,119"
731,17:51,5,5,김포공항,25,"2,4,5,6,7,9,10,12,20,22,27,42,59,62,63,67,68,69,71,78,80,82,90,92,98"
731,17:51,6,6,일산,18,"8,23,33,34,36,41,56,57,60,70,74,84,85,96,100,103,105,117"
731,17:51,7,7,판교,8,"16,31,39,66,81,83,102,104"
731,17:51,8,8,동탄/용인,3,"37,79,88"
731,17:51,9,9,평택,3,"28,89,108"
732,17:52,1,1,서울역,6,"1,29,55,87,93,95"
732,17:52,2,2,수서,15,"25,35,38,40,43,45,46,50,51,52,54,58,65,91,94"
732,17:52,3,3,삼성,17,"15,21,32,44,61,64,76,86,97,106,110,111,113,114,115,116,118"
732,17:52,4,4,여의도,22,"13,14,17,18,19,24,26,30,47,48,49,53,72,73,75,77,99,101,107,109,112,119"
732,17:52,5,5,김포공항,25,"2,4,5,6,7,9,10,12,20,22,27,42,59,62,63,67,68,69,71,78,80,82,90,92,98"
732,17:52,6,6,일산,18,"8,23,33,34,36,41,56,57,60,70,74,84,85,96,100,103,105,117"
732,17:52,7,7,판교,8,"16,31,39,66,81,83,102,104"
732,17:52,8,8,동탄/용인,3,"37,79,88"
732,17:52,9,9,평택,3,"28,89,108"
733,17:53,1,1,서울역,6,"1,29,55,87,93,95"
733,17:53,2,2,수서,15,"25,35,38,40,43,45,46,50,51,52,54,58,65,91,94"
733,17:53,3,3,삼성,17,"15,21,32,44,61,64,76,86,97,106,110,111,113,114,115,116,118"
733,17:53,4,4,여의도,22,"13,14,17,18,19,24,26,30,47,48,49,53,72,73,75,77,99,101,107,109,112,119"
733,17:53,5,5,김포공항,25,"2,4,5,6,7,9,10,12,20,22,27,42,59,62,63,67,68,69,71,78,80,82,90,92,98"
733,17:53,6,6,일산,18,"8,23,33,34,36,41,56,57,60,70,74,84,85,96,100,103,105,117"
733,17:53,7,7,판교,8,"16,31,39,66,81,83,102,104"
733,17:53,8,8,동탄/용인,3,"37,79,88"
733,17:53,9,9,평택,3,"28,89,108"
734,17:54,1,1,서울역,7,"0,1,29,55,87,93,95"
734,17:54,2,2,수서,15,"25,35,38,40,43,45,46,50,51,52,54,58,65,91,94"
734,17:54,3,3,삼성,17,"15,21,32,44,61,64,76,86,97,106,110,111,113,114,115,116,118"
734,17:54,4,4,여의도,22,"13,14,17,18,19,24,26,30,47,48,49,53,72,73,75,77,99,101,107,109,112,119"
734,17:54,5,5,김포공항,25,"2,4,5,6,7,9,10,12,20,22,27,42,59,62,63,67,68,69,71,78,80,82,90,92,98"
734,17:54,6,6,일산,18,"8,23,33,34,36,41,56,57,60,70,74,84,85,96,100,103,105,117"
734,17:54,7,7,판교,8,"16,31,39,66,81,83,102,104"
734,17:54,8,8,동탄/용인,3,"37,79,88"
734,17:54,9,9,평택,3,"28,89,108"
735,17:55,1,1,서울역,7,"0,1,29,55,87,93,95"
735,17:55,2,2,수서,15,"25,35,38,40,43,45,46,50,51,52,54,58,65,91,94"
735,17:55,3,3,삼성,17,"15,21,32,44,61,64,76,86,97,106,110,111,113,114,115,116,118"
735,17:55,4,4,여의도,22,"13,14,17,18,19,24,26,30,47,48,49,53,72,73,75,77,99,101,107,109,112,119"
735,17:55,5,5,김포공항,25,"2,4,5,6,7,9,10,12,20,22,27,42,59,62,63,67,68,69,71,78,80,82,90,92,98"
735,17:55,6,6,일산,18,"8,23,33,34,36,41,56,57,60,70,74,84,85,96,100,103,105,117"
735,17:55,7,7,판교,8,"16,31,39,66,81,83,102,104"
735,17:55,8,8,동탄/용인,3,"37,79,88"
735,17:55,9,9,평택,3,"28,89,108"
736,17:56,1,1,서울역,7,"0,1,29,55,87,93,95"
736,17:56,2,2,수서,15,"25,35,38,40,43,45,46,50,51,52,54,58,65,91,94"
736,17:56,3,3,삼성,17,"15,21,32,44,61,64,76,86,97,106,110,111,113,114,115,116,118"
736,17:56,4,4,여의도,22,"13,14,17,18,19,24,26,30,47,48,49,53,72,73,75,77,99,101,107,109,112,119"
736,17:56,5,5,김포공항,25,"2,4,5,6,7,9,10,12,20,22,27,42,59,62,63,67,68,69,71,78,80,82,90,92,98"
736,17:56,6,6,일산,18,"8,23,33,34,36,41,56,57,60,70,74,84,85,96,100,103,105,117"
736,17:56,7,7,판교,8,"16,31,39,66,81,83,102,104"
736,17:56,8,8,동탄/용인,3,"37,79,88"
736,17:56,9,9,평택,3,"28,89,108"
737,17:57,1,1,서울역,7,"0,1,29,55,87,93,95"
737,17:57,2,2,수서,15,"25,35,38,40,43,45,46,50,51,52,54,58,65,91,94"
737,17:57,3,3,삼성,17,"15,21,32,44,61,64,76,86,97,106,110,111,113,114,115,116,118"
737,17:57,4,4,여의도,22,"13,14,17,18,19,24,26,30,47,48,49,53,72,73,75,77,99,101,107,109,112,119"
737,17:57,5,5,김포공항,25,"2,4,5,6,7,9,10,12,20,22,27,42,59,62,63,67,68,69,71,78,80,82,90,92,98"
737,17:57,6,6,일산,18,"8,23,33,34,36,41,56,57,60,70,74,84,85,96,100,103,105,117"
737,17:57,7,7,판교,8,"16,31,39,66,81,83,102,104"
737,17:57,8,8,동탄/용인,3,"37,79,88"
737,17:57,9,9,평택,3,"28,89,108"
738,17:58,1,1,서울역,7,"0,1,29,55,87,93,95"
738,17:58,10,10,인천공항,2,"3,11"
738,17:58,2,2,수서,15,"25,35,38,40,43,45,46,50,51,52,54,58,65,91,94"
738,17:58,3,3,삼성,17,"15,21,32,44,61,64,76,86,97,106,110,111,113,114,115,116,118"
738,17:58,4,4,여의도,22,"13,14,17,18,19,24,26,30,47,48,49,53,72,73,75,77,99,101,107,109,112,119"
738,17:58,5,5,김포공항,25,"2,4,5,6,7,9,10,12,20,22,27,42,59,62,63,67,68,69,71,78,80,82,90,92,98"
738,17:58,6,6,일산,18,"8,23,33,34,36,41,56,57,60,70,74,84,85,96,100,103,105,117"
738,17:58,7,7,판교,8,"16,31,39,66,81,83,102,104"
738,17:58,8,8,동탄/용인,3,"37,79,88"
738,17:58,9,9,평택,3,"28,89,108"
739,17:59,1,1,서울역,7,"0,1,29,55,87,93,95"
739,17:59,10,10,인천공항,2,"3,11"
739,17:59,2,2,수서,15,"25,35,38,40,43,45,46,50,51,52,54,58,65,91,94"
739,17:59,3,3,삼성,17,"15,21,32,44,61,64,76,86,97,106,110,111,113,114,115,116,118"
739,17:59,4,4,여의도,22,"13,14,17,18,19,24,26,30,47,48,49,53,72,73,75,77,99,101,107,109,112,119"
739,17:59,5,5,김포공항,25,"2,4,5,6,7,9,10,12,20,22,27,42,59,62,63,67,68,69,71,78,80,82,90,92,98"
739,17:59,6,6,일산,18,"8,23,33,34,36,41,56,57,60,70,74,84,85,96,100,103,105,117"
739,17:59,7,7,판교,8,"16,31,39,66,81,83,102,104"
739,17:59,8,8,동탄/용인,3,"37,79,88"
739,17:59,9,9,평택,3,"28,89,108"
740,18:00,1,1,서울역,7,"0,1,29,55,87,93,95"
740,18:00,10,10,인천공항,2,"3,11"
740,18:00,2,2,수서,15,"25,35,38,40,43,45,46,50,51,52,54,58,65,91,94"
740,18:00,3,3,삼성,17,"15,21,32,44,61,64,76,86,97,106,110,111,113,114,115,116,118"
740,18:00,4,4,여의도,22,"13,14,17,18,19,24,26,30,47,48,49,53,72,73,75,77,99,101,107,109,112,119"
740,18:00,5,5,김포공항,25,"2,4,5,6,7,9,10,12,20,22,27,42,59,62,63,67,68,69,71,78,80,82,90,92,98"
740,18:00,6,6,일산,18,"8,23,33,34,36,41,56,57,60,70,74,84,85,96,100,103,105,117"
740,18:00,7,7,판교,8,"16,31,39,66,81,83,102,104"
740,18:00,8,8,동탄/용인,3,"37,79,88"
740,18:00,9,9,평택,3,"28,89,108"
741,18:01,1,1,서울역,7,"0,1,29,55,87,93,95"
741,18:01,2,2,수서,15,"25,35,38,40,43,45,46,50,51,52,54,58,65,91,94"
741,18:01,3,3,삼성,17,"15,21,32,44,61,64,76,86,97,106,110,111,113,114,115,116,118"
741,18:01,4,4,여의도,22,"13,14,17,18,19,24,26,30,47,48,49,53,72,73,75,77,99,101,107,109,112,119"
741,18:01,5,5,김포공항,25,"2,4,5,6,7,9,10,12,20,22,27,42,59,62,63,67,68,69,71,78,80,82,90,92,98"
741,18:01,6,6,일산,18,"8,23,33,34,36,41,56,57,60,70,74,84,85,96,100,103,105,117"
741,18:01,7,7,판교,8,"16,31,39,66,81,83,102,104"
741,18:01,8,8,동탄/용인,3,"37,79,88"
741,18:01,9,9,평택,3,"28,89,108"
742,18:02,1,1,서울역,7,"0,1,29,55,87,93,95"
742,18:02,2,2,수서,15,"25,35,38,40,43,45,46,50,51,52,54,58,65,91,94"
742,18:02,3,3,삼성,17,"15,21,32,44,61,64,76,86,97,106,110,111,113,114,115,116,118"
742,18:02,4,4,여의도,22,"13,14,17,18,19,24,26,30,47,48,49,53,72,73,75,77,99,101,107,109,112,119"
742,18:02,5,5,김포공항,25,"2,4,5,6,7,9,10,12,20,22,27,42,59,62,63,67,68,69,71,78,80,82,90,92,98"
742,18:02,6,6,일산,18,"8,23,33,34,36,41,56,57,60,70,74,84,85,96,100,103,105,117"
742,18:02,7,7,판교,8,"16,31,39,66,81,83,102,104"
742,18:02,8,8,동탄/용인,3,"37,79,88"
742,18:02,9,9,평택,3,"28,89,108"
743,18:03,1,1,서울역,7,"0,1,29,55,87,93,95"
743,18:03,2,2,수서,15,"25,35,38,40,43,45,46,50,51,52,54,58,65,91,94"
743,18:03,3,3,삼성,15,"32,44,61,64,76,86,97,106,110,111,113,114,115,116,118"
743,18:03,4,4,여의도,22,"13,14,17,18,19,24,26,30,47,48,49,53,72,73,75,77,99,101,107,109,112,119"
743,18:03,5,5,김포공항,25,"2,4,5,6,7,9,10,12,20,22,27,42,59,62,63,67,68,69,71,78,80,82,90,92,98"
743,18:03,6,6,일산,18,"8,23,33,34,36,41,56,57,60,70,74,84,85,96,100,103,105,117"
743,18:03,7,7,판교,8,"16,31,39,66,81,83,102,104"
743,18:03,8,8,동탄/용인,3,"37,79,88"
743,18:03,9,9,평택,3,"28,89,108"
744,18:04,1,1,서울역,7,"0,1,29,55,87,93,95"
744,18:04,2,2,수서,15,"25,35,38,40,43,45,46,50,51,52,54,58,65,91,94"
744,18:04,3,3,삼성,15,"32,44,61,64,76,86,97,106,110,111,113,114,115,116,118"
744,18:04,4,4,여의도,22,"13,14,17,18,19,24,26,30,47,48,49,53,72,73,75,77,99,101,107,109,112,119"
744,18:04,5,5,김포공항,25,"2,4,5,6,7,9,10,12,20,22,27,42,59,62,63,67,68,69,71,78,80,82,90,92,98"
744,18:04,6,6,일산,18,"8,23,33,34,36,41,56,57,60,70,74,84,85,96,100,103,105,117"
744,18:04,7,7,판교,8,"16,31,39,66,81,83,102,104"
744,18:04,8,8,동탄/용인,3,"37,79,88"
744,18:04,9,9,평택,3,"28,89,108"
745,18:05,1,1,서울역,7,"0,1,29,55,87,93,95"
745,18:05,2,2,수서,15,"25,35,38,40,43,45,46,50,51,52,54,58,65,91,94"
745,18:05,3,3,삼성,15,"32,44,61,64,76,86,97,106,110,111,113,114,115,116,118"
745,18:05,4,4,여의도,22,"13,14,17,18,19,24,26,30,47,48,49,53,72,73,75,77,99,101,107,109,112,119"
745,18:05,5,5,김포공항,25,"2,4,5,6,7,9,10,12,20,22,27,42,59,62,63,67,68,69,71,78,80,82,90,92,98"
745,18:05,6,6,일산,18,"8,23,33,34,36,41,56,57,60,70,74,84,85,96,100,103,105,117"
745,18:05,7,7,판교,8,"16,31,39,66,81,83,102,104"
745,18:05,8,8,동탄/용인,3,"37,79,88"
745,18:05,9,9,평택,3,"28,89,108"
746,18:06,1,1,서울역,7,"0,1,29,55,87,93,95"
746,18:06,2,2,수서,15,"25,35,38,40,43,45,46,50,51,52,54,58,65,91,94"
746,18:06,3,3,삼성,15,"32,44,61,64,76,86,97,106,110,111,113,114,115,116,118"
746,18:06,4,4,여의도,22,"13,14,17,18,19,24,26,30,47,48,49,53,72,73,75,77,99,101,107,109,112,119"
746,18:06,5,5,김포공항,25,"2,4,5,6,7,9,10,12,20,22,27,42,59,62,63,67,68,69,71,78,80,82,90,92,98"
746,18:06,6,6,일산,18,"8,23,33,34,36,41,56,57,60,70,74,84,85,96,100,103,105,117"
746,18:06,7,7,판교,8,"16,31,39,66,81,83,102,104"
746,18:06,8,8,동탄/용인,3,"37,79,88"
746,18:06,9,9,평택,3,"28,89,108"
747,18:07,1,1,서울역,7,"0,1,29,55,87,93,95"
747,18:07,2,2,수서,15,"25,35,38,40,43,45,46,50,51,52,54,58,65,91,94"
747,18:07,3,3,삼성,15,"32,44,61,64,76,86,97,106,110,111,113,114,115,116,118"
747,18:07,4,4,여의도,22,"13,14,17,18,19,24,26,30,47,48,49,53,72,73,75,77,99,101,107,109,112,119"
747,18:07,5,5,김포공항,25,"2,4,5,6,7,9,10,12,20,22,27,42,59,62,63,67,68,69,71,78,80,82,90,92,98"
747,18:07,6,6,일산,18,"8,23,33,34,36,41,56,57,60,70,74,84,85,96,100,103,105,117"
747,18:07,7,7,판교,8,"16,31,39,66,81,83,102,104"
747,18:07,8,8,동탄/용인,3,"37,79,88"
747,18:07,9,9,평택,3,"28,89,108"
748,18:08,1,1,서울역,7,"0,1,29,55,87,93,95"
748,18:08,2,2,수서,15,"25,35,38,40,43,45,46,50,51,52,54,58,65,91,94"
748,18:08,3,3,삼성,15,"32,44,61,64,76,86,97,106,110,111,113,114,115,116,118"
748,18:08,4,4,여의도,22,"13,14,17,18,19,24,26,30,47,48,49,53,72,73,75,77,99,101,107,109,112,119"
748,18:08,5,5,김포공항,25,"2,4,5,6,7,9,10,12,20,22,27,42,59,62,63,67,68,69,71,78,80,82,90,92,98"
748,18:08,6,6,일산,18,"8,23,33,34,36,41,56,57,60,70,74,84,85,96,100,103,105,117"
748,18:08,7,7,판교,8,"16,31,39,66,81,83,102,104"
748,18:08,8,8,동탄/용인,3,"37,79,88"
748,18:08,9,9,평택,3,"28,89,108"
749,18:09,1,1,서울역,7,"0,1,29,55,87,93,95"
749,18:09,2,2,수서,15,"25,35,38,40,43,45,46,50,51,52,54,58,65,91,94"
749,18:09,3,3,삼성,15,"32,44,61,64,76,86,97,106,110,111,113,114,115,116,118"
749,18:09,4,4,여의도,22,"13,14,17,18,19,24,26,30,47,48,49,53,72,73,75,77,99,101,107,109,112,119"
749,18:09,5,5,김포공항,25,"2,4,5,6,7,9,10,12,20,22,27,42,59,62,63,67,68,69,71,78,80,82,90,92,98"
749,18:09,6,6,일산,18,"8,23,33,34,36,41,56,57,60,70,74,84,85,96,100,103,105,117"
749,18:09,7,7,판교,8,"16,31,39,66,81,83,102,104"
749,18:09,8,8,동탄/용인,3,"37,79,88"
749,18:09,9,9,평택,3,"28,89,108"
750,18:10,1,1,서울역,7,"0,1,29,55,87,93,95"
750,18:10,2,2,수서,15,"25,35,38,40,43,45,46,50,51,52,54,58,65,91,94"
750,18:10,3,3,삼성,15,"32,44,61,64,76,86,97,106,110,111,113,114,115,116,118"
750,18:10,4,4,여의도,22,"13,14,17,18,19,24,26,30,47,48,49,53,72,73,75,77,99,101,107,109,112,119"
750,18:10,5,5,김포공항,25,"2,4,5,6,7,9,10,12,20,22,27,42,59,62,63,67,68,69,71,78,80,82,90,92,98"
750,18:10,6,6,일산,18,"8,23,33,34,36,41,56,57,60,70,74,84,85,96,100,103,105,117"
750,18:10,7,7,판교,8,"16,31,39,66,81,83,102,104"
750,18:10,8,8,동탄/용인,3,"37,79,88"
750,18:10,9,9,평택,3,"28,89,108"
751,18:11,1,1,서울역,7,"0,1,29,55,87,93,95"
751,18:11,2,2,수서,15,"25,35,38,40,43,45,46,50,51,52,54,58,65,91,94"
751,18:11,3,3,삼성,15,"32,44,61,64,76,86,97,106,110,111,113,114,115,116,118"
751,18:11,4,4,여의도,22,"13,14,17,18,19,24,26,30,47,48,49,53,72,73,75,77,99,101,107,109,112,119"
751,18:11,5,5,김포공항,25,"2,4,5,6,7,9,10,12,20,22,27,42,59,62,63,67,68,69,71,78,80,82,90,92,98"
751,18:11,6,6,일산,18,"8,23,33,34,36,41,56,57,60,70,74,84,85,96,100,103,105,117"
751,18:11,7,7,판교,8,"16,31,39,66,81,83,102,104"
751,18:11,8,8,동탄/용인,3,"37,79,88"
751,18:11,9,9,평택,3,"28,89,108"
752,18:12,1,1,서울역,7,"0,1,29,55,87,93,95"
752,18:12,2,2,수서,15,"25,35,38,40,43,45,46,50,51,52,54,58,65,91,94"
752,18:12,3,3,삼성,15,"32,44,61,64,76,86,97,106,110,111,113,114,115,116,118"
752,18:12,4,4,여의도,22,"13,14,17,18,19,24,26,30,47,48,49,53,72,73,75,77,99,101,107,109,112,119"
752,18:12,5,5,김포공항,25,"2,4,5,6,7,9,10,12,20,22,27,42,59,62,63,67,68,69,71,78,80,82,90,92,98"
752,18:12,6,6,일산,18,"8,23,33,34,36,41,56,57,60,70,74,84,85,96,100,103,105,117"
752,18:12,7,7,판교,8,"16,31,39,66,81,83,102,104"
752,18:12,8,8,동탄/용인,3,"37,79,88"
752,18:12,9,9,평택,3,"28,89,108"
753,18:13,1,1,서울역,7,"0,1,29,55,87,93,95"
753,18:13,2,2,수서,15,"25,35,38,40,43,45,46,50,51,52,54,58,65,91,94"
753,18:13,3,3,삼성,15,"32,44,61,64,76,86,97,106,110,111,113,114,115,116,118"
753,18:13,4,4,여의도,23,"3,13,14,17,18,19,24,26,30,47,48,49,53,72,73,75,77,99,101,107,109,112,119"
753,18:13,5,5,김포공항,25,"2,4,5,6,7,9,10,12,20,22,27,42,59,62,63,67,68,69,71,78,80,82,90,92,98"
753,18:13,6,6,일산,18,"8,23,33,34,36,41,56,57,60,70,74,84,85,96,100,103,105,117"
753,18:13,7,7,판교,8,"16,31,39,66,81,83,102,104"
753,18:13,8,8,동탄/용인,3,"37,79,88"
753,18:13,9,9,평택,3,"28,89,108"
754,18:14,1,1,서울역,7,"0,1,29,55,87,93,95"
754,18:14,2,2,수서,15,"25,35,38,40,43,45,46,50,51,52,54,58,65,91,94"
754,18:14,3,3,삼성,15,"32,44,61,64,76,86,97,106,110,111,113,114,115,116,118"
754,18:14,4,4,여의도,23,"3,13,14,17,18,19,24,26,30,47,48,49,53,72,73,75,77,99,101,107,109,112,119"
754,18:14,5,5,김포공항,25,"2,4,5,6,7,9,10,12,20,22,27,42,59,62,63,67,68,69,71,78,80,82,90,92,98"
754,18:14,6,6,일산,18,"8,23,33,34,36,41,56,57,60,70,74,84,85,96,100,103,105,117"
754,18:14,7,7,판교,8,"16,31,39,66,81,83,102,104"
754,18:14,8,8,동탄/용인,3,"37,79,88"
754,18:14,9,9,평택,3,"28,89,108"
755,18:15,1,1,서울역,7,"0,1,29,55,87,93,95"
755,18:15,2,2,수서,15,"25,35,38,40,43,45,46,50,51,52,54,58,65,91,94"
755,18:15,3,3,삼성,15,"32,44,61,64,76,86,97,106,110,111,113,114,115,116,118"
755,18:15,4,4,여의도,23,"3,13,14,17,18,19,24,26,30,47,48,49,53,72,73,75,77,99,101,107,109,112,119"
755,18:15,5,5,김포공항,25,"2,4,5,6,7,9,10,12,20,22,27,42,59,62,63,67,68,69,71,78,80,82,90,92,98"
755,18:15,6,6,일산,18,"8,23,33,34,36,41,56,57,60,70,74,84,85,96,100,103,105,117"
755,18:15,7,7,판교,8,"16,31,39,66,81,83,102,104"
755,18:15,8,8,동탄/용인,3,"37,79,88"
755,18:15,9,9,평택,3,"28,89,108"
756,18:16,1,1,서울역,7,"0,1,29,55,87,93,95"
756,18:16,2,2,수서,15,"25,35,38,40,43,45,46,50,51,52,54,58,65,91,94"
756,18:16,3,3,삼성,15,"32,44,61,64,76,86,97,106,110,111,113,114,115,116,118"
756,18:16,4,4,여의도,23,"3,13,14,17,18,19,24,26,30,47,48,49,53,72,73,75,77,99,101,107,109,112,119"
756,18:16,5,5,김포공항,25,"2,4,5,6,7,9,10,12,20,22,27,42,59,62,63,67,68,69,71,78,80,82,90,92,98"
756,18:16,6,6,일산,18,"8,23,33,34,36,41,56,57,60,70,74,84,85,96,100,103,105,117"
756,18:16,7,7,판교,8,"16,31,39,66,81,83,102,104"
756,18:16,8,8,동탄/용인,3,"37,79,88"
756,18:16,9,9,평택,3,"28,89,108"
757,18:17,1,1,서울역,7,"0,1,29,55,87,93,95"
757,18:17,2,2,수서,16,"11,25,35,38,40,43,45,46,50,51,52,54,58,65,91,94"
757,18:17,3,3,삼성,15,"32,44,61,64,76,86,97,106,110,111,113,114,115,116,118"
757,18:17,4,4,여의도,23,"3,13,14,17,18,19,24,26,30,47,48,49,53,72,73,75,77,99,101,107,109,112,119"
757,18:17,5,5,김포공항,25,"2,4,5,6,7,9,10,12,20,22,27,42,59,62,63,67,68,69,71,78,80,82,90,92,98"
757,18:17,6,6,일산,18,"8,23,33,34,36,41,56,57,60,70,74,84,85,96,100,103,105,117"
757,18:17,7,7,판교,8,"16,31,39,66,81,83,102,104"
757,18:17,8,8,동탄/용인,3,"37,79,88"
757,18:17,9,9,평택,3,"28,89,108"
758,18:18,1,1,서울역,7,"0,1,29,55,87,93,95"
758,18:18,10,10,인천공항,2,"15,21"
758,18:18,2,2,수서,16,"11,25,35,38,40,43,45,46,50,51,52,54,58,65,91,94"
758,18:18,3,3,삼성,15,"32,44,61,64,76,86,97,106,110,111,113,114,115,116,118"
758,18:18,4,4,여의도,23,"3,13,14,17,18,19,24,26,30,47,48,49,53,72,73,75,77,99,101,107,109,112,119"
758,18:18,5,5,김포공항,25,"2,4,5,6,7,9,10,12,20,22,27,42,59,62,63,67,68,69,71,78,80,82,90,92,98"
758,18:18,6,6,일산,18,"8,23,33,34,36,41,56,57,60,70,74,84,85,96,100,103,105,117"
758,18:18,7,7,판교,8,"16,31,39,66,81,83,102,104"
758,18:18,8,8,동탄/용인,3,"37,79,88"
758,18:18,9,9,평택,3,"28,89,108"
759,18:19,1,1,서울역,7,"0,1,29,55,87,93,95"
759,18:19,10,10,인천공항,2,"15,21"
759,18:19,2,2,수서,16,"11,25,35,38,40,43,45,46,50,51,52,54,58,65,91,94"
759,18:19,3,3,삼성,15,"32,44,61,64,76,86,97,106,110,111,113,114,115,116,118"
759,18:19,4,4,여의도,23,"3,13,14,17,18,19,24,26,30,47,48,49,53,72,73,75,77,99,101,107,109,112,119"
759,18:19,5,5,김포공항,25,"2,4,5,6,7,9,10,12,20,22,27,42,59,62,63,67,68,69,71,78,80,82,90,92,98"
759,18:19,6,6,일산,18,"8,23,33,34,36,41,56,57,60,70,74,84,85,96,100,103,105,117"
759,18:19,7,7,판교,8,"16,31,39,66,81,83,102,104"
759,18:19,8,8,동탄/용인,3,"37,79,88"
759,18:19,9,9,평택,3,"28,89,108"
760,18:20,1,1,서울역,7,"0,1,29,55,87,93,95"
760,18:20,10,10,인천공항,2,"15,21"
760,18:20,2,2,수서,16,"11,25,35,38,40,43,45,46,50,51,52,54,58,65,91,94"
760,18:20,3,3,삼성,15,"32,44,61,64,76,86,97,106,110,111,113,114,115,116,118"
760,18:20,4,4,여의도,23,"3,13,14,17,18,19,24,26,30,47,48,49,53,72,73,75,77,99,101,107,109,112,119"
760,18:20,5,5,김포공항,25,"2,4,5,6,7,9,10,12,20,22,27,42,59,62,63,67,68,69,71,78,80,82,90,92,98"
760,18:20,6,6,일산,18,"8,23,33,34,36,41,56,57,60,70,74,84,85,96,100,103,105,117"
760,18:20,7,7,판교,8,"16,31,39,66,81,83,102,104"
760,18:20,8,8,동탄/용인,3,"37,79,88"
760,18:20,9,9,평택,3,"28,89,108"
761,18:21,1,1,서울역,7,"0,1,29,55,87,93,95"
761,18:21,2,2,수서,16,"11,25,35,38,40,43,45,46,50,51,52,54,58,65,91,94"
761,18:21,3,3,삼성,15,"32,44,61,64,76,86,97,106,110,111,113,114,115,116,118"
761,18:21,4,4,여의도,23,"3,13,14,17,18,19,24,26,30,47,48,49,53,72,73,75,77,99,101,107,109,112,119"
761,18:21,5,5,김포공항,25,"2,4,5,6,7,9,10,12,20,22,27,42,59,62,63,67,68,69,71,78,80,82,90,92,98"
761,18:21,6,6,일산,18,"8,23,33,34,36,41,56,57,60,70,74,84,85,96,100,103,105,117"
761,18:21,7,7,판교,8,"16,31,39,66,81,83,102,104"
761,18:21,8,8,동탄/용인,3,"37,79,88"
761,18:21,9,9,평택,3,"28,89,108"
762,18:22,1,1,서울역,7,"0,1,29,55,87,93,95"
762,18:22,2,2,수서,16,"11,25,35,38,40,43,45,46,50,51,52,54,58,65,91,94"
762,18:22,3,3,삼성,15,"32,44,61,64,76,86,97,106,110,111,113,114,115,116,118"
762,18:22,4,4,여의도,23,"3,13,14,17,18,19,24,26,30,47,48,49,53,72,73,75,77,99,101,107,109,112,119"
762,18:22,5,5,김포공항,25,"2,4,5,6,7,9,10,12,20,22,27,42,59,62,63,67,68,69,71,78,80,82,90,92,98"
762,18:22,6,6,일산,18,"8,23,33,34,36,41,56,57,60,70,74,84,85,96,100,103,105,117"
762,18:22,7,7,판교,8,"16,31,39,66,81,83,102,104"
762,18:22,8,8,동탄/용인,3,"37,79,88"
762,18:22,9,9,평택,3,"28,89,108"
763,18:23,1,1,서울역,7,"0,1,29,55,87,93,95"
763,18:23,2,2,수서,9,"11,35,46,50,54,58,65,91,94"
763,18:23,3,3,삼성,14,"32,44,61,64,76,86,106,110,111,113,114,115,116,118"
763,18:23,4,4,여의도,20,"3,13,14,17,19,24,26,30,47,48,49,53,72,77,99,101,107,109,112,119"
763,18:23,5,5,김포공항,25,"2,4,5,6,7,9,10,12,20,22,27,42,59,62,63,67,68,69,71,78,80,82,90,92,98"
763,18:23,6,6,일산,17,"8,23,34,36,41,56,57,60,70,74,84,85,96,100,103,105,117"
763,18:23,7,7,판교,7,"31,39,66,81,83,102,104"
763,18:23,8,8,동탄/용인,3,"37,79,88"
763,18:23,9,9,평택,3,"28,89,108"
764,18:24,1,1,서울역,7,"0,1,29,55,87,93,95"
764,18:24,2,2,수서,9,"11,35,46,50,54,58,65,91,94"
764,18:24,3,3,삼성,14,"32,44,61,64,76,86,106,110,111,113,114,115,116,118"
764,18:24,4,4,여의도,20,"3,13,14,17,19,24,26,30,47,48,49,53,72,77,99,101,107,109,112,119"
764,18:24,5,5,김포공항,25,"2,4,5,6,7,9,10,12,20,22,27,42,59,62,63,67,68,69,71,78,80,82,90,92,98"
764,18:24,6,6,일산,16,"23,34,36,41,56,57,60,70,74,84,85,96,100,103,105,117"
764,18:24,7,7,판교,7,"31,39,66,81,83,102,104"
764,18:24,8,8,동탄/용인,3,"37,79,88"
764,18:24,9,9,평택,2,"28,108"
765,18:25,1,1,서울역,7,"0,1,29,55,87,93,95"
765,18:25,2,2,수서,8,"11,35,50,54,58,65,91,94"
765,18:25,3,3,삼성,14,"32,44,61,64,76,86,106,110,111,113,114,115,116,118"
765,18:25,4,4,여의도,19,"3,13,14,17,24,26,30,47,48,49,53,72,77,99,101,107,109,112,119"
765,18:25,5,5,김포공항,25,"2,4,5,6,7,9,10,12,20,22,27,42,59,62,63,67,68,69,71,78,80,82,90,92,98"
765,18:25,6,6,일산,16,"23,34,36,41,56,57,60,70,74,84,85,96,100,103,105,117"
765,18:25,7,7,판교,6,"39,66,81,83,102,104"
765,18:25,8,8,동탄/용인,3,"37,79,88"
765,18:25,9,9,평택,2,"28,108"
766,18:26,1,1,서울역,7,"0,1,29,55,87,93,95"
766,18:26,2,2,수서,8,"11,35,50,54,58,65,91,94"
766,18:26,3,3,삼성,14,"32,44,61,64,76,86,106,110,111,113,114,115,116,118"
766,18:26,4,4,여의도,17,"3,13,14,17,24,26,30,47,48,49,53,72,99,101,109,112,119"
766,18:26,5,5,김포공항,25,"2,4,5,6,7,9,10,12,20,22,27,42,59,62,63,67,68,69,71,78,80,82,90,92,98"
766,18:26,6,6,일산,16,"23,34,36,41,56,57,60,70,74,84,85,96,100,103,105,117"
766,18:26,7,7,판교,6,"39,66,81,83,102,104"
766,18:26,8,8,동탄/용인,3,"37,79,88"
766,18:26,9,9,평택,2,"28,108"
767,18:27,1,1,서울역,7,"0,1,29,55,87,93,95"
767,18:27,2,2,수서,7,"11,35,54,58,65,91,94"
767,18:27,3,3,삼성,14,"32,44,61,64,76,86,106,110,111,113,114,115,116,118"
767,18:27,4,4,여의도,17,"3,13,14,17,24,26,30,47,48,49,53,72,99,101,109,112,119"
767,18:27,5,5,김포공항,25,"2,4,5,6,7,9,10,12,20,22,27,42,59,62,63,67,68,69,71,78,80,82,90,92,98"
767,18:27,6,6,일산,16,"23,34,36,41,56,57,60,70,74,84,85,96,100,103,105,117"
767,18:27,7,7,판교,6,"39,66,81,83,102,104"
767,18:27,8,8,동탄/용인,3,"37,79,88"
767,18:27,9,9,평택,2,"28,108"
768,18:28,1,1,서울역,7,"0,1,29,55,87,93,95"
768,18:28,2,2,수서,7,"11,35,54,58,65,91,94"
768,18:28,3,3,삼성,13,"32,44,61,64,86,106,110,111,113,114,115,116,118"
768,18:28,4,4,여의도,17,"3,13,14,17,24,26,30,47,48,49,53,72,99,101,109,112,119"
768,18:28,5,5,김포공항,25,"2,4,5,6,7,9,10,12,20,22,27,42,59,62,63,67,68,69,71,78,80,82,90,92,98"
768,18:28,6,6,일산,16,"23,34,36,41,56,57,60,70,74,84,85,96,100,103,105,117"
768,18:28,7,7,판교,6,"39,66,81,83,102,104"
768,18:28,8,8,동탄/용인,3,"37,79,88"
768,18:28,9,9,평택,2,"28,108"
769,18:29,1,1,서울역,7,"0,1,29,55,87,93,95"
769,18:29,2,2,수서,7,"11,35,54,58,65,91,94"
769,18:29,3,3,삼성,13,"32,44,61,64,86,106,110,111,113,114,115,116,118"
769,18:29,4,4,여의도,18,"3,13,14,17,24,26,30,38,47,48,49,53,72,99,101,109,112,119"
769,18:29,5,5,김포공항,25,"2,4,5,6,7,9,10,12,20,22,27,42,59,62,63,67,68,69,71,78,80,82,90,92,98"
769,18:29,6,6,일산,16,"23,34,36,41,56,57,60,70,74,84,85,96,100,103,105,117"
769,18:29,7,7,판교,5,"66,81,83,102,104"
769,18:29,8,8,동탄/용인,3,"37,79,88"
769,18:29,9,9,평택,2,"28,108"
770,18:30,1,1,서울역,8,"0,1,29,33,55,87,93,95"
770,18:30,2,2,수서,7,"11,35,54,58,65,91,94"
770,18:30,3,3,삼성,14,"18,32,61,64,73,75,106,110,111,113,114,115,116,118"
770,18:30,4,4,여의도,19,"3,13,14,16,17,24,26,30,38,47,48,49,53,72,99,101,109,112,119"
770,18:30,5,5,김포공항,25,"2,4,5,6,7,9,10,12,20,22,27,42,59,62,63,67,68,69,71,78,80,82,90,92,98"
770,18:30,6,6,일산,16,"23,34,36,41,56,57,60,70,74,84,85,96,100,103,105,117"
770,18:30,7,7,판교,5,"66,81,83,102,104"
770,18:30,8,8,동탄/용인,2,"37,88"
770,18:30,9,9,평택,2,"28,108"
771,18:31,1,1,서울역,8,"0,1,29,33,55,87,93,95"
771,18:31,2,2,수서,7,"11,35,54,58,65,91,94"
771,18:31,3,3,삼성,14,"18,32,61,64,73,75,106,110,111,113,114,115,116,118"
771,18:31,4,4,여의도,18,"3,13,14,16,17,26,30,38,47,48,49,53,72,99,101,109,112,119"
771,18:31,5,5,김포공항,32,"2,4,5,6,7,9,10,12,20,22,25,27,40,42,43,45,51,52,59,62,63,67,68,69,71,78,80,82,90,92,97,98"
771,18:31,6,6,일산,16,"23,34,36,41,56,57,60,70,74,84,85,96,100,103,105,117"
771,18:31,7,7,판교,5,"66,81,83,102,104"
771,18:31,8,8,동탄/용인,2,"37,88"
771,18:31,9,9,평택,2,"28,108"
772,18:32,1,1,서울역,9,"0,1,29,33,46,55,87,93,95"
772,18:32,2,2,수서,8,"11,35,54,58,65,77,91,94"
772,18:32,3,3,삼성,16,"18,19,31,32,61,64,73,75,106,110,111,113,114,115,116,118"
772,18:32,4,4,여의도,16,"3,13,14,16,17,30,38,47,48,49,53,72,101,109,112,119"
772,18:32,5,5,김포공항,32,"2,4,5,6,7,9,10,12,20,22,25,27,40,42,43,45,51,52,59,62,63,67,68,69,71,78,80,82,90,92,97,98"
772,18:32,6,6,일산,17,"15,23,34,36,41,56,57,60,70,74,84,85,96,100,103,105,117"
772,18:32,7,7,판교,5,"66,81,83,102,104"
772,18:32,8,8,동탄/용인,2,"37,88"
772,18:32,9,9,평택,2,"28,108"
773,18:33,1,1,서울역,8,"0,1,29,33,46,87,93,95"
773,18:33,2,2,수서,8,"11,35,44,58,65,77,91,94"
773,18:33,3,3,삼성,16,"18,19,31,32,61,64,73,75,106,110,111,113,114,115,116,118"
773,18:33,4,4,여의도,15,"3,13,14,16,17,30,38,47,48,49,53,72,109,112,119"
773,18:33,5,5,김포공항,32,"2,4,5,6,7,9,10,12,20,22,25,27,40,42,43,45,51,52,59,62,63,67,68,69,71,78,80,82,90,92,97,98"
773,18:33,6,6,일산,18,"15,23,34,36,41,56,57,60,70,74,84,85,96,100,103,105,107,117"
773,18:33,7,7,판교,5,"66,81,83,102,104"
773,18:33,8,8,동탄/용인,2,"37,88"
773,18:33,9,9,평택,2,"28,108"
774,18:34,1,1,서울역,9,"0,1,29,33,46,50,87,93,95"
774,18:34,2,2,수서,8,"11,35,44,58,65,77,91,94"
774,18:34,3,3,삼성,16,"18,19,31,32,61,64,73,75,106,110,111,113,114,115,116,118"
774,18:34,4,4,여의도,14,"3,13,14,16,17,30,38,47,48,49,53,109,112,119"
774,18:34,5,5,김포공항,31,"2,4,5,6,7,9,10,12,20,22,25,27,40,42,43,45,52,59,62,63,67,68,69,71,78,80,82,90,92,97,98"
774,18:34,6,6,일산,18,"15,23,34,36,41,56,57,60,70,74,84,85,96,100,103,105,107,117"
774,18:34,7,7,판교,5,"66,81,83,102,104"
774,18:34,8,8,동탄/용인,2,"37,88"
774,18:34,9,9,평택,2,"28,108"
775,18:35,1,1,서울역,9,"0,1,29,33,46,50,87,93,95"
775,18:35,2,2,수서,8,"11,35,44,58,65,77,91,94"
775,18:35,3,3,삼성,16,"18,19,31,32,61,64,73,75,106,110,111,113,114,115,116,118"
775,18:35,4,4,여의도,15,"3,13,14,16,17,30,38,47,48,49,53,76,109,112,119"
775,18:35,5,5,김포공항,31,"2,4,5,6,7,9,10,12,20,22,25,27,40,42,43,45,52,59,62,63,67,68,69,71,78,80,82,90,92,97,98"
775,18:35,6,6,일산,18,"15,23,34,36,41,56,57,60,70,74,84,85,96,100,103,105,107,117"
775,18:35,7,7,판교,5,"66,81,83,102,104"
775,18:35,8,8,동탄/용인,2,"37,88"
775,18:35,9,9,평택,2,"28,108"
776,18:36,1,1,서울역,8,"0,1,29,46,50,87,93,95"
776,18:36,2,2,수서,7,"11,35,58,65,77,91,94"
776,18:36,3,3,삼성,17,"18,19,31,32,39,61,64,73,75,106,110,111,113,114,115,116,118"
776,18:36,4,4,여의도,14,"3,13,16,17,30,38,47,48,49,53,76,109,112,119"
776,18:36,5,5,김포공항,31,"2,4,5,6,7,9,10,12,20,22,25,27,40,42,43,45,52,59,62,63,67,68,69,71,78,80,82,90,92,97,98"
776,18:36,6,6,일산,17,"15,34,36,41,56,57,60,70,74,84,85,96,100,103,105,107,117"
776,18:36,7,7,판교,5,"66,81,83,102,104"
776,18:36,8,8,동탄/용인,2,"37,88"
776,18:36,9,9,평택,2,"28,108"
777,18:37,1,1,서울역,8,"0,1,29,46,50,87,93,95"
777,18:37,2,2,수서,8,"11,21,35,58,65,77,91,94"
777,18:37,3,3,삼성,17,"18,19,31,32,39,61,64,73,75,106,110,111,113,114,115,116,118"
777,18:37,4,4,여의도,14,"3,13,16,17,38,47,48,49,53,76,86,109,112,119"
777,18:37,5,5,김포공항,31,"2,4,5,6,7,9,10,12,20,22,25,27,40,42,43,45,52,59,62,63,67,68,69,71,78,80,82,90,92,97,98"
777,18:37,6,6,일산,17,"15,34,36,41,56,57,60,70,74,84,85,96,100,103,105,107,117"
777,18:37,7,7,판교,5,"66,81,83,102,104"
777,18:37,8,8,동탄/용인,2,"37,88"
777,18:37,9,9,평택,2,"28,108"
778,18:38,1,1,서울역,8,"0,1,29,50,72,87,93,95"
778,18:38,2,2,수서,8,"11,21,35,58,65,91,94,99"
778,18:38,3,3,삼성,18,"18,19,24,31,32,39,61,64,73,75,106,110,111,113,114,115,116,118"
778,18:38,4,4,여의도,14,"3,13,16,17,38,47,48,49,53,76,86,109,112,119"
778,18:38,5,5,김포공항,31,"2,4,5,6,7,9,10,12,20,22,25,27,40,42,43,45,52,59,62,63,67,68,69,71,78,80,82,90,92,97,98"
778,18:38,6,6,일산,17,"15,34,36,41,56,57,60,70,74,84,85,96,100,103,105,107,117"
778,18:38,7,7,판교,5,"66,81,83,102,104"
778,18:38,8,8,동탄/용인,2,"37,88"
778,18:38,9,9,평택,2,"28,108"
779,18:39,1,1,서울역,8,"0,1,29,50,72,87,93,95"
779,18:39,2,2,수서,9,"11,21,35,58,65,91,94,99,101"
779,18:39,3,3,삼성,20,"18,19,24,26,31,32,39,55,61,64,73,75,106,110,111,113,114,115,116,118"
779,18:39,4,4,여의도,15,"3,13,16,17,38,47,48,49,53,76,86,89,109,112,119"
779,18:39,5,5,김포공항,31,"2,4,5,6,7,9,10,12,20,22,25,27,40,42,43,45,52,59,62,63,67,68,69,71,78,80,82,90,92,97,98"
779,18:39,6,6,일산,17,"15,34,36,41,56,57,60,70,74,84,85,96,100,103,105,107,117"
779,18:39,7,7,판교,5,"66,81,83,102,104"
779,18:39,8,8,동탄/용인,2,"37,88"
779,18:39,9,9,평택,2,"28,108"
780,18:40,1,1,서울역,7,"0,29,50,72,87,93,95"
780,18:40,2,2,수서,9,"11,21,35,58,65,91,94,99,101"
780,18:40,3,3,삼성,10,"18,19,24,26,31,55,106,111,113,118"
780,18:40,4,4,여의도,15,"3,13,16,17,38,47,48,49,53,76,86,89,109,112,119"
780,18:40,5,5,김포공항,19,"2,4,7,20,22,25,27,40,42,43,45,52,59,63,69,80,82,90,92"
780,18:40,6,6,일산,11,"15,34,36,84,85,96,100,103,105,107,117"
780,18:40,7,7,판교,5,"66,81,83,102,104"
780,18:40,8,8,동탄/용인,2,"37,88"
780,18:40,9,9,평택,2,"28,108"
781,18:41,1,1,서울역,6,"0,29,50,87,93,95"
781,18:41,2,2,수서,9,"11,21,35,58,65,91,94,99,101"
781,18:41,3,3,삼성,9,"18,19,26,31,55,106,111,113,118"
781,18:41,4,4,여의도,14,"3,13,16,17,38,47,49,53,76,86,89,109,112,119"
781,18:41,5,5,김포공항,18,"2,4,20,22,25,27,40,42,43,45,52,54,59,63,80,82,90,92"
781,18:41,6,6,일산,10,"15,36,84,85,96,100,103,105,107,117"
781,18:41,7,7,판교,5,"66,81,83,102,104"
781,18:41,8,8,동탄/용인,2,"37,88"
781,18:41,9,9,평택,2,"28,108"
782,18:42,1,1,서울역,5,"0,50,87,93,95"
782,18:42,2,2,수서,9,"11,21,35,51,65,91,94,99,101"
782,18:42,3,3,삼성,9,"18,19,26,31,33,106,111,113,118"
782,18:42,4,4,여의도,14,"3,13,16,17,38,47,49,53,76,86,89,109,112,119"
782,18:42,5,5,김포공항,17,"2,4,20,22,25,27,40,42,43,45,52,54,63,80,82,90,92"
782,18:42,6,6,일산,9,"15,84,85,96,100,103,105,107,117"
782,18:42,7,7,판교,5,"66,81,83,102,104"
782,18:42,8,8,동탄/용인,2,"37,88"
782,18:42,9,9,평택,2,"28,108"
783,18:43,1,1,서울역,4,"0,87,93,95"
783,18:43,2,2,수서,13,"11,21,30,39,51,64,65,75,91,94,99,101,110"
783,18:43,3,3,삼성,5,"14,26,31,33,111"
783,18:43,4,4,여의도,10,"3,13,16,17,38,47,53,76,89,119"
783,18:43,5,5,김포공항,15,"2,4,22,25,27,40,42,43,45,52,54,63,80,90,92"
783,18:43,6,6,일산,9,"15,84,85,96,100,103,105,107,117"
783,18:43,7,7,판교,3,"66,102,104"
783,18:43,8,8,동탄/용인,2,"37,88"
783,18:43,9,9,평택,2,"28,108"
784,18:44,1,1,서울역,4,"0,87,93,95"
784,18:44,2,2,수서,14,"11,21,24,30,39,51,64,65,75,91,94,99,101,110"
784,18:44,3,3,삼성,5,"14,26,31,33,111"
784,18:44,4,4,여의도,10,"3,13,16,17,38,47,53,76,77,89"
784,18:44,5,5,김포공항,13,"2,4,22,25,27,40,42,43,44,45,52,63,92"
784,18:44,6,6,일산,8,"15,85,96,100,103,105,107,117"
784,18:44,7,7,판교,2,"66,104"
784,18:44,8,8,동탄/용인,2,"37,88"
784,18:44,9,9,평택,3,"8,28,108"
785,18:45,1,1,서울역,3,"0,93,95"
785,18:45,2,2,수서,14,"11,21,24,30,39,51,64,65,75,91,94,99,101,110"
785,18:45,3,3,삼성,3,"14,33,111"
785,18:45,4,4,여의도,9,"3,13,16,17,38,47,53,76,77"
785,18:45,5,5,김포공항,12,"2,4,22,25,27,40,42,43,44,45,52,63"
785,18:45,6,6,일산,8,"15,85,96,100,103,105,107,117"
785,18:45,7,7,판교,3,"46,66,104"
785,18:45,8,8,동탄/용인,2,"37,88"
785,18:45,9,9,평택,3,"8,28,108"
786,18:46,1,1,서울역,8,"0,61,73,93,95,114,115,116"
786,18:46,2,2,수서,12,"11,21,24,30,51,65,91,94,99,101,106,118"
786,18:46,3,3,삼성,3,"1,33,111"
786,18:46,4,4,여의도,15,"3,5,6,9,10,12,13,16,17,38,47,53,62,76,77"
786,18:46,5,5,김포공항,12,"2,4,22,25,27,40,42,43,44,45,52,63"
786,18:46,6,6,일산,8,"15,85,96,100,103,105,107,117"
786,18:46,7,7,판교,2,"46,66"
786,18:46,8,8,동탄/용인,2,"37,88"
786,18:46,9,9,평택,3,"8,28,108"
787,18:47,1,1,서울역,13,"0,41,56,57,60,61,70,73,74,95,114,115,116"
787,18:47,2,2,수서,11,"11,21,30,51,65,91,94,99,101,106,118"
787,18:47,3,3,삼성,3,"1,33,111"
787,18:47,4,4,여의도,16,"3,5,6,7,9,10,12,13,16,17,32,47,53,62,69,77"
787,18:47,5,5,김포공항,11,"4,22,25,27,40,42,43,44,45,52,63"
787,18:47,6,6,일산,9,"15,79,85,96,100,103,105,107,117"
787,18:47,7,7,판교,2,"46,66"
787,18:47,8,8,동탄/용인,2,"37,88"
787,18:47,9,9,평택,3,"8,28,108"
788,18:48,1,1,서울역,15,"0,34,41,55,56,57,60,61,70,73,74,95,114,115,116"
788,18:48,2,2,수서,12,"11,21,30,51,67,68,91,94,99,101,106,118"
788,18:48,3,3,삼성,4,"1,29,33,48"
788,18:48,4,4,여의도,18,"3,5,6,7,9,10,12,13,16,17,32,47,53,58,59,62,69,77"
788,18:48,5,5,김포공항,10,"4,25,27,40,42,43,44,45,52,63"
788,18:48,6,6,일산,9,"15,79,85,96,100,103,105,107,117"
788,18:48,7,7,판교,2,"46,66"
788,18:48,8,8,동탄/용인,2,"37,88"
788,18:48,9,9,평택,3,"8,28,108"
789,18:49,1,1,서울역,11,"0,34,36,41,55,56,57,60,70,74,95"
789,18:49,2,2,수서,11,"11,14,21,49,51,67,68,91,94,99,101"
789,18:49,3,3,삼성,5,"1,29,33,48,50"
789,18:49,4,4,여의도,13,"3,7,16,17,20,32,35,47,53,58,59,69,77"
789,18:49,5,5,김포공항,9,"4,27,40,42,43,44,45,52,63"
789,18:49,6,6,일산,7,"15,79,85,100,103,105,117"
789,18:49,7,7,판교,2,"46,66"
789,18:49,8,8,동탄/용인,2,"37,88"
789,18:49,9,9,평택,3,"8,28,108"
790,18:50,1,1,서울역,5,"0,34,36,55,95"
790,18:50,2,2,수서,10,"11,14,21,49,51,67,68,91,99,101"
790,18:50,3,3,삼성,9,"1,29,33,48,50,81,83,86,112"
790,18:50,4,4,여의도,11,"3,17,18,20,32,35,47,53,58,59,77"
790,18:50,5,5,김포공항,7,"4,40,42,43,44,45,52"
790,18:50,6,6,일산,6,"15,82,85,103,105,117"
790,18:50,7,7,판교,5,"46,66,71,78,109"
790,18:50,8,8,동탄/용인,2,"37,88"
790,18:50,9,9,평택,2,"28,108"
791,18:51,1,1,서울역,5,"0,36,76,84,95"
791,18:51,2,2,수서,9,"11,14,21,49,51,91,99,101,111"
791,18:51,3,3,삼성,12,"1,29,33,48,50,81,83,86,87,102,112,119"
791,18:51,4,4,여의도,9,"3,17,18,20,32,35,47,53,77"
791,18:51,5,5,김포공항,8,"4,19,40,42,43,44,45,52"
791,18:51,6,6,일산,7,"15,82,85,90,103,105,117"
791,18:51,7,7,판교,4,"66,71,78,109"
791,18:51,8,8,동탄/용인,2,"37,88"
791,18:51,9,9,평택,2,"28,108"
792,18:52,1,1,서울역,4,"0,76,84,95"
792,18:52,2,2,수서,7,"11,21,49,51,54,91,111"
792,18:52,3,3,삼성,12,"29,33,48,50,81,83,86,87,89,102,112,119"
792,18:52,4,4,여의도,8,"3,18,32,35,47,53,64,77"
792,18:52,5,5,김포공항,8,"4,19,40,42,43,44,45,52"
792,18:52,6,6,일산,7,"15,82,85,90,92,103,105"
792,18:52,7,7,판교,4,"66,71,78,109"
792,18:52,8,8,동탄/용인,2,"37,88"
792,18:52,9,9,평택,2,"28,108"
793,18:53,1,1,서울역,5,"0,39,75,76,84"
793,18:53,2,2,수서,8,"11,21,38,49,51,54,91,111"
793,18:53,3,3,삼성,12,"29,33,48,50,81,83,87,89,93,102,104,119"
793,18:53,4,4,여의도,8,"3,18,24,32,35,47,64,77"
793,18:53,5,5,김포공항,10,"4,19,26,31,40,42,43,44,45,52"
793,18:53,6,6,일산,7,"15,85,90,92,103,105,113"
793,18:53,7,7,판교,2,"66,109"
793,18:53,8,8,동탄/용인,2,"37,72"
793,18:53,9,9,평택,2,"28,108"
794,18:54,1,1,서울역,3,"0,39,75"
794,18:54,2,2,수서,7,"11,21,38,49,51,54,91"
794,18:54,3,3,삼성,8,"48,50,81,83,89,93,102,104"
794,18:54,4,4,여의도,8,"3,18,22,24,35,47,64,77"
794,18:54,5,5,김포공항,10,"4,26,31,40,42,43,44,45,52,110"
794,18:54,6,6,일산,6,"15,85,92,103,105,113"
794,18:54,7,7,판교,2,"66,109"
794,18:54,8,8,동탄/용인,2,"37,72"
794,18:54,9,9,평택,2,"28,108"
795,18:55,1,1,서울역,5,"0,39,58,65,75"
795,18:55,2,2,수서,8,"2,5,11,21,38,49,51,91"
795,18:55,3,3,삼성,9,"48,50,61,73,81,83,93,102,104"
795,18:55,4,4,여의도,8,"3,18,22,24,25,47,64,77"
795,18:55,5,5,김포공항,10,"4,26,31,40,42,43,44,45,52,110"
795,18:55,6,6,일산,5,"15,85,103,105,113"
795,18:55,7,7,판교,2,"66,109"
795,18:55,8,8,동탄/용인,2,"37,72"
795,18:55,9,9,평택,2,"28,108"
796,18:56,1,1,서울역,8,"0,39,58,65,75,96,106,107"
796,18:56,2,2,수서,11,"2,5,11,16,21,38,49,51,86,91,112"
796,18:56,3,3,삼성,11,"6,13,48,50,61,73,81,83,93,102,104"
796,18:56,4,4,여의도,8,"3,22,24,25,27,63,64,77"
796,18:56,5,5,김포공항,9,"4,26,40,42,43,44,45,52,110"
796,18:56,6,6,일산,7,"15,85,103,105,114,115,116"
796,18:56,7,7,판교,5,"9,10,12,66,109"
796,18:56,8,8,동탄/용인,2,"37,72"
796,18:56,9,9,평택,3,"23,28,108"
797,18:57,1,1,서울역,11,"0,39,58,65,75,79,94,96,100,106,107"
797,18:57,2,2,수서,14,"2,5,11,16,21,38,49,51,56,57,60,86,91,112"
797,18:57,3,3,삼성,14,"6,7,13,34,48,50,55,61,73,81,83,93,102,104"
797,18:57,4,4,여의도,7,"3,24,25,27,63,64,77"
797,18:57,5,5,김포공항,9,"4,26,30,40,42,43,44,45,118"
797,18:57,6,6,일산,7,"15,85,103,105,114,115,116"
797,18:57,7,7,판교,7,"9,10,12,66,70,74,109"
797,18:57,8,8,동탄/용인,2,"37,72"
797,18:57,9,9,평택,5,"23,28,97,98,108"
798,18:58,1,1,서울역,10,"0,39,65,75,79,94,96,100,106,107"
798,18:58,2,2,수서,14,"2,5,11,16,21,38,49,51,56,57,60,86,91,112"
798,18:58,3,3,삼성,15,"6,7,13,34,36,48,50,55,61,73,81,83,93,102,104"
798,18:58,4,4,여의도,6,"3,24,27,46,63,77"
798,18:58,5,5,김포공항,10,"4,26,30,40,41,42,43,44,45,118"
798,18:58,6,6,일산,7,"15,85,103,105,114,115,116"
798,18:58,7,7,판교,6,"9,10,12,66,70,74"
798,18:58,8,8,동탄/용인,3,"37,72,80"
798,18:58,9,9,평택,5,"23,28,97,98,108"
799,18:59,1,1,서울역,10,"0,39,65,75,79,94,99,100,106,117"
799,18:59,2,2,수서,11,"2,5,11,16,21,49,51,56,57,60,91"
799,18:59,3,3,삼성,16,"6,7,13,17,34,36,48,50,55,61,73,81,83,93,102,104"
799,18:59,4,4,여의도,4,"1,3,46,77"
799,18:59,5,5,김포공항,10,"4,26,30,40,41,42,43,44,45,118"
799,18:59,6,6,일산,5,"15,85,103,105,115"
799,18:59,7,7,판교,7,"9,10,12,20,66,70,74"
799,18:59,8,8,동탄/용인,3,"37,72,80"
799,18:59,9,9,평택,4,"28,97,98,108"
800,19:00,1,1,서울역,7,"0,65,75,94,99,106,117"
800,19:00,2,2,수서,9,"2,11,16,21,49,51,56,60,91"
800,19:00,3,3,삼성,7,"13,17,36,73,83,93,104"
800,19:00,4,4,여의도,4,"1,3,46,111"
800,19:00,5,5,김포공항,5,"4,14,41,44,101"
800,19:00,6,6,일산,4,"15,85,105,115"
800,19:00,7,7,판교,6,"9,10,12,20,66,95"
800,19:00,8,8,동탄/용인,4,"37,62,72,80"
800,19:00,9,9,평택,2,"28,108"
801,19:01,1,1,서울역,5,"0,94,99,106,117"
801,19:01,2,2,수서,10,"11,16,21,35,49,51,56,60,76,91"
801,19:01,3,3,삼성,7,"13,17,32,73,83,93,104"
801,19:01,4,4,여의도,5,"1,3,33,46,111"
801,19:01,5,5,김포공항,4,"4,14,44,101"
801,19:01,6,6,일산,4,"15,85,105,115"
801,19:01,7,7,판교,6,"9,10,12,20,66,95"
801,19:01,8,8,동탄/용인,3,"37,62,72"
801,19:01,9,9,평택,2,"28,108"
802,19:02,1,1,서울역,4,"0,94,99,106"
802,19:02,2,2,수서,10,"11,18,21,35,49,51,56,60,76,91"
802,19:02,3,3,삼성,5,"13,32,73,93,104"
802,19:02,4,4,여의도,5,"1,3,33,46,111"
802,19:02,5,5,김포공항,6,"4,14,29,44,84,101"
802,19:02,6,6,일산,6,"15,67,68,85,105,115"
802,19:02,7,7,판교,2,"66,95"
802,19:02,8,8,동탄/용인,4,"37,59,62,72"
802,19:02,9,9,평택,2,"28,108"
803,19:03,1,1,서울역,2,"0,99"
803,19:03,2,2,수서,11,"11,18,21,22,34,35,49,51,56,76,91"
803,19:03,3,3,삼성,6,"13,32,47,73,93,104"
803,19:03,4,4,여의도,6,"1,3,33,46,111,113"
803,19:03,5,5,김포공항,6,"4,14,29,44,54,84"
803,19:03,6,6,일산,6,"15,67,68,85,105,115"
803,19:03,7,7,판교,1,66
803,19:03,8,8,동탄/용인,2,"37,59"
803,19:03,9,9,평택,2,"28,108"
804,19:04,1,1,서울역,2,"0,99"
804,19:04,10,10,인천공항,1,19
804,19:04,2,2,수서,12,"11,18,21,22,31,34,35,49,51,56,64,91"
804,19:04,3,3,삼성,6,"13,32,47,58,73,104"
804,19:04,4,4,여의도,5,"1,3,33,111,113"
804,19:04,5,5,김포공항,6,"4,14,29,44,54,84"
804,19:04,6,6,일산,6,"15,67,68,85,105,115"
804,19:04,7,7,판교,1,66
804,19:04,8,8,동탄/용인,4,"37,53,59,87"
804,19:04,9,9,평택,2,"28,108"
805,19:05,1,1,서울역,3,"0,99,110"
805,19:05,10,10,인천공항,1,19
805,19:05,2,2,수서,12,"11,21,22,24,31,34,35,51,56,64,83,91"
805,19:05,3,3,삼성,6,"25,32,47,58,73,104"
805,19:05,4,4,여의도,6,"3,8,33,109,111,113"
805,19:05,5,5,김포공항,5,"4,14,44,54,84"
805,19:05,6,6,일산,6,"15,71,78,85,105,115"
805,19:05,7,7,판교,1,66
805,19:05,8,8,동탄/용인,3,"37,53,87"
805,19:05,9,9,평택,3,"28,69,108"
806,19:06,1,1,서울역,11,"0,6,7,50,55,61,81,99,102,110,112"
806,19:06,10,10,인천공항,1,19
806,19:06,2,2,수서,10,"11,21,24,31,35,51,56,64,83,91"
806,19:06,3,3,삼성,6,"25,27,32,39,58,73"
806,19:06,4,4,여의도,12,"3,5,8,26,30,33,40,42,43,45,109,113"
806,19:06,5,5,김포공항,6,"4,14,44,54,84,114"
806,19:06,6,6,일산,6,"15,71,78,85,105,115"
806,19:06,7,7,판교,1,66
806,19:06,8,8,동탄/용인,3,"37,53,87"
806,19:06,9,9,평택,3,"28,69,108"
807,19:07,1,1,서울역,12,"0,6,7,36,50,55,61,70,81,102,110,112"
807,19:07,10,10,인천공항,1,19
807,19:07,2,2,수서,9,"11,21,24,31,51,79,83,91,93"
807,19:07,3,3,삼성,6,"25,27,32,39,65,75"
807,19:07,4,4,여의도,13,"3,5,8,26,30,40,42,43,45,48,103,109,113"
807,19:07,5,5,김포공항,9,"4,14,38,44,54,84,86,96,114"
807,19:07,6,6,일산,6,"15,71,78,85,105,115"
807,19:07,7,7,판교,1,66
807,19:07,8,8,동탄/용인,2,"37,87"
807,19:07,9,9,평택,3,"28,69,108"
808,19:08,1,1,서울역,12,"0,6,7,36,50,55,61,70,81,102,110,112"
808,19:08,10,10,인천공항,1,19
808,19:08,2,2,수서,7,"11,21,31,51,79,91,93"
808,19:08,3,3,삼성,5,"27,32,39,65,75"
808,19:08,4,4,여의도,13,"3,5,8,16,26,30,40,42,43,45,48,103,113"
808,19:08,5,5,김포공항,10,"4,14,38,44,54,84,86,96,100,114"
808,19:08,6,6,일산,4,"15,85,105,115"
808,19:08,7,7,판교,1,66
808,19:08,8,8,동탄/용인,2,"37,87"
808,19:08,9,9,평택,2,"28,108"
809,19:09,1,1,서울역,5,"0,20,36,70,110"
809,19:09,10,10,인천공항,2,"19,119"
809,19:09,2,2,수서,8,"11,21,31,41,51,79,91,93"
809,19:09,3,3,삼성,4,"22,32,65,75"
809,19:09,4,4,여의도,6,"3,8,16,48,103,113"
809,19:09,5,5,김포공항,11,"2,4,14,38,44,54,84,86,96,100,114"
809,19:09,6,6,일산,4,"15,85,105,115"
809,19:09,7,7,판교,1,66
809,19:09,8,8,동탄/용인,2,"37,87"
809,19:09,9,9,평택,2,"28,108"
810,19:10,1,1,서울역,3,"0,20,110"
810,19:10,10,10,인천공항,3,"19,89,119"
810,19:10,2,2,수서,6,"11,21,31,41,51,91"
810,19:10,3,3,삼성,2,"22,32"
810,19:10,4,4,여의도,4,"3,8,16,113"
810,19:10,5,5,김포공항,9,"2,4,14,44,54,74,84,100,114"
810,19:10,6,6,일산,5,"15,85,88,105,115"
810,19:10,7,7,판교,3,"66,76,106"
810,19:10,8,8,동탄/용인,4,"37,57,63,87"
810,19:10,9,9,평택,2,"28,108"
811,19:11,1,1,서울역,3,"0,20,110"
811,19:11,10,10,인천공항,3,"19,89,119"
811,19:11,2,2,수서,7,"11,21,31,41,51,91,101"
811,19:11,3,3,삼성,2,"22,32"
811,19:11,4,4,여의도,3,"3,8,113"
811,19:11,5,5,김포공항,9,"2,4,14,44,54,74,84,94,114"
811,19:11,6,6,일산,5,"15,85,88,105,115"
811,19:11,7,7,판교,5,"46,66,76,106,116"
811,19:11,8,8,동탄/용인,7,"37,52,57,63,77,87,107"
811,19:11,9,9,평택,2,"28,108"
812,19:12,1,1,서울역,3,"0,20,110"
812,19:12,10,10,인천공항,3,"19,89,119"
812,19:12,2,2,수서,7,"11,21,31,41,51,91,101"
812,19:12,3,3,삼성,2,"22,32"
812,19:12,4,4,여의도,4,"3,8,13,113"
812,19:12,5,5,김포공항,8,"4,14,44,54,74,84,94,114"
812,19:12,6,6,일산,6,"1,15,85,88,105,115"
812,19:12,7,7,판교,5,"46,66,76,106,116"
812,19:12,8,8,동탄/용인,8,"17,37,52,57,63,77,87,107"
812,19:12,9,9,평택,2,"28,108"
813,19:13,1,1,서울역,4,"0,20,80,110"
813,19:13,10,10,인천공항,3,"19,89,119"
813,19:13,2,2,수서,7,"11,21,31,41,51,91,101"
813,19:13,3,3,삼성,3,"22,32,62"
813,19:13,4,4,여의도,4,"3,8,13,113"
813,19:13,5,5,김포공항,9,"4,14,44,49,54,74,84,94,114"
813,19:13,6,6,일산,5,"1,15,85,105,115"
813,19:13,7,7,판교,6,"46,66,76,106,111,116"
813,19:13,8,8,동탄/용인,7,"17,37,52,57,77,87,107"
813,19:13,9,9,평택,3,"28,82,108"
814,19:14,1,1,서울역,4,"0,20,80,110"
814,19:14,10,10,인천공항,3,"19,89,119"
814,19:14,2,2,수서,7,"11,21,31,41,51,91,101"
814,19:14,3,3,삼성,3,"22,32,62"
814,19:14,4,4,여의도,7,"3,8,13,23,73,83,113"
814,19:14,5,5,김포공항,11,"4,14,34,44,49,54,74,84,94,104,114"
814,19:14,6,6,일산,11,"1,9,10,12,15,33,60,85,99,105,115"
814,19:14,7,7,판교,6,"46,66,76,106,111,116"
814,19:14,8,8,동탄/용인,7,"17,37,57,77,87,107,117"
814,19:14,9,9,평택,4,"28,82,90,108"
815,19:15,1,1,서울역,5,"0,20,72,80,110"
815,19:15,10,10,인천공항,4,"19,29,89,119"
815,19:15,2,2,수서,7,"11,21,31,41,51,91,101"
815,19:15,3,3,삼성,7,"22,32,50,62,81,102,112"
815,19:15,4,4,여의도,9,"3,8,13,23,73,83,97,98,113"
815,19:15,5,5,김포공항,14,"4,14,34,35,44,49,54,56,64,74,84,94,104,114"
815,19:15,6,6,일산,11,"9,10,12,15,33,60,85,95,99,105,115"
815,19:15,7,7,판교,6,"46,66,76,106,111,116"
815,19:15,8,8,동탄/용인,7,"17,37,57,77,87,107,117"
815,19:15,9,9,평택,5,"28,82,90,92,108"
816,19:16,1,1,서울역,5,"0,20,72,80,110"
816,19:16,10,10,인천공항,4,"19,29,89,119"
816,19:16,2,2,수서,9,"11,21,31,41,51,61,91,101,103"
816,19:16,3,3,삼성,10,"22,32,36,42,50,62,70,81,102,112"
816,19:16,4,4,여의도,10,"3,8,13,23,73,83,93,97,98,113"
816,19:16,5,5,김포공항,14,"4,14,24,34,35,44,54,56,64,74,84,94,104,114"
816,19:16,6,6,일산,17,"5,9,10,12,15,30,33,40,43,45,55,60,85,95,99,105,115"
816,19:16,7,7,판교,8,"6,7,26,46,66,76,106,116"
816,19:16,8,8,동탄/용인,8,"17,37,47,57,77,87,107,117"
816,19:16,9,9,평택,4,"28,90,92,108"
817,19:17,1,1,서울역,5,"0,20,72,80,110"
817,19:17,10,10,인천공항,4,"19,29,89,119"
817,19:17,2,2,수서,9,"11,21,31,41,51,61,91,101,103"
817,19:17,3,3,삼성,10,"22,32,36,42,50,62,70,81,102,112"
817,19:17,4,4,여의도,10,"3,8,13,23,73,83,93,97,98,113"
817,19:17,5,5,김포공항,14,"4,14,24,34,35,44,54,56,64,74,84,94,104,114"
817,19:17,6,6,일산,11,"5,15,30,40,43,45,55,85,95,105,115"
817,19:17,7,7,판교,8,"6,7,26,46,66,76,106,116"
817,19:17,8,8,동탄/용인,8,"17,37,47,57,77,87,107,117"
817,19:17,9,9,평택,4,"28,92,108,118"
818,19:18,1,1,서울역,4,"0,20,80,110"
818,19:18,10,10,인천공항,4,"19,29,89,119"
818,19:18,2,2,수서,9,"11,21,31,41,51,61,91,101,103"
818,19:18,3,3,삼성,8,"22,32,36,42,62,70,102,112"
818,19:18,4,4,여의도,10,"3,8,13,23,53,73,83,93,98,113"
818,19:18,5,5,김포공항,12,"4,14,24,34,44,54,64,74,84,94,104,114"
818,19:18,6,6,일산,12,"5,15,25,30,40,43,45,55,85,95,105,115"
818,19:18,7,7,판교,9,"6,7,16,26,46,66,76,106,116"
818,19:18,8,8,동탄/용인,8,"17,37,47,57,77,87,107,117"
818,19:18,9,9,평택,3,"28,108,118"
819,19:19,1,1,서울역,5,"0,20,80,100,110"
819,19:19,10,10,인천공항,4,"19,29,89,119"
819,19:19,2,2,수서,9,"11,21,31,41,51,61,71,91,101"
819,19:19,3,3,삼성,6,"22,32,42,62,102,112"
819,19:19,4,4,여의도,9,"3,13,23,53,73,83,93,98,113"
819,19:19,5,5,김포공항,12,"4,14,24,34,44,54,64,74,84,94,104,114"
819,19:19,6,6,일산,9,"5,15,25,45,55,85,95,105,115"
819,19:19,7,7,판교,8,"6,16,26,46,66,76,106,116"
819,19:19,8,8,동탄/용인,9,"17,27,37,47,57,77,87,107,117"
819,19:19,9,9,평택,4,"18,28,108,118"
820,19:20,1,1,서울역,5,"0,20,80,100,110"
820,19:20,10,10,인천공항,5,"19,29,89,109,119"
820,19:20,2,2,수서,9,"11,21,31,41,51,61,71,91,101"
820,19:20,3,3,삼성,7,"2,22,32,42,62,102,112"
820,19:20,4,4,여의도,9,"3,13,23,53,73,83,93,98,113"
820,19:20,5,5,김포공항,12,"4,14,24,34,44,54,64,74,84,94,104,114"
820,19:20,6,6,일산,11,"5,15,25,45,55,65,75,85,95,105,115"
820,19:20,7,7,판교,10,"6,16,26,46,66,76,86,96,106,116"
820,19:20,8,8,동탄/용인,9,"17,27,37,47,57,77,87,107,117"
820,19:20,9,9,평택,4,"18,28,108,118"
821,19:21,1,1,서울역,5,"0,20,80,100,110"
821,19:21,10,10,인천공항,5,"19,29,89,109,119"
821,19:21,2,2,수서,10,"11,21,31,41,51,61,71,81,91,101"
821,19:21,3,3,삼성,7,"2,22,32,42,62,102,112"
821,19:21,4,4,여의도,9,"3,13,23,53,73,83,93,98,113"
821,19:21,5,5,김포공항,12,"4,14,24,34,44,54,64,74,84,94,104,114"
821,19:21,6,6,일산,11,"5,15,25,45,55,65,75,85,95,105,115"
821,19:21,7,7,판교,10,"6,16,26,46,66,76,86,96,106,116"
821,19:21,8,8,동탄/용인,9,"17,27,37,47,57,77,87,107,117"
821,19:21,9,9,평택,4,"18,28,108,118"
822,19:22,1,1,서울역,5,"0,20,80,100,110"
822,19:22,10,10,인천공항,6,"19,29,59,89,109,119"
822,19:22,2,2,수서,11,"11,21,31,41,51,61,71,81,91,101,111"
822,19:22,3,3,삼성,7,"2,22,32,42,62,102,112"
822,19:22,4,4,여의도,9,"3,13,23,53,73,83,93,98,113"
822,19:22,5,5,김포공항,12,"4,14,24,34,44,54,64,74,84,94,104,114"
822,19:22,6,6,일산,11,"5,15,25,45,55,65,75,85,95,105,115"
822,19:22,7,7,판교,10,"6,16,26,46,66,76,86,96,106,116"
822,19:22,8,8,동탄/용인,10,"17,27,37,47,57,67,77,87,107,117"
822,19:22,9,9,평택,5,"18,28,58,108,118"
823,19:23,1,1,서울역,5,"0,20,80,100,110"
823,19:23,10,10,인천공항,6,"19,29,59,89,109,119"
823,19:23,2,2,수서,11,"11,21,31,41,51,61,71,81,91,101,111"
823,19:23,3,3,삼성,7,"2,22,32,42,62,102,112"
823,19:23,4,4,여의도,9,"3,13,23,53,73,83,93,98,113"
823,19:23,5,5,김포공항,12,"4,14,24,34,44,54,64,74,84,94,104,114"
823,19:23,6,6,일산,11,"5,15,25,45,55,65,75,85,95,105,115"
823,19:23,7,7,판교,10,"6,16,26,46,66,76,86,96,106,116"
823,19:23,8,8,동탄/용인,10,"17,27,37,47,57,67,77,87,107,117"
823,19:23,9,9,평택,5,"18,28,58,108,118"
824,19:24,1,1,서울역,8,"0,10,20,50,60,80,100,110"
824,19:24,10,10,인천공항,7,"19,29,39,59,89,109,119"
824,19:24,2,2,수서,11,"11,21,31,41,51,61,71,81,91,101,111"
824,19:24,3,3,삼성,9,"2,22,32,42,52,62,72,102,112"
824,19:24,4,4,여의도,11,"3,13,23,33,53,63,73,83,93,98,113"
824,19:24,5,5,김포공항,12,"4,14,24,34,44,54,64,74,84,94,104,114"
824,19:24,6,6,일산,11,"5,15,25,45,55,65,75,85,95,105,115"
824,19:24,7,7,판교,10,"6,16,26,46,66,76,86,96,106,116"
824,19:24,8,8,동탄/용인,10,"17,27,37,47,57,67,77,87,107,117"
824,19:24,9,9,평택,5,"18,28,58,108,118"
825,19:25,1,1,서울역,9,"0,10,20,50,60,70,80,100,110"
825,19:25,10,10,인천공항,7,"19,29,39,59,89,109,119"
825,19:25,2,2,수서,11,"11,21,31,41,51,61,71,81,91,101,111"
825,19:25,3,3,삼성,9,"2,22,32,42,52,62,72,102,112"
825,19:25,4,4,여의도,12,"3,13,23,33,53,63,73,83,93,98,103,113"
825,19:25,5,5,김포공항,12,"4,14,24,34,44,54,64,74,84,94,104,114"
825,19:25,6,6,일산,12,"5,15,25,35,45,55,65,75,85,95,105,115"
825,19:25,7,7,판교,10,"6,16,26,46,66,76,86,96,106,116"
825,19:25,8,8,동탄/용인,10,"17,27,37,47,57,67,77,87,107,117"
825,19:25,9,9,평택,7,"18,28,48,58,68,108,118"
826,19:26,1,1,서울역,11,"0,10,20,30,40,50,60,70,80,100,110"
826,19:26,10,10,인천공항,9,"19,29,39,49,59,79,89,109,119"
826,19:26,2,2,수서,12,"1,11,21,31,41,51,61,71,81,91,101,111"
826,19:26,3,3,삼성,9,"2,22,32,42,52,62,72,102,112"
826,19:26,4,4,여의도,13,"3,13,23,33,43,53,63,73,83,93,98,103,113"
826,19:26,5,5,김포공항,12,"4,14,24,34,44,54,64,74,84,94,104,114"
826,19:26,6,6,일산,12,"5,15,25,35,45,55,65,75,85,95,105,115"
826,19:26,7,7,판교,11,"6,16,26,36,46,66,76,86,96,106,116"
826,19:26,8,8,동탄/용인,11,"7,17,27,37,47,57,67,77,87,107,117"
826,19:26,9,9,평택,7,"18,28,48,58,68,108,118"
827,19:27,1,1,서울역,11,"0,10,20,30,40,50,60,70,80,100,110"
827,19:27,10,10,인천공항,10,"19,29,39,49,59,69,79,89,109,119"
827,19:27,2,2,수서,12,"1,11,21,31,41,51,61,71,81,91,101,111"
827,19:27,3,3,삼성,10,"2,12,22,32,42,52,62,72,102,112"
827,19:27,4,4,여의도,13,"3,13,23,33,43,53,63,73,83,93,98,103,113"
827,19:27,5,5,김포공항,12,"4,14,24,34,44,54,64,74,84,94,104,114"
827,19:27,6,6,일산,12,"5,15,25,35,45,55,65,75,85,95,105,115"
827,19:27,7,7,판교,11,"6,16,26,36,46,66,76,86,96,106,116"
827,19:27,8,8,동탄/용인,11,"7,17,27,37,47,57,67,77,87,107,117"
827,19:27,9,9,평택,8,"18,28,38,48,58,68,108,118"
828,19:28,1,1,서울역,11,"0,10,20,30,40,50,60,70,80,100,110"
828,19:28,10,10,인천공항,12,"9,19,29,39,49,59,69,79,89,99,109,119"
828,19:28,2,2,수서,12,"1,11,21,31,41,51,61,71,81,91,101,111"
828,19:28,3,3,삼성,10,"2,12,22,32,42,52,62,72,102,112"
828,19:28,4,4,여의도,12,"3,13,23,33,43,53,63,73,83,93,103,113"
828,19:28,5,5,김포공항,12,"4,14,24,34,44,54,64,74,84,94,104,114"
828,19:28,6,6,일산,12,"5,15,25,35,45,55,65,75,85,95,105,115"
828,19:28,7,7,판교,12,"6,16,26,36,46,56,66,76,86,96,106,116"
828,19:28,8,8,동탄/용인,11,"7,17,27,37,47,57,67,77,87,107,117"
828,19:28,9,9,평택,9,"18,28,38,48,58,68,78,108,118"
829,19:29,1,1,서울역,11,"0,10,20,30,40,50,60,70,80,100,110"
829,19:29,10,10,인천공항,12,"9,19,29,39,49,59,69,79,89,99,109,119"
829,19:29,2,2,수서,12,"1,11,21,31,41,51,61,71,81,91,101,111"
829,19:29,3,3,삼성,10,"2,12,22,32,42,52,62,72,102,112"
829,19:29,4,4,여의도,12,"3,13,23,33,43,53,63,73,83,93,103,113"
829,19:29,5,5,김포공항,12,"4,14,24,34,44,54,64,74,84,94,104,114"
829,19:29,6,6,일산,12,"5,15,25,35,45,55,65,75,85,95,105,115"
829,19:29,7,7,판교,12,"6,16,26,36,46,56,66,76,86,96,106,116"
829,19:29,8,8,동탄/용인,12,"7,17,27,37,47,57,67,77,87,97,107,117"
829,19:29,9,9,평택,9,"18,28,38,48,58,68,78,108,118"
830,19:30,1,1,서울역,11,"0,10,20,30,40,50,60,70,80,100,110"
830,19:30,10,10,인천공항,12,"9,19,29,39,49,59,69,79,89,99,109,119"
830,19:30,2,2,수서,12,"1,11,21,31,41,51,61,71,81,91,101,111"
830,19:30,3,3,삼성,10,"2,12,22,32,42,52,62,72,102,112"
830,19:30,4,4,여의도,12,"3,13,23,33,43,53,63,73,83,93,103,113"
830,19:30,5,5,김포공항,12,"4,14,24,34,44,54,64,74,84,94,104,114"
830,19:30,6,6,일산,12,"5,15,25,35,45,55,65,75,85,95,105,115"
830,19:30,7,7,판교,12,"6,16,26,36,46,56,66,76,86,96,106,116"
830,19:30,8,8,동탄/용인,12,"7,17,27,37,47,57,67,77,87,97,107,117"
830,19:30,9,9,평택,9,"18,28,38,48,58,68,78,108,118"
831,19:31,1,1,서울역,11,"0,10,20,30,40,50,60,70,80,100,110"
831,19:31,10,10,인천공항,12,"9,19,29,39,49,59,69,79,89,99,109,119"
831,19:31,2,2,수서,12,"1,11,21,31,41,51,61,71,81,91,101,111"
831,19:31,3,3,삼성,11,"2,12,22,32,42,52,62,72,82,102,112"
831,19:31,4,4,여의도,12,"3,13,23,33,43,53,63,73,83,93,103,113"
831,19:31,5,5,김포공항,12,"4,14,24,34,44,54,64,74,84,94,104,114"
831,19:31,6,6,일산,12,"5,15,25,35,45,55,65,75,85,95,105,115"
831,19:31,7,7,판교,12,"6,16,26,36,46,56,66,76,86,96,106,116"
831,19:31,8,8,동탄/용인,12,"7,17,27,37,47,57,67,77,87,97,107,117"
831,19:31,9,9,평택,9,"18,28,38,48,58,68,78,108,118"
832,19:32,1,1,서울역,11,"0,10,20,30,40,50,60,70,80,100,110"
832,19:32,10,10,인천공항,12,"9,19,29,39,49,59,69,79,89,99,109,119"
832,19:32,2,2,수서,12,"1,11,21,31,41,51,61,71,81,91,101,111"
832,19:32,3,3,삼성,11,"2,12,22,32,42,52,62,72,82,102,112"
832,19:32,4,4,여의도,12,"3,13,23,33,43,53,63,73,83,93,103,113"
832,19:32,5,5,김포공항,12,"4,14,24,34,44,54,64,74,84,94,104,114"
832,19:32,6,6,일산,12,"5,15,25,35,45,55,65,75,85,95,105,115"
832,19:32,7,7,판교,12,"6,16,26,36,46,56,66,76,86,96,106,116"
832,19:32,8,8,동탄/용인,12,"7,17,27,37,47,57,67,77,87,97,107,117"
832,19:32,9,9,평택,9,"18,28,38,48,58,68,78,108,118"
833,19:33,1,1,서울역,12,"0,10,20,30,40,50,60,70,80,90,100,110"
833,19:33,10,10,인천공항,12,"9,19,29,39,49,59,69,79,89,99,109,119"
833,19:33,2,2,수서,12,"1,11,21,31,41,51,61,71,81,91,101,111"
833,19:33,3,3,삼성,12,"2,12,22,32,42,52,62,72,82,92,102,112"
833,19:33,4,4,여의도,12,"3,13,23,33,43,53,63,73,83,93,103,113"
833,19:33,5,5,김포공항,12,"4,14,24,34,44,54,64,74,84,94,104,114"
833,19:33,6,6,일산,12,"5,15,25,35,45,55,65,75,85,95,105,115"
833,19:33,7,7,판교,12,"6,16,26,36,46,56,66,76,86,96,106,116"
833,19:33,8,8,동탄/용인,12,"7,17,27,37,47,57,67,77,87,97,107,117"
833,19:33,9,9,평택,10,"18,28,38,48,58,68,78,88,108,118"
834,19:34,1,1,서울역,12,"0,10,20,30,40,50,60,70,80,90,100,110"
834,19:34,10,10,인천공항,12,"9,19,29,39,49,59,69,79,89,99,109,119"
834,19:34,2,2,수서,12,"1,11,21,31,41,51,61,71,81,91,101,111"
834,19:34,3,3,삼성,12,"2,12,22,32,42,52,62,72,82,92,102,112"
834,19:34,4,4,여의도,12,"3,13,23,33,43,53,63,73,83,93,103,113"
834,19:34,5,5,김포공항,12,"4,14,24,34,44,54,64,74,84,94,104,114"
834,19:34,6,6,일산,12,"5,15,25,35,45,55,65,75,85,95,105,115"
834,19:34,7,7,판교,12,"6,16,26,36,46,56,66,76,86,96,106,116"
834,19:34,8,8,동탄/용인,12,"7,17,27,37,47,57,67,77,87,97,107,117"
834,19:34,9,9,평택,11,"8,18,28,38,48,58,68,78,88,108,118"
835,19:35,1,1,서울역,12,"0,10,20,30,40,50,60,70,80,90,100,110"
835,19:35,10,10,인천공항,12,"9,19,29,39,49,59,69,79,89,99,109,119"
835,19:35,2,2,수서,12,"1,11,21,31,41,51,61,71,81,91,101,111"
835,19:35,3,3,삼성,12,"2,12,22,32,42,52,62,72,82,92,102,112"
835,19:35,4,4,여의도,12,"3,13,23,33,43,53,63,73,83,93,103,113"
835,19:35,5,5,김포공항,12,"4,14,24,34,44,54,64,74,84,94,104,114"
835,19:35,6,6,일산,12,"5,15,25,35,45,55,65,75,85,95,105,115"
835,19:35,7,7,판교,12,"6,16,26,36,46,56,66,76,86,96,106,116"
835,19:35,8,8,동탄/용인,12,"7,17,27,37,47,57,67,77,87,97,107,117"
835,19:35,9,9,평택,11,"8,18,28,38,48,58,68,78,88,108,118"
836,19:36,1,1,서울역,12,"0,10,20,30,40,50,60,70,80,90,100,110"
836,19:36,10,10,인천공항,12,"9,19,29,39,49,59,69,79,89,99,109,119"
836,19:36,2,2,수서,12,"1,11,21,31,41,51,61,71,81,91,101,111"
836,19:36,3,3,삼성,12,"2,12,22,32,42,52,62,72,82,92,102,112"
836,19:36,4,4,여의도,12,"3,13,23,33,43,53,63,73,83,93,103,113"
836,19:36,5,5,김포공항,12,"4,14,24,34,44,54,64,74,84,94,104,114"
836,19:36,6,6,일산,12,"5,15,25,35,45,55,65,75,85,95,105,115"
836,19:36,7,7,판교,12,"6,16,26,36,46,56,66,76,86,96,106,116"
836,19:36,8,8,동탄/용인,12,"7,17,27,37,47,57,67,77,87,97,107,117"
836,19:36,9,9,평택,11,"8,18,28,38,48,58,68,78,88,108,118"
837,19:37,1,1,서울역,12,"0,10,20,30,40,50,60,70,80,90,100,110"
837,19:37,10,10,인천공항,12,"9,19,29,39,49,59,69,79,89,99,109,119"
837,19:37,2,2,수서,12,"1,11,21,31,41,51,61,71,81,91,101,111"
837,19:37,3,3,삼성,12,"2,12,22,32,42,52,62,72,82,92,102,112"
837,19:37,4,4,여의도,12,"3,13,23,33,43,53,63,73,83,93,103,113"
837,19:37,5,5,김포공항,12,"4,14,24,34,44,54,64,74,84,94,104,114"
837,19:37,6,6,일산,12,"5,15,25,35,45,55,65,75,85,95,105,115"
837,19:37,7,7,판교,12,"6,16,26,36,46,56,66,76,86,96,106,116"
837,19:37,8,8,동탄/용인,12,"7,17,27,37,47,57,67,77,87,97,107,117"
837,19:37,9,9,평택,11,"8,18,28,38,48,58,68,78,88,108,118"
838,19:38,1,1,서울역,12,"0,10,20,30,40,50,60,70,80,90,100,110"
838,19:38,10,10,인천공항,12,"9,19,29,39,49,59,69,79,89,99,109,119"
838,19:38,2,2,수서,12,"1,11,21,31,41,51,61,71,81,91,101,111"
838,19:38,3,3,삼성,12,"2,12,22,32,42,52,62,72,82,92,102,112"
838,19:38,4,4,여의도,12,"3,13,23,33,43,53,63,73,83,93,103,113"
838,19:38,5,5,김포공항,12,"4,14,24,34,44,54,64,74,84,94,104,114"
838,19:38,6,6,일산,12,"5,15,25,35,45,55,65,75,85,95,105,115"
838,19:38,7,7,판교,12,"6,16,26,36,46,56,66,76,86,96,106,116"
838,19:38,8,8,동탄/용인,12,"7,17,27,37,47,57,67,77,87,97,107,117"
838,19:38,9,9,평택,11,"8,18,28,38,48,58,68,78,88,108,118"
839,19:39,1,1,서울역,12,"0,10,20,30,40,50,60,70,80,90,100,110"
839,19:39,10,10,인천공항,12,"9,19,29,39,49,59,69,79,89,99,109,119"
839,19:39,2,2,수서,12,"1,11,21,31,41,51,61,71,81,91,101,111"
839,19:39,3,3,삼성,12,"2,12,22,32,42,52,62,72,82,92,102,112"
839,19:39,4,4,여의도,12,"3,13,23,33,43,53,63,73,83,93,103,113"
839,19:39,5,5,김포공항,12,"4,14,24,34,44,54,64,74,84,94,104,114"
839,19:39,6,6,일산,12,"5,15,25,35,45,55,65,75,85,95,105,115"
839,19:39,7,7,판교,12,"6,16,26,36,46,56,66,76,86,96,106,116"
839,19:39,8,8,동탄/용인,12,"7,17,27,37,47,57,67,77,87,97,107,117"
839,19:39,9,9,평택,11,"8,18,28,38,48,58,68,78,88,108,118"
840,19:40,1,1,서울역,12,"0,10,20,30,40,50,60,70,80,90,100,110"
840,19:40,10,10,인천공항,12,"9,19,29,39,49,59,69,79,89,99,109,119"
840,19:40,2,2,수서,12,"1,11,21,31,41,51,61,71,81,91,101,111"
840,19:40,3,3,삼성,12,"2,12,22,32,42,52,62,72,82,92,102,112"
840,19:40,4,4,여의도,12,"3,13,23,33,43,53,63,73,83,93,103,113"
840,19:40,5,5,김포공항,12,"4,14,24,34,44,54,64,74,84,94,104,114"
840,19:40,6,6,일산,12,"5,15,25,35,45,55,65,75,85,95,105,115"
840,19:40,7,7,판교,12,"6,16,26,36,46,56,66,76,86,96,106,116"
840,19:40,8,8,동탄/용인,12,"7,17,27,37,47,57,67,77,87,97,107,117"
840,19:40,9,9,평택,11,"8,18,28,38,48,58,68,78,88,108,118"
841,19:41,1,1,서울역,12,"0,10,20,30,40,50,60,70,80,90,100,110"
841,19:41,10,10,인천공항,12,"9,19,29,39,49,59,69,79,89,99,109,119"
841,19:41,2,2,수서,12,"1,11,21,31,41,51,61,71,81,91,101,111"
841,19:41,3,3,삼성,12,"2,12,22,32,42,52,62,72,82,92,102,112"
841,19:41,4,4,여의도,12,"3,13,23,33,43,53,63,73,83,93,103,113"
841,19:41,5,5,김포공항,12,"4,14,24,34,44,54,64,74,84,94,104,114"
841,19:41,6,6,일산,12,"5,15,25,35,45,55,65,75,85,95,105,115"
841,19:41,7,7,판교,12,"6,16,26,36,46,56,66,76,86,96,106,116"
841,19:41,8,8,동탄/용인,12,"7,17,27,37,47,57,67,77,87,97,107,117"
841,19:41,9,9,평택,11,"8,18,28,38,48,58,68,78,88,108,118"
842,19:42,1,1,서울역,12,"0,10,20,30,40,50,60,70,80,90,100,110"
842,19:42,10,10,인천공항,12,"9,19,29,39,49,59,69,79,89,99,109,119"
842,19:42,2,2,수서,12,"1,11,21,31,41,51,61,71,81,91,101,111"
842,19:42,3,3,삼성,12,"2,12,22,32,42,52,62,72,82,92,102,112"
842,19:42,4,4,여의도,12,"3,13,23,33,43,53,63,73,83,93,103,113"
842,19:42,5,5,김포공항,12,"4,14,24,34,44,54,64,74,84,94,104,114"
842,19:42,6,6,일산,12,"5,15,25,35,45,55,65,75,85,95,105,115"
842,19:42,7,7,판교,12,"6,16,26,36,46,56,66,76,86,96,106,116"
842,19:42,8,8,동탄/용인,12,"7,17,27,37,47,57,67,77,87,97,107,117"
842,19:42,9,9,평택,11,"8,18,28,38,48,58,68,78,88,108,118"
843,19:43,1,1,서울역,12,"0,10,20,30,40,50,60,70,80,90,100,110"
843,19:43,10,10,인천공항,12,"9,19,29,39,49,59,69,79,89,99,109,119"
843,19:43,2,2,수서,12,"1,11,21,31,41,51,61,71,81,91,101,111"
843,19:43,3,3,삼성,12,"2,12,22,32,42,52,62,72,82,92,102,112"
843,19:43,4,4,여의도,12,"3,13,23,33,43,53,63,73,83,93,103,113"
843,19:43,5,5,김포공항,12,"4,14,24,34,44,54,64,74,84,94,104,114"
843,19:43,6,6,일산,12,"5,15,25,35,45,55,65,75,85,95,105,115"
843,19:43,7,7,판교,12,"6,16,26,36,46,56,66,76,86,96,106,116"
843,19:43,8,8,동탄/용인,12,"7,17,27,37,47,57,67,77,87,97,107,117"
843,19:43,9,9,평택,12,"8,18,28,38,48,58,68,78,88,98,108,118"
